,000001.SZ,000002.SZ,000069.SZ,000157.SZ,000166.SZ,000338.SZ,000568.SZ,000625.SZ,000725.SZ,000768.SZ,000776.SZ,000858.SZ,000876.SZ,000963.SZ,002007.SZ,002027.SZ,002230.SZ,002241.SZ,002304.SZ,002460.SZ,002475.SZ,002555.SZ,002594.SZ,002714.SZ,002736.SZ,300033.SZ,300059.SZ,300122.SZ,600000.SH,600011.SH,600015.SH,600016.SH,600018.SH,600019.SH,600028.SH,600029.SH,600031.SH,600036.SH,600048.SH,600050.SH,600061.SH,600085.SH,600104.SH,600111.SH,600115.SH,600196.SH,600276.SH,600362.SH,600406.SH,600436.SH,600519.SH,600570.SH,600585.SH,600588.SH,600660.SH,600741.SH,600795.SH,600837.SH,600886.SH,600887.SH,600926.SH,601006.SH,601009.SH,601021.SH,601088.SH,601155.SH,601166.SH,601169.SH,601186.SH,601211.SH,601225.SH,601229.SH,601288.SH,601318.SH,601328.SH,601336.SH,601398.SH,601601.SH,601618.SH,601628.SH,601633.SH,601668.SH,601669.SH,601688.SH,601766.SH,601788.SH,601800.SH,601818.SH,601857.SH,601877.SH,601878.SH,601881.SH,601888.SH,601901.SH,601919.SH,601939.SH,601985.SH,601988.SH,601989.SH,601998.SH,603833.SH,603993.SH
000001.SZ,1.0,0.7252511726876225,0.6470088003148703,0.24423236332945708,0.577824940907664,0.6268790052794719,0.23571181256811735,0.5572697098362659,0.8212194129566582,-0.620599339300698,0.6319418965839764,0.413699842929371,0.6800343856853357,-0.4983711157774091,-0.6800695999531595,0.33183052544006014,-0.017679705861980567,-0.37433287655521225,0.3677140300848096,-0.603525779775313,-0.3634744647147543,-0.2915746049862471,-0.05757138565773742,0.5203566698208189,0.6487682749041138,0.31889662575162986,0.28329410916431447,0.4139708606059087,0.525434509070257,-0.18084363051057806,0.7025979375806721,0.7025853714157982,0.20793800473587498,0.2118837586234064,0.20079132929028862,-0.6529821343167149,-0.07589433539069322,0.806635146735533,0.8152891483032274,0.2670175825431737,0.5474811713582485,0.5869219934390405,0.36829425827845935,-0.5142781542286001,-0.6527847032858692,0.18637352610014205,0.5208347705163526,-0.674456712575804,-0.40502776940621593,0.6005794788240165,0.1383266737498959,0.12113858696933778,-0.17196260161379415,0.08602840401723129,-0.30682473805356797,-0.5275462112674986,0.34984448924661593,0.553205755935328,-0.6060605962834363,0.4711363492410725,0.6761363913911751,0.4073457405652497,0.6217025110470383,-0.6564819460575773,-0.03790711651118958,0.41337453976029986,0.6381393220384642,0.7230391491324714,0.5117795171550036,0.6290968618467448,0.08246221266481753,0.6732244053863606,0.7235683426300351,0.8823640720737936,0.6764526719500518,-0.09046432035783786,0.7323811764686766,0.6397765246620191,-0.40559123567058375,0.7988479408049622,-0.420188294155605,0.6472131145782839,0.579891518699448,0.6962974589729982,-0.020415100625855564,0.5040027950038516,0.5080788742163488,0.5918979317038958,0.5525638881241077,-0.5021514254284355,0.5633882800010518,0.5061684879442714,0.6621160930931896,0.45556655843529353,-0.4637498793443377,0.6656703999582005,0.4715745296611847,0.688654378879312,0.2642294504136173,0.7769113437337759,0.7531306482785491,0.7502702193644604
000002.SZ,0.7252511726876225,1.0,0.8124791791383474,0.4669318247664174,0.6268588612144593,0.7703886019893015,0.1489660595375832,0.660096329826128,0.6484667928829536,-0.5986371487594385,0.7019893418235843,0.3083560700296762,0.8249583149675687,-0.46040516379443625,-0.7758021517561896,0.3975758198745831,-0.13111973218316575,-0.4298943247755891,0.36079260063292756,-0.6266389580834708,-0.5145338202716582,-0.14079828626174565,-0.035139137395774796,0.775605024901993,0.6514922486423366,0.4385110939971748,0.38448195939931523,0.3624430211731014,0.4964989040833869,0.02665756849067553,0.6692490160182457,0.6889665103223949,0.36077381829768146,0.27374637125985185,0.31736686516309204,-0.6127778717101326,0.23120230098644304,0.6751218493354677,0.9314429119033037,0.40730838561589594,0.6108441788288167,0.714521574465686,0.4238568831328105,-0.46010285447960747,-0.524575583771863,0.1393601002666702,0.5938264418874625,-0.5099896046248141,-0.3386700977442079,0.6522631548514289,0.21692678114638989,0.12504154318464025,0.09892622743206907,0.17979300520889227,-0.36475108774112436,-0.40425828377160483,0.5499652946336374,0.6172731553902534,-0.6108716483718369,0.5396215769453211,0.6367864267017935,0.5843668946068704,0.608704528221924,-0.6321434157075576,0.1952854305490842,0.6856983169291353,0.5440188305633702,0.6644970080515983,0.5644686541194569,0.6522430883196138,0.31195902360021915,0.648654054514013,0.6601367177235137,0.679977120868725,0.6468884571328146,-0.4047075988051858,0.6756513389681612,0.3255304533292985,-0.42631812706364997,0.6202558498681748,-0.11514047857455502,0.678965166937091,0.5480244924015962,0.7795018390985836,-0.06034659153624563,0.5568074885264399,0.5530504386289347,0.5691728961960091,0.5854545276570801,-0.5118261950357742,0.5213886433831348,0.539923554988501,0.7579941473071664,0.4706827789734476,-0.2366687908052205,0.6240764461377958,0.5169098646160585,0.6275563843503981,0.3310138911801335,0.6722819530971812,0.8427508008593402,0.7721913355971152
000069.SZ,0.6470088003148703,0.8124791791383474,1.0,0.4031295715379987,0.74649259858115,0.6927232783447851,-0.20587788203214405,0.6514616285055027,0.558375574433608,-0.46128302638131186,0.8552874626396458,0.046916697818664505,0.892329640249323,-0.5657840512818822,-0.7624682544421315,0.6071010824192397,-0.37735087071804346,-0.6147015081375821,0.22313797589657913,-0.7133161189470711,-0.516143588111143,0.16942032342810973,-0.1540001502081085,0.6836214684699874,0.7728980248905897,0.6780529818779408,0.6699535047730641,0.03717170316611007,0.6645003940119717,0.2891553043653102,0.8333457866399033,0.8272180850201872,0.556204628989912,0.6273188055704096,0.5000268410322853,-0.2977712098514114,0.16809658193424917,0.8087025170478074,0.8463127334171846,0.6777761944793975,0.7494475382776228,0.8258838199834853,0.6668609400611674,-0.5342542149095536,-0.23322334784347995,-0.21811252221705715,0.5803226680867144,-0.3886279809336879,-0.24446275849464374,0.61209517948056,0.06918793051096873,0.23985472623102844,0.37624054412887636,0.3634263123132777,-0.5998758361298829,-0.3552336766388557,0.6400161370207457,0.8099317346977936,-0.5245896513365532,0.3244462559264086,0.7966974902650875,0.6911395568056585,0.8109233361009021,-0.5087912950941766,0.49224880445855995,0.7951492580756011,0.7242551546217052,0.8052626234500342,0.7206473774009213,0.8119701377564588,0.569425444251938,0.8326984893493098,0.8062288491577448,0.5418000394289825,0.8132460512844815,-0.5639186651178371,0.8254836526070916,0.06418388827044998,-0.34088420822316734,0.4261147731238908,-0.022069467473208922,0.8263771350735533,0.5119595028706296,0.7667352537137312,-0.2150518305829597,0.8066297586991702,0.7429116679499449,0.7931198720722957,0.7642682008476905,-0.5588947241325714,0.6344653963932694,0.7260773797132168,0.7374182991357388,0.5963351369558068,0.010540125680142294,0.8057967429459182,0.6965556007783252,0.8020293163812809,0.5682480761826486,0.7978446407445979,0.7245792527989546,0.6229448766904572
000157.SZ,0.24423236332945708,0.4669318247664174,0.4031295715379987,1.0,0.45221893105264077,0.5258482681086384,0.14840096630974006,0.7164298300643518,0.2643605448055376,0.0005862380339246853,0.3509456697380211,0.12575100269609116,0.3013469255780067,0.07218159714251504,-0.19830015482818744,0.2537234638651746,-0.19284102576225037,0.10485240773950467,0.26426851087336195,-0.06501467773404429,0.1507007328300626,0.014433024953902552,0.3167880048149913,0.5176891820441109,0.3933311544933387,0.2816814857673721,0.18063510793982004,0.2452898271609303,0.16673280158745463,-0.04431796716625112,0.2645140160509785,0.34012396311930115,0.20103635540355613,0.16301908864227696,0.10378691816523168,-0.185694325629001,0.7738287441276482,0.1951811269204129,0.38459547945742173,0.43322540457209513,0.5351739043467609,0.5628662236653145,0.2143522055539242,0.2924737993204411,-0.0949300479408638,0.15754078070359034,0.35317120077486175,-0.06128270529754939,0.13652242239094528,0.3127140976106708,0.24014758239116485,-0.04437586497276347,0.27777074337440616,-0.21574872727122196,0.24957682511549995,0.18886468357361844,0.5427362062619131,0.45475346299531183,0.007562752708043787,0.34264012449447806,0.35552432671080864,0.5490895620347156,0.10031483757448863,-0.03848654679449206,0.30097975667015764,0.1759148868621522,0.060718969046431814,0.3168262727805187,0.4733525686195455,0.4527798680016253,0.2960769681285106,0.20099709009039277,0.16451782599810694,0.14236100119038186,0.2547090426801362,-0.24626977937052663,0.18252458600972712,-0.023660999963459346,0.13040513207112223,0.09726071607522528,0.3544709785937185,0.39824855157772515,0.58102050391536,0.53400453778683,0.37446206366821816,0.37941371556694065,0.4286841877098555,0.2187008457592291,0.2319270344158827,0.0009451544361433383,0.4378094570807622,0.3104746062221164,0.13772711490553521,0.6096150880082153,0.17753191658787404,0.2026728489246918,0.3622791219054671,0.22562645717696836,0.39049321609214444,0.18597111143047115,0.1643380677228943,0.3275944316732142
000166.SZ,0.577824940907664,0.6268588612144593,0.74649259858115,0.45221893105264077,1.0,0.644108302819068,-0.2656433584978739,0.7631604746286592,0.4806461145683923,-0.38554009175355985,0.9098212425574591,-0.031229278353659278,0.6857857181181143,-0.5210360819416152,-0.5296661723549,0.6006726075313482,-0.40370430131507673,-0.3575425981286345,0.02581617879872586,-0.5830652016960512,-0.28145329773281635,0.23695052968940356,-0.0788658108837836,0.4427798410541341,0.9343324733924412,0.7833067019616249,0.7708888385927848,0.058004302117531,0.6645316677589553,0.46200818072315003,0.860481021482471,0.8291093069507278,0.5613168666418491,0.6733223841938621,0.32201254239665483,-0.319181873032334,0.1803078765975632,0.7440933898387573,0.5838279887543891,0.7931029343379151,0.9742990411817551,0.7747424618751726,0.44705345709965055,-0.3179478213053342,-0.253806028290996,-0.2683012063020292,0.415423025584786,-0.3387937078583869,0.06851115160574427,0.3971813575993031,-0.09239391162944437,0.20312368904099318,0.3121244413637256,0.2266456097647229,-0.39769958378129555,-0.26609067357429245,0.8645258782410123,0.9375700357145269,-0.27690830914791703,0.17702842114415207,0.8972164646007466,0.6481415619649631,0.7808478560634787,-0.39095794033860215,0.4366275662943366,0.6783659262064045,0.6558628199773261,0.9016691830501689,0.8625358314891889,0.9489266237325141,0.5565782909922468,0.8432488319717094,0.7607945776166026,0.4179723109669687,0.8306151242229464,-0.579937832243692,0.7872297639422846,-0.04092304004500862,-0.071262612570466,0.2937543060276256,0.05049151354513446,0.8459200878563148,0.7438234006652,0.7961191729874476,0.03382422508439437,0.9326158696778877,0.8490752505738574,0.8106461893078265,0.7401279590942907,-0.27792591161968766,0.9076705797795123,0.9065576980020249,0.5128115844123692,0.8973232293151105,0.19178730085745496,0.8124448848823539,0.820112838503512,0.7967981890519695,0.7611087309403048,0.6921312810153624,0.5488122441614722,0.5078388680002538
000338.SZ,0.6268790052794719,0.7703886019893015,0.6927232783447851,0.5258482681086384,0.644108302819068,1.0,0.016971733208733554,0.772703552796849,0.5946790917996392,-0.5045038905591187,0.6996885603905011,0.17753814584037594,0.8066011765577076,-0.32563989297250057,-0.5384073396289478,0.40996392769360956,-0.267925424175631,-0.3853429326125024,0.3483631973955756,-0.5364238135830205,-0.33412711545585466,-0.10156987193711646,-0.02910947457967282,0.8130189254085431,0.6398149315343513,0.4624832120106365,0.3812930295378334,0.29522290320556793,0.4453605576692004,0.03791170829066005,0.6154524915972593,0.6259941285297429,0.28370942418726347,0.36316379830530415,0.24936842839637674,-0.45992324619269326,0.27124767841151026,0.6185063362725057,0.7856851227068788,0.4457278568690905,0.6432887337549897,0.7751858417055911,0.4444796980201094,-0.1680683178663854,-0.431666683980155,0.0038617032595592202,0.5398326556858412,-0.36554726994935854,-0.23740140428308942,0.6184895883302426,0.15367988310628017,0.0836044314887181,0.24412050128704163,0.025831497802504867,-0.2714195451854078,-0.2412354024661467,0.5679106245917244,0.6541161551303648,-0.41591340275830263,0.4387918821408587,0.6309708542558575,0.6845519027122261,0.5601043179962392,-0.46699463874091357,0.3659600116285884,0.5299824543056256,0.5158629216479048,0.6122062500011344,0.6144492360194199,0.6757536109713929,0.4415384964906233,0.6144872734530509,0.6140994638760889,0.5852328666457771,0.5936853559381366,-0.3470077833157728,0.6378494900617605,0.20078866055580505,-0.2325784487799596,0.4685307265951837,0.054563725773467665,0.6743551044415281,0.6057421173521027,0.7942802623338053,0.024129466164804842,0.5847824948959931,0.5916788577053814,0.5483259100653618,0.49406293602402057,-0.4591743363134899,0.619166375370018,0.5921886191883692,0.6877252088048608,0.5657902533575045,-0.1363189781206822,0.5925932181746822,0.5532772571996386,0.5993671993217847,0.3424982412002002,0.6154719205277251,0.6790072801497465,0.674051636793028
000568.SZ,0.23571181256811735,0.1489660595375832,-0.20587788203214405,0.14840096630974006,-0.2656433584978739,0.016971733208733554,1.0,-0.009050400109696096,0.32953326188978105,-0.11514309382841457,-0.23909939240167843,0.8286760092737796,-0.13541565734803845,0.3135617403834082,0.041028790064782016,-0.3031345203848093,0.506443599818319,0.29746057129766473,0.5646982090756409,0.14384785939437694,0.12535174837668805,-0.5344119517163831,0.3542380047468196,0.1491676602151219,-0.22252824138993268,-0.42420641866034786,-0.5151880795819015,0.658492641775656,-0.20358683864320473,-0.569866178994456,-0.19578881772241305,-0.10109587289027411,-0.3237939406468882,-0.5386766352780004,0.003659743800149972,-0.3280905298074777,0.06256189319716814,-0.06180380975582813,0.125374526672879,-0.49412872541819725,-0.2654183452084225,-0.1632436176423163,-0.13657859077963538,0.07590599847603292,-0.3830001960420308,0.7511291899138418,0.27524206205348495,-0.16770202283972221,-0.39780921363335064,0.2261447725961531,0.6629435513891989,-0.1635741679779128,-0.5345036813604892,-0.34611434536200375,0.4812870278848773,0.14495503991224293,-0.307122246190849,-0.3311464633575703,-0.21258376177298252,0.6636899409948581,-0.2341531374554406,-0.029707009211963325,-0.29452460476000136,-0.2434208625736031,-0.4213505156625534,-0.25562654648936367,-0.1147637691413486,-0.20613118974671776,-0.3013883983515564,-0.2612302444109686,-0.4949419984637198,-0.24065915877386315,-0.25565789596684935,0.4026740952180053,-0.19040126929357204,0.47339372220028175,-0.2195218227124606,0.5473527314932233,-0.34002311298743254,0.4533511399402184,-0.18956250722777282,-0.2004029266375139,0.03392697016893054,0.08638882972185132,0.14228285234833973,-0.3882010396064958,-0.34777503205511384,-0.30315652986450753,-0.17948952119556016,-0.09407249729988765,-0.25939130282480094,-0.42099062968283335,-0.0061653784003657215,-0.24841434197215062,-0.5291714434558018,-0.29108534384987467,-0.41952191659440774,-0.20531076359688083,-0.4102887265109423,-0.052619951736826105,0.1036267142050843,0.1695759912384767
000625.SZ,0.5572697098362659,0.660096329826128,0.6514616285055027,0.7164298300643518,0.7631604746286592,0.772703552796849,-0.009050400109696096,1.0,0.5599936641366532,-0.42168583907886764,0.6708594483040894,0.1590485083108101,0.6293106616084585,-0.2613987876179063,-0.5072521827763734,0.3914825312517072,-0.2510661744171036,-0.24467837601719275,0.2987295537107483,-0.43018255624573554,-0.18483070611713426,-0.07596470674531226,0.18664131009584714,0.7200651075105583,0.713012217392697,0.5110122544603611,0.40893091580596996,0.23203635098899186,0.3646738106753707,0.1462031970036564,0.6001691636584928,0.6155392937232279,0.2643121995329636,0.4021074847494725,0.1557453139698907,-0.3952712834546763,0.3467901108657698,0.5717118769482591,0.6354036302526476,0.5388054571528783,0.7902272085628507,0.7424126445835499,0.40506216462560646,-0.049493037854210824,-0.3339502240742429,-0.04255123668563376,0.4431883745216069,-0.3314335516945602,-0.014852601696451355,0.5465315563602732,0.17162869010637327,0.11954866132811053,0.3046089643848416,0.03900195896755968,-0.14877961974794296,-0.1667331962441195,0.735123222844285,0.7078770096566239,-0.3095678976110039,0.38171455701517476,0.6794016841429227,0.754917737284475,0.5086443381172758,-0.37628165764379307,0.4285048792979927,0.4427591016096792,0.4276229885801663,0.6333886070821686,0.6368204867325301,0.7295830138421416,0.5115053099648014,0.5965368939916783,0.5252465770873344,0.4470583619023825,0.568179697585986,-0.4332827258392515,0.5635423895665702,0.11438670027850506,-0.13332472396702097,0.3193014204786147,0.14220422143139888,0.6879251794956129,0.703869280347139,0.7731977862750824,0.09703181137462169,0.6726784086516074,0.6437780822502165,0.5443074712400915,0.5122865920607848,-0.3254586279557459,0.7540855365296321,0.6457502951439468,0.4881694797021305,0.7600207639387656,-0.011233537511777117,0.5428401512486554,0.5396571823193307,0.5544994941024929,0.46479722082399366,0.5803221531273386,0.48600578194387095,0.6278534082394495
000725.SZ,0.8212194129566582,0.6484667928829536,0.558375574433608,0.2643605448055376,0.4806461145683923,0.5946790917996392,0.32953326188978105,0.5599936641366532,1.0,-0.6184892966142947,0.5482222765176218,0.5351977138505606,0.5692727654748305,-0.3859960609008435,-0.6523851052926449,0.24937149882264464,0.04318197765515123,-0.40675746995334494,0.5888148755121277,-0.5730015450149002,-0.39424974148961134,-0.2876654547141784,0.08014685600125006,0.6436474496196414,0.5331938066715548,0.286329526065988,0.20420246666855224,0.6304355035596424,0.42559106500639304,-0.18784057651654462,0.6076381873269187,0.614318011328934,0.06607147871726098,0.1260569567850087,0.20063945598837285,-0.6514418080007063,-0.0883140463986548,0.6863222974673793,0.7142360150787489,0.1616890026180981,0.4509274332699571,0.5236181451954663,0.4009478013314481,-0.30563890816957867,-0.6342757989281343,0.283774065932915,0.7267219694299567,-0.5822877505779605,-0.3943543563000847,0.7871780547044142,0.3522422236355238,0.2677121751355586,-0.17037394477152126,0.11948371506684935,-0.25514202861845287,-0.5117217363728751,0.2462151892649608,0.46942560126366306,-0.5483214984962165,0.5535164714753175,0.5356719954347754,0.5129591737706867,0.5369080883531844,-0.6371824950166554,0.0315374303851283,0.4119106123355339,0.5747009375993668,0.5875801889627039,0.3895409772763833,0.5417939114561422,0.12303552495013531,0.5554671655567375,0.5796612071209296,0.7992474299910571,0.5481575936114139,-0.19109549351914315,0.5532193532347972,0.492094071126206,-0.5210946259233292,0.6994976262403497,-0.3797263549624796,0.5321586319345463,0.4601060277607701,0.6841461698559566,-0.15858974145789748,0.4222876040542422,0.37991982738742824,0.4863224022694945,0.5054317232554525,-0.5731947474388844,0.44647871481105134,0.41865915989001024,0.5746102908367641,0.38389200086729475,-0.4120902618133809,0.5100383607216171,0.3143591080881491,0.5573062956458582,0.2688229446738481,0.7067468526824654,0.6369298552326852,0.7096549082568274
000768.SZ,-0.620599339300698,-0.5986371487594385,-0.46128302638131186,0.0005862380339246853,-0.38554009175355985,-0.5045038905591187,-0.11514309382841457,-0.42168583907886764,-0.6184892966142947,1.0,-0.4790160587439971,-0.2338763137882548,-0.5706506649533921,0.6319330469873267,0.6938108054542481,-0.14155693697281635,0.14881993961827034,0.5714778263876712,-0.23089169844621424,0.7708576873079022,0.6588216483905576,0.5184608130167533,0.30282547118833,-0.5377590612610877,-0.4736608503471042,-0.19485657265005382,-0.1418875433528008,-0.3316582489169983,-0.33307035213844155,0.0969230887094941,-0.48311567462852917,-0.4527101556251103,-0.12430115401533652,-0.2109163085014272,-0.04126989663819136,0.6210719894802356,0.2218453365154862,-0.5520285443574472,-0.6270796698233542,-0.05751084584317045,-0.3344271095171219,-0.4085585711466673,-0.07948642835760483,0.6180104437032767,0.604098504588325,0.020673639196088996,-0.3262267407038513,0.6525933848892519,0.6154186788232676,-0.510526511410071,-0.0068662534504325716,-0.024003453032097593,0.03271559542583489,-0.053282224417406425,0.5316151253531993,0.7037816953394801,-0.22190537323040674,-0.31883267224216955,0.6991170462125033,-0.29394327676865134,-0.4929438705702902,-0.30324862969347627,-0.5388395550840591,0.7661357544973951,-0.013868014058775302,-0.4079687588650808,-0.5075443801697586,-0.47474839140583786,-0.3297258523051428,-0.3911315450417842,-0.18604536323070428,-0.5473574846518444,-0.5721769369083788,-0.680069233005098,-0.4788125075270156,0.17696114644834157,-0.5394979816096297,-0.4332883200283147,0.5284926697474038,-0.5872419437768523,0.3503400101574999,-0.49856437997360487,-0.35183712751784135,-0.49391437684210504,0.3268610212324744,-0.3069457162138022,-0.39586285246971603,-0.3808530540174963,-0.3369002249522952,0.5027729090763142,-0.3377875502787093,-0.4152228481576845,-0.6404988307109556,-0.17853304574993314,0.4653857975779551,-0.4879232905770153,-0.2539657703549137,-0.5080242675900705,0.009610661328914527,-0.6120168799814824,-0.6894128196439198,-0.5787438154392107
000776.SZ,0.6319418965839764,0.7019893418235843,0.8552874626396458,0.3509456697380211,0.9098212425574591,0.6996885603905011,-0.23909939240167843,0.6708594483040894,0.5482222765176218,-0.4790160587439971,1.0,0.04319186335196303,0.8134262263746961,-0.582271967239834,-0.6377348084714833,0.6665168329139617,-0.40520891731924324,-0.5349962918399257,0.13843431316225366,-0.7146590830881285,-0.48308127605398415,0.2951792202310257,-0.1451487118491065,0.5727520779010159,0.8938826812836723,0.8031289593435749,0.816646718337041,0.08634731972687514,0.812284027229406,0.3904067733970176,0.9300881039421315,0.9296765152711126,0.5716743061129058,0.7124890154789179,0.5024721421325941,-0.3121833809917664,0.13789866695351186,0.8609559671076434,0.6907420956335607,0.7878732620890475,0.8729575606680604,0.8139173388464798,0.6143374396005951,-0.4510399777918403,-0.24748480526727842,-0.28861485725218133,0.543737642180531,-0.34406740544749154,-0.1546863293731373,0.5364058682016791,0.03049233181942092,0.3270651608322667,0.3447555526224721,0.39961911329739386,-0.5524003305662318,-0.2956672011850359,0.7699447742811754,0.9606083265956876,-0.4335153153651774,0.25140361927757604,0.8621814941856947,0.6811665114379983,0.8914747620274907,-0.5119790027259886,0.5069029725673395,0.8246546503233597,0.8136332286307338,0.926405945565396,0.8670848551281342,0.9531382520643702,0.6165078635911643,0.8792070657147049,0.8557823972211306,0.5083549009397483,0.9001299537446598,-0.6053375793159225,0.873623620343578,-0.03331456065010938,-0.2150738777583726,0.3621498617520396,-0.004949530368839485,0.8874059359933254,0.650271365751926,0.882224082629055,-0.12128937182961379,0.9343127577872846,0.841325404855873,0.8756738116272728,0.8211754810284364,-0.44896059902102325,0.7648694673207537,0.8464224641454203,0.668124486416393,0.7576206211005969,0.13475704387032525,0.8787921582694355,0.8308448845933558,0.8796335061457515,0.7207689504567064,0.8043623925144626,0.6748011696785499,0.5540228179330654
000858.SZ,0.413699842929371,0.3083560700296762,0.046916697818664505,0.12575100269609116,-0.031229278353659278,0.17753814584037594,0.8286760092737796,0.1590485083108101,0.5351977138505606,-0.2338763137882548,0.04319186335196303,1.0,0.09381954099851082,0.16376179042315028,-0.19659755935273024,-0.0505896154246672,0.44506698419519936,0.10524290883654382,0.7552381110108418,-0.13034916135674504,-0.048029134694661635,-0.3824967445179444,0.4401113053250567,0.30769839740484917,0.04079276205731016,-0.08568100770075326,-0.17472112585357943,0.7500396776424312,0.05953460196799178,-0.43013997097203327,0.131664143843539,0.20125858723832477,-0.25777700467081016,-0.2792126410632721,0.1665195305856528,-0.37041334234463674,-0.09452166392919657,0.29355275124861707,0.3192373130718944,-0.2536973999580887,-0.08417274451696492,0.12092401509135355,0.23362493597063846,-0.07989412918238581,-0.4459005169324699,0.6043226802275726,0.5429737254598819,-0.2571571128437188,-0.4663856353421572,0.5092813438693219,0.8271496645362144,0.1648550196517181,-0.4709700761161135,-0.0067188478644557015,0.3154460644155634,0.0017227926812771743,-0.1452164505146216,-0.06916089984879495,-0.42051971052858145,0.7347135276531036,-0.01767308746796818,0.22861497747562298,0.0855025477748651,-0.4413865412049596,-0.20016647967980952,0.0757572073618132,0.19319300089979086,0.08620312106289706,-0.09059898126625672,0.0027966011509689137,-0.2688038359066707,0.03308809086637595,0.0937393041371024,0.5694251157392696,0.10031555287485021,0.19335337811735379,0.08115835356220773,0.48120792818704666,-0.5572804545249489,0.5000689153722814,-0.34267888527178814,0.08998027334569987,0.14943202401321343,0.3066356866761701,-0.0725641599248083,-0.1211682340544364,-0.10436677703117574,0.01752288995408337,0.11321004771502219,-0.3328973692588028,-0.08783868414679276,-0.13506304599176885,0.1956819195861422,-0.11609403388489997,-0.5073492480230972,0.06801901210006527,-0.1755479854914985,0.0916412458182258,-0.14583269867214432,0.2352425914928117,0.3073261084044403,0.3513565081091396
000876.SZ,0.6800343856853357,0.8249583149675687,0.892329640249323,0.3013469255780067,0.6857857181181143,0.8066011765577076,-0.13541565734803845,0.6293106616084585,0.5692727654748305,-0.5706506649533921,0.8134262263746961,0.09381954099851082,1.0,-0.583409511717414,-0.7503867869280012,0.46225665472549976,-0.3129075869096715,-0.5956372953376573,0.22350192023029192,-0.7172374832111585,-0.5602510347300854,0.017246251731775557,-0.2767754624818221,0.7250593102661109,0.7083448211814384,0.5350365053737193,0.5535738262641542,0.14505339934955094,0.6019799450352302,0.1812456325680223,0.7597855875691492,0.7617233154328856,0.4331349098207164,0.5380582017761264,0.3963038139557296,-0.36550675546842665,0.08717538195892056,0.7515200068543068,0.8683432843949256,0.5592382482015177,0.6676767079628917,0.7935054720647937,0.5778357595827105,-0.5713175362852776,-0.3198514956945842,-0.16817924678626595,0.5332728112136312,-0.4558852104247721,-0.38989038318885827,0.621003054617074,0.0492278615251067,0.17441597106778942,0.310171578267268,0.24828811822502375,-0.5604306964974289,-0.4430797432431615,0.5676564859318535,0.7265346351810579,-0.5976774223306313,0.3377003025029099,0.741797775505883,0.5867347006932503,0.7897100042782851,-0.5690031845715661,0.405173616613364,0.7429917979229902,0.7079592182290728,0.7277784115970095,0.6631634693965561,0.7224204544055716,0.4983326047290321,0.8278268273344467,0.8012006133238465,0.5922512545388529,0.7392493301899732,-0.4915754418604285,0.7892959462670306,0.14017131926734533,-0.38111306477604917,0.5123654626373113,-0.09734016775374339,0.7753944922311301,0.5097110112996177,0.7666300223426566,-0.20965989811553384,0.6970593343226158,0.690290607522177,0.6980692872197808,0.6444725892944471,-0.555909190371844,0.5833690228264172,0.6408736102509405,0.7969432649299703,0.48124501681808285,-0.11918566827982657,0.7817094803187602,0.6644923675759591,0.7332319723763061,0.39963426114157113,0.7550153005465047,0.7673703692339057,0.7035504686155294
000963.SZ,-0.4983711157774091,-0.46040516379443625,-0.5657840512818822,0.07218159714251504,-0.5210360819416152,-0.32563989297250057,0.3135617403834082,-0.2613987876179063,-0.3859960609008435,0.6319330469873267,-0.582271967239834,0.16376179042315028,-0.583409511717414,1.0,0.6331210599304097,-0.21600452956975028,0.2308262946468157,0.509771671789566,0.1919081758518205,0.7538175929980507,0.5875466643810454,0.0653323130167333,0.5948435775063871,-0.23415054985907532,-0.5901861513894479,-0.3694274563663849,-0.4376914725320938,-0.07414171884831543,-0.5591904797835221,-0.12885162258362462,-0.5771607077142106,-0.5377349012086335,-0.3610204826383152,-0.4659778709191699,-0.1415140956846013,0.32569085124621844,0.16338305859297178,-0.5240063203829667,-0.4870939350867682,-0.40669030581471904,-0.4608294216584869,-0.3620320616315535,-0.14125441961563992,0.6815728243166858,0.2793071728944874,0.2935360560489773,-0.07067016810909153,0.4751616938906631,0.37644678294285194,-0.23509370325186882,0.37967467252405385,-0.010130537571939513,-0.11562054892829815,-0.1823818309804273,0.6516410708501796,0.6783710418196046,-0.43792681835304276,-0.48716275910671153,0.5333038889142626,0.1712179054070148,-0.5503610102121533,-0.17726007143308264,-0.668402890274153,0.5224376612650551,-0.034251111085484905,-0.5523175047682999,-0.5683394783704506,-0.5926184204261913,-0.4503511220384462,-0.4772224610396856,-0.25288765170281713,-0.6256108346594493,-0.6621128281970764,-0.41929548383197474,-0.5575175483639235,0.2540880196278655,-0.5533702577839074,-0.16035485140347946,0.2658180487646139,-0.4238525277189442,0.2741651087336534,-0.531394897359185,-0.3478382942328708,-0.415855149473358,0.2618057451354177,-0.4811276898284073,-0.5219104078515066,-0.5009677838832194,-0.39399851003291947,0.37846310754974494,-0.42353630774336465,-0.5109293351772195,-0.39621296548915996,-0.28006432443886803,0.20774854105603888,-0.6001933256384907,-0.49000940627842465,-0.5557947037886858,-0.25183411003914213,-0.5749767946790799,-0.5043813043854786,-0.3797732836756919
002007.SZ,-0.6800695999531595,-0.7758021517561896,-0.7624682544421315,-0.19830015482818744,-0.5296661723549,-0.5384073396289478,0.041028790064782016,-0.5072521827763734,-0.6523851052926449,0.6938108054542481,-0.6377348084714833,-0.19659755935273024,-0.7503867869280012,0.6331210599304097,1.0,-0.3931894923554437,0.16488359354766005,0.6904786604019609,-0.28641971960591556,0.7599943885904551,0.6747259874832433,0.20556188433535405,0.17135580485885363,-0.660486681797726,-0.6399231339165637,-0.430698349974264,-0.41135206125407536,-0.227328777194607,-0.49089867981893137,-0.029500526689634706,-0.6728982401226614,-0.6550174963456384,-0.2685693774415741,-0.40129101356351754,-0.20286598461801267,0.5042346446370845,0.07517658028909056,-0.7100694385814953,-0.8009677524866051,-0.3729403698906197,-0.5043027939689345,-0.5914953240950661,-0.44933870031130857,0.6060691515436142,0.4498368289310019,0.08754199537282929,-0.5126932200428106,0.6296337554789103,0.4294378474224856,-0.6397679667608104,-0.07677465190920002,-0.22768395369190522,-0.09870340535988509,-0.3132997002213562,0.6357540771677844,0.5471724022477241,-0.3984179621178691,-0.5451370119910669,0.6908457299496299,-0.3788605031101768,-0.6319398184206874,-0.4741512871806739,-0.7079316400824548,0.6062756716795049,-0.18211517036233435,-0.6289285377636434,-0.6186927583387921,-0.6189531836853293,-0.49867288993201714,-0.5839770602218114,-0.31436732247611804,-0.6570668368000564,-0.7190591201323279,-0.6606664007878164,-0.6851930475437382,0.4346920462084511,-0.6851274298894349,-0.27179360436150785,0.5025700348769965,-0.5363218791385427,0.2622582495574041,-0.6771392447897829,-0.4325852681417716,-0.633274284779677,0.34660509245855176,-0.5377288582066325,-0.551568661353799,-0.6347067666832058,-0.5413252237748725,0.5569668134363083,-0.4524172615864057,-0.5303683583750172,-0.6995187745376755,-0.3521011377157141,0.3588586654408347,-0.6784282883669338,-0.5198916553028065,-0.6918402030841985,-0.31918684027960637,-0.7962071405325094,-0.7493243662858146,-0.7289776139644747
002027.SZ,0.33183052544006014,0.3975758198745831,0.6071010824192397,0.2537234638651746,0.6006726075313482,0.40996392769360956,-0.3031345203848093,0.3914825312517072,0.24937149882264464,-0.14155693697281635,0.6665168329139617,-0.0505896154246672,0.46225665472549976,-0.21600452956975028,-0.3931894923554437,1.0,-0.37286849193856203,-0.4130666140320414,0.1187679332534841,-0.4750420864538938,-0.3266890695288924,0.4309040022547211,0.22922420522015083,0.32696366232901664,0.5932718693309033,0.8373221152602109,0.7961835900201059,-0.16852666912427436,0.5948255347808843,0.41262934105913435,0.6978814141269019,0.6827975670447931,0.6531442064196843,0.6033159858208292,0.5145579239167358,-0.054486727146562525,0.20338904825490334,0.6786976430144377,0.3953742081090624,0.6594527798356175,0.5981454682566953,0.6622450827110319,0.6016535737237273,-0.1702323379157393,0.043009892073096904,-0.2677038508503253,0.5507751474055197,-0.09381118408742473,0.10263219036378844,0.432510287740214,-0.00252524587210848,0.42442201493183845,0.3789704461872929,0.5425821699505291,-0.4488304471292724,0.040895954538804555,0.5779027641071858,0.6828396721816822,-0.10598596366653429,0.22678868230384477,0.6285983562391948,0.5710018590964169,0.5710867168570023,-0.1447960218980677,0.5321275059932856,0.6064848435717721,0.5197248934297137,0.7016286921534024,0.6359208917766958,0.7085269834710705,0.6305208616534729,0.5812219415444247,0.6434364356043187,0.2592384955772245,0.7511421106591757,-0.4737124448166787,0.6839979842196371,-0.12019024465716573,0.023980359902640063,0.06985207010080279,0.18124235425980106,0.5928493840794693,0.3047795781826723,0.44090955668723336,0.06223155096222121,0.7395995183171772,0.5879926565808903,0.7869711224726365,0.777476511801198,-0.28109014063714993,0.4621630171571515,0.6826368889590849,0.5050462621541142,0.5680604490873118,0.3249463720341382,0.7226792094860964,0.6762391209383557,0.7624886629835372,0.7249238846763509,0.5665272608283285,0.3946907998691627,0.30187131856628663
002230.SZ,-0.017679705861980567,-0.13111973218316575,-0.37735087071804346,-0.19284102576225037,-0.40370430131507673,-0.267925424175631,0.506443599818319,-0.2510661744171036,0.04318197765515123,0.14881993961827034,-0.40520891731924324,0.44506698419519936,-0.3129075869096715,0.2308262946468157,0.16488359354766005,-0.37286849193856203,1.0,0.3932793341435014,0.22474800109111523,0.27852588952850027,0.14852443765056303,-0.27630318038645263,0.3263853292293745,-0.13121450811503235,-0.41146344744855706,-0.38025439200457684,-0.45490415398358786,0.37333070998466916,-0.273933637941603,-0.5011955659551345,-0.3781981058336821,-0.3103216257245988,-0.43229401323978983,-0.6633820959970433,-0.1266165953128223,-0.22545633824389602,-0.15517439837759195,-0.1983939277191106,-0.14012311544935227,-0.5555544452742712,-0.3878752682259376,-0.39865126676927426,-0.26298232772685537,0.14520280852465725,-0.2219114751948452,0.5721631225469908,-0.10051762993129447,-0.08397562784273849,-0.11887427702871105,-0.03204292220484674,0.31620285516832314,0.1575040969382739,-0.5217901201476437,0.07916888700797721,0.389497574085582,0.11958223463747424,-0.41618259782391154,-0.4708980930146278,-0.05957603047325172,0.17200368507182107,-0.4737960332614761,-0.2872608600845809,-0.38161783667329124,-0.010101644166897803,-0.590115387140544,-0.28253139626892304,-0.2841184900917516,-0.3653629637431595,-0.5161765959742637,-0.4247736030385301,-0.6069720753977467,-0.44807694988167307,-0.3510363432545724,0.10794119066395154,-0.3977666843060716,0.4501270348258246,-0.3989094730777649,0.36929160763739927,-0.14219958771250055,0.16859187415685425,-0.2566190420996996,-0.44249491693340076,-0.16260955387377782,-0.19144970286448473,0.11546730116077526,-0.49214425149745766,-0.5836889552589344,-0.445043250080937,-0.30401403678077915,-0.0757684636920886,-0.36367367779977555,-0.51573256283542,-0.2649458810154442,-0.38399806328246827,-0.47131621143564645,-0.4327799950289608,-0.5325131501894346,-0.39852856460717195,-0.47418823668298216,-0.20632567169478355,-0.1564644195864742,0.16640467967222217
002241.SZ,-0.37433287655521225,-0.4298943247755891,-0.6147015081375821,0.10485240773950467,-0.3575425981286345,-0.3853429326125024,0.29746057129766473,-0.24467837601719275,-0.40675746995334494,0.5714778263876712,-0.5349962918399257,0.10524290883654382,-0.5956372953376573,0.509771671789566,0.6904786604019609,-0.4130666140320414,0.3932793341435014,1.0,-0.2159460028221265,0.6982993198500682,0.809752335581304,-0.03292186625673887,0.34981820181836837,-0.5028413660873339,-0.46107708129220853,-0.48874851474540243,-0.48025435753809753,0.12293609161496598,-0.45809119857282415,-0.2882481332368858,-0.5927933769396797,-0.5521255002140807,-0.3446174513740592,-0.5868455545668682,-0.40466132141530026,0.14787749367333178,0.2675000855076975,-0.5943194618689304,-0.5323024361477209,-0.37648107535083764,-0.29833687858836344,-0.4212325007190984,-0.5277817202543182,0.5212795942562064,0.15835543486222284,0.4809088723988004,-0.4177637138636891,0.23544878825431312,0.35532331237175585,-0.5303718398521632,0.07088615986868037,-0.3726378478884416,-0.3634764373315397,-0.4431830988813972,0.8202522502941619,0.5369000363711557,-0.2113367338286126,-0.46028489094833586,0.5401896110408572,-0.08935685965248684,-0.5229996834917919,-0.41982018296342166,-0.6849340317477308,0.5430882370887414,-0.4559029031307749,-0.6079310222145441,-0.6550020232475123,-0.47967833874731886,-0.40973879514272654,-0.44211151243712665,-0.5380657709348631,-0.6109078207037028,-0.6023160345816168,-0.3773197285918122,-0.59178172722886,0.5248614919445075,-0.6456537912176397,0.03946203281995661,0.49770087736811264,-0.2609122200052835,0.15451031553960562,-0.5562136391678896,-0.12288964156488492,-0.3977759063497949,0.6701016066627639,-0.48907131961529754,-0.5038602835605487,-0.6132646638502837,-0.5824880902223178,0.6064299926989074,-0.2564441054237137,-0.48534879303227285,-0.6327284029273376,-0.14308273642729194,0.0674563110082433,-0.5852056981051453,-0.4596972109645238,-0.6371218061782987,-0.30917572526748544,-0.7178009606934056,-0.5375011744086814,-0.3767090443419481
002304.SZ,0.3677140300848096,0.36079260063292756,0.22313797589657913,0.26426851087336195,0.02581617879872586,0.3483631973955756,0.5646982090756409,0.2987295537107483,0.5888148755121277,-0.23089169844621424,0.13843431316225366,0.7552381110108418,0.22350192023029192,0.1919081758518205,-0.28641971960591556,0.1187679332534841,0.22474800109111523,-0.2159460028221265,1.0,-0.22043602682873953,-0.17336189255682835,-0.2539427663882881,0.3719294707180263,0.5737198781433396,0.09944466053891411,0.08672728938182965,-0.05940965953512683,0.6587214327121816,0.182248105372898,-0.3447229469880017,0.2317794650000813,0.3030921678982807,-0.13862266951209964,-0.11882299489195985,0.3848627388473728,-0.35466053922810037,-0.004140720154764387,0.3507816847180776,0.39708072959257085,-0.07775838721941371,-0.004702154091555805,0.30254454689461285,0.5000519000412218,0.10605180784007673,-0.4209953115865768,0.3048219488999724,0.7421192361528589,-0.17993690944853546,-0.40193568286060116,0.7500330556259702,0.8131841133427202,0.3985236549805025,-0.1687578228164501,0.08897539096661468,0.05801266182650739,-0.037820033451233095,-0.0759188471263112,0.07823484598621505,-0.39930088089469046,0.7378725460721943,0.10849079675465619,0.4638525030087482,0.14001782349144748,-0.4172990792466564,0.12156051481851875,0.1718338135629424,0.3345064716794803,0.1456760117085422,0.04852173457160547,0.1075174166075847,0.03008678235610863,0.10718495605599888,0.17408643250524133,0.42562355787474165,0.18559771657949395,-0.12785114867749442,0.1778989105306504,0.2208564638786644,-0.6201358556078944,0.3384687171986727,-0.1513929574826214,0.19829885894353075,0.19040787921922808,0.41444311476302004,-0.23206837847451878,0.0076968167786960655,0.03257250480084957,0.16855819084134652,0.35209984489753493,-0.5606705632871639,-0.02349179208227467,-0.017079668131779215,0.2955750621176214,-0.03785982038231728,-0.3375396525515347,0.13830283839710603,-0.05001195560708718,0.2022717963170794,-0.009429251537485842,0.3723540749661918,0.31673054563654285,0.4412437932053401
