,000001.SZ,000002.SZ,000069.SZ,000157.SZ,000166.SZ,000338.SZ,000568.SZ,000625.SZ,000725.SZ,000768.SZ,000776.SZ,000858.SZ,000876.SZ,000963.SZ,002007.SZ,002027.SZ,002230.SZ,002241.SZ,002304.SZ,002460.SZ,002475.SZ,002555.SZ,002594.SZ,002714.SZ,002736.SZ,300033.SZ,300059.SZ,300122.SZ,600000.SH,600011.SH,600015.SH,600016.SH,600018.SH,600019.SH,600028.SH,600029.SH,600031.SH,600036.SH,600048.SH,600050.SH,600061.SH,600085.SH,600104.SH,600111.SH,600115.SH,600196.SH,600276.SH,600362.SH,600406.SH,600436.SH,600519.SH,600570.SH,600585.SH,600588.SH,600660.SH,600741.SH,600795.SH,600837.SH,600886.SH,600887.SH,600926.SH,601006.SH,601009.SH,601021.SH,601088.SH,601155.SH,601166.SH,601169.SH,601186.SH,601211.SH,601225.SH,601229.SH,601288.SH,601318.SH,601328.SH,601336.SH,601398.SH,601601.SH,601618.SH,601628.SH,601633.SH,601668.SH,601669.SH,601688.SH,601766.SH,601788.SH,601800.SH,601818.SH,601857.SH,601877.SH,601878.SH,601881.SH,601888.SH,601901.SH,601919.SH,601939.SH,601985.SH,601988.SH,601989.SH,601998.SH,603833.SH,603993.SH
000001.SZ,1.0,0.8132488674831668,0.6765624313937492,0.3327844750388436,0.5722722164292184,0.7857797558076034,0.8302464661076351,0.8188089682779677,-0.04270570833981407,-0.2475518777566371,0.9043246132182136,0.8046297064723203,0.7852879210868048,0.007617988039886282,0.5532870875047088,0.5071066536813468,-0.22183227419994547,-0.049654341737744356,0.8202380471994947,0.8031185434242113,-0.18355316259218232,0.11121308030984145,0.7454642665299608,0.6048838147183752,0.7958696990542155,0.0016929470414094986,0.045171251074697376,0.669564630234844,0.8383293221630183,0.5094149968740648,0.9272023146712333,0.8943531314572059,0.4455009220911456,0.703255691874486,0.8354606621301234,0.7780248666782952,0.49873930831022606,0.9269555284792171,0.6196422350971372,0.09840172463181802,0.2090215060227177,0.5570214133269024,0.854988809934211,0.49050149845866325,0.6567695483250403,0.6756893510903965,0.16917238279965915,0.7941927400268857,0.478911464386414,0.4682146939229088,0.8465333591057647,0.4024753648503874,0.6008480955151235,0.1543673946017876,0.44053449455219185,0.8370337349798076,0.6503355804041927,0.8060422402339734,0.7758052428381723,0.7471845387491326,0.19422349987231166,0.12425924376098725,0.9350806462567379,0.8426783031290158,0.8113846845507279,0.643320410544398,0.9486804055615025,0.9307700552739059,0.8019513357390795,0.8133428987672063,0.4804956048420226,0.8312543479360968,0.8584702361029958,0.8916606233776297,0.9003246578019063,0.837427889104953,0.9041487377097278,0.9321046136378356,0.7144649881725554,0.8456402700747695,0.7813640567654828,0.8084454356865854,0.6985710311222446,0.818010762868023,0.7714778080321621,0.1227471164130478,0.7254608018317114,0.7556576987846931,0.5786389409002064,0.6889229588047137,0.7272697007346142,0.32516776912622875,0.7631851866528985,0.050124744959615074,0.6428029030631935,0.9047655250261751,0.8939694116788769,0.9124377839920271,0.5110202320131345,0.8230786857604825,0.5168439893951878,0.6233090455545502
000002.SZ,0.8132488674831668,1.0,0.8399857678765564,0.2923537084764378,0.5209624079908507,0.7433201776913138,0.8515144878949865,0.7895429993286411,0.02658932443925795,-0.31290059144634913,0.7896311120018066,0.7810897674997941,0.7075996880734183,-0.011775504631828387,0.33571573800945753,0.4834302926566269,-0.16921651418013126,-0.035193350354250856,0.7311657173570181,0.7431709388057683,-0.12829008247513632,0.0506432948209141,0.7553147718485634,0.49781364148450136,0.7180119830538217,0.02044122011236934,0.05300309310901313,0.4888278261023737,0.6821696741942448,0.4234198784943179,0.8147516662455794,0.7283864177274245,0.3816752076368987,0.6636060933500902,0.7487315515086284,0.8340989720680057,0.442475585421429,0.8346355702578759,0.8269902430126735,0.08780232288762556,0.22299463253519178,0.48172103137678796,0.7287370072077087,0.42956381692667794,0.7272811969640078,0.538563071149088,0.13137351174004494,0.836719520923416,0.46830563563273325,0.42987455124346124,0.7461064083588801,0.2849045667761528,0.5592825378134797,0.010394705335752407,0.36744166687994145,0.7302409957859516,0.650346277420585,0.7659221858129648,0.6392894695724644,0.6669012409970482,0.17505845783818988,0.1324601538235846,0.8568724828571254,0.7446745877857145,0.7410622900655243,0.8508356499471622,0.8251209101095359,0.7554901769211452,0.7927375061164755,0.7758128684511592,0.47872058540000384,0.7124719922944137,0.8227148590406749,0.8313131879106864,0.765435286290736,0.735406462703684,0.8627304410043575,0.7922295533931231,0.658264908584274,0.6874846004490637,0.7986449960021768,0.774519434164271,0.6464302245568047,0.7339612773890457,0.7299237251702135,0.1155441887203504,0.659544551097318,0.6611644110949076,0.554607574801191,0.6611646792886329,0.6584940031424004,0.36622368212123807,0.7087164335834807,0.058061484101771865,0.6020114692647192,0.8681369583289019,0.8573931833564991,0.8131273147469079,0.47014877169677277,0.7424834783198105,0.5927349950534724,0.6195670523074904
000069.SZ,0.6765624313937492,0.8399857678765564,1.0,0.4740421075812084,0.4379290135000258,0.6563454535906875,0.7800443699925487,0.6732873645133283,0.18592724832607002,-0.38344902330671954,0.6752800790967983,0.6709171090122404,0.6400201568525574,0.03668404965715035,0.20107789857428382,0.6251442249879725,0.1727421148151093,0.13638374198693645,0.6437230926664389,0.5689186143014217,0.017181577229262987,0.11991090160763256,0.6895405476502691,0.25712480697982504,0.7136260562614088,0.22400783690813952,0.22424122289338458,0.26618899361755427,0.525798465083891,0.293608035663121,0.6816742037446888,0.518017990764488,0.5255098166461302,0.6922113605059006,0.619190216131719,0.8063213219184777,0.44920110190564105,0.6448241831238871,0.7898213449814661,0.15288143959300085,0.4410848548471451,0.5313356710007249,0.5350320486356492,0.5428039765463303,0.7384404706247129,0.4546282676607019,0.1386316724841329,0.8104305711289711,0.2944377213573643,0.46115575804615844,0.6292445384580726,0.2950026946482587,0.6268468398520061,0.17019523045241772,0.44791147786084357,0.5632470054814621,0.784662924580517,0.66090299355058,0.6312471606065474,0.6689304304619698,0.19877425753369546,0.29904756168011626,0.7195065523211425,0.6877233807458326,0.545846113311831,0.8320851375904156,0.6803136918817546,0.5985163677764122,0.756779724382425,0.6737468171839266,0.28978879628658333,0.5272488550993684,0.5882328214511048,0.6640875647279163,0.6237620851048059,0.63665990475371,0.6817303702829504,0.6600584886311893,0.7010270652495878,0.6024593526002885,0.6398516871819164,0.7953173852143488,0.7102161037065904,0.7417041608851737,0.6341231756641884,0.34468784872007463,0.6844965520380653,0.5024588315051689,0.4056947412223714,0.6996580791065701,0.5201380179415732,0.5534796184284693,0.6272137890098035,0.25102256392016137,0.7531655597743473,0.7417264939779998,0.7390667038166178,0.6179957924635676,0.3212124773262561,0.6633364348525267,0.7508859342132728,0.7068881328638157
000157.SZ,0.3327844750388436,0.2923537084764378,0.4740421075812084,1.0,-0.07388178124202043,0.17189416242365363,0.25921004365370715,0.36094560564847994,0.7429037939996577,-0.21111810707928858,0.33363361328365054,0.11393411082383265,0.6072778289151985,0.5195141926704531,0.1426741339473667,0.6912111808991681,0.6236812597945419,0.6986760551277865,0.24242964926042201,0.23715246271085086,0.5658905861145825,-0.24142687270239196,0.0336379054972285,0.09455951706246253,0.5729452898896624,0.6546328219141521,0.6503614684236506,-0.030278503178671087,0.2100935251092347,-0.34132334351431576,0.254041740324658,0.05270687157195978,0.7170911080842192,0.48280247912037705,0.17482683579864677,0.5201765759853195,0.62746381636615,0.1724097867066968,0.15123556649342526,0.37993571754959704,0.8065381947536756,0.724782409451139,0.00794010775717257,0.6035666884097864,0.6318553367786605,0.40192350513107605,0.5718684896082863,0.4899421606938008,-0.3273704527518681,0.6585076108682348,0.21217529473715038,0.5026117969673555,0.5470710768217842,0.5852834746034136,0.8003622256836599,0.27147726207650597,0.7579032064392224,0.017389054044730675,0.19800062516957428,0.3894845291906206,0.7167299338102251,0.5952853270066956,0.35981214807396406,0.21610357354263862,0.0014959664328339495,0.27696991352032213,0.2789642399298118,0.27148163793006935,0.1963366705411146,0.11649538511776901,-0.39429755673657413,0.0505370287139982,0.04999001148199375,0.08338309971107764,0.22990669194816338,0.039595371473610315,0.1577156782396386,0.23568694218261385,0.47002165280917985,0.5916686023505977,-0.014656803272671022,0.44456611487274095,0.451385938469469,0.5761438389508133,0.00934590526230393,0.799363652152013,0.5736646621044873,-0.13616365956271922,-0.3714539251823355,0.5157210241767608,-0.16048251218560394,0.7584001445254018,0.16570203363208402,0.6825925294702611,0.6897642428841227,0.3365537578451283,0.33609877535604055,0.13782011088535467,-0.17544264050176098,0.6019242309838272,0.6503140119245984,0.6718949156292319
000166.SZ,0.5722722164292184,0.5209624079908507,0.4379290135000258,-0.07388178124202043,1.0,0.7400793676392978,0.6075976276842677,0.5192056294403864,-0.2687291183291808,-0.16993636955472272,0.6018279040619782,0.6720526825016666,0.32710174551400256,-0.40804292718042445,0.006910485549831313,0.15711460004189534,-0.2331297842678813,-0.18555182622853794,0.6245132201009438,0.5625403788278087,-0.37677119296665446,0.4187005623405448,0.7647263462482914,0.2053318039128208,0.41526476849290345,-0.157062843719072,-0.23214902468371135,0.2471225665738569,0.6605751886847117,0.7344121564350431,0.696736504972451,0.6473098603735626,0.15077140154398214,0.3465926628992188,0.6719651910716721,0.4756454826012851,-0.014537354184004729,0.6559617452351878,0.6046465510624748,-0.2265841320667552,-0.022400720099206146,0.09387375321809545,0.7157362902454012,0.16713754783025137,0.28888969618305493,0.16493734347536945,-0.3423165638764056,0.6063319239642918,0.6015861108245606,0.04255388622585939,0.6288406229001265,-0.01933086847643428,0.2837942616801191,-0.17055616225323167,-0.05973250582090433,0.4795179928724656,0.27454955477258,0.8219934722439763,0.6217983169446323,0.5410186690486615,-0.22338667086273223,-0.20634076647230204,0.5823159069784895,0.6240169519078633,0.5991866909478402,0.37895012230112085,0.6490916097868707,0.657794631900744,0.6661561632376874,0.8668508660132912,0.5712015165944687,0.617686104772227,0.6693020531864257,0.7583991033897165,0.6829268763023914,0.8088001777631755,0.6479604821847796,0.6806096148799264,0.5241816203929447,0.3805359960450207,0.6610744235742432,0.5918869028468589,0.5699305843512504,0.4715766396369669,0.7864205598070094,-0.15178444829403806,0.3493897297117181,0.7692000589706217,0.7072984136378034,0.47352261286845226,0.8081839128732748,0.1518375775047189,0.6632002787369616,-0.15751525232914995,0.46683206644614267,0.5723381148509855,0.6582960161509656,0.6613795525539259,0.7281299595467461,0.39391747703405705,0.27161810053467,0.3145291497183797
000338.SZ,0.7857797558076034,0.7433201776913138,0.6563454535906875,0.17189416242365363,0.7400793676392978,1.0,0.8369043064575258,0.7015270158670859,-0.2589564381339783,-0.4065455167175637,0.7705207015575919,0.8748482695484046,0.6299612798067998,-0.3453923823597847,0.259079023637601,0.3578181301780196,-0.3520480797325836,-0.20960799209568926,0.7896283984329195,0.7297844299322476,-0.4208776547361098,0.3323279735100508,0.8541597869622536,0.4159666899548781,0.543431588874375,-0.20933267249707752,-0.2188294464509161,0.48638128056639013,0.7909880677644902,0.715183891298316,0.894603092505461,0.7908926739278179,0.2957327691023422,0.6055136562478233,0.8268503452626917,0.6715211033693395,0.2043526598564777,0.8307182554569529,0.730564513908174,-0.19156526611516422,0.0034356503234897104,0.3889500464594442,0.8757250378545202,0.23895289899353045,0.49701404005737154,0.4769034439459015,-0.20898155712176714,0.7195355316456308,0.636967305272344,0.17801415620736946,0.8374333806057748,0.1212728764738271,0.4204099763428381,-0.21067289495060212,0.18319156567561626,0.6903521808273937,0.4399154931890093,0.863254159514176,0.700693284353993,0.8678707735058794,-0.08525741060030063,-0.09700072749601228,0.8132719196316417,0.8745369329711853,0.7528312604854644,0.5774958602229011,0.8536290714464557,0.8706879387137346,0.7908187264899796,0.8384964254584109,0.5886341623060413,0.7832502958191868,0.8345231640407085,0.8488460863919994,0.8517691640350487,0.8350441961105836,0.858976317260562,0.8285719666723695,0.780473692128079,0.6072395738520677,0.8242593421189214,0.7328238984483083,0.6616889391911157,0.6217949333923403,0.8216357048037581,-0.03620977816657389,0.5301101925090438,0.8318065771747487,0.719499165234741,0.6440984355380974,0.7711255863595942,0.12074449614325254,0.8264607911633838,-0.2040140458295128,0.6204714620132511,0.8033885342567237,0.8526539088648658,0.8627106024098192,0.5863780671385012,0.5602468689990571,0.42328245669651193,0.4780886428123785
000568.SZ,0.8302464661076351,0.8515144878949865,0.7800443699925487,0.25921004365370715,0.6075976276842677,0.8369043064575258,1.0,0.7733785290753793,-0.10626420918630704,-0.4107900092968982,0.8141369996062013,0.9479391474860339,0.7200456001560332,-0.06077194353345942,0.4126574659032943,0.5667575748978219,-0.25563263159613364,-0.1135258704416468,0.9155115810867116,0.8024295165993961,-0.2536993890499106,0.16437151930614044,0.840828299004384,0.580021105333959,0.7111018463034967,-0.09395093844389142,-0.04600322390204937,0.567638401730268,0.6924034929178502,0.5934600999725484,0.8753551742050983,0.7503568970703345,0.3599633311489591,0.6905271209926677,0.8483261189493735,0.7766220603795175,0.45645505473180426,0.8674267944617445,0.741739977151214,0.016309343165131888,0.1375761575564566,0.5712182569567352,0.8217606384857037,0.3905128960750712,0.6200848096692751,0.5786535204610411,0.10312220456501138,0.8253011301023507,0.569708500977116,0.4519536188875577,0.9297237278253276,0.2603306173593682,0.5821821643134183,-0.04881723743447097,0.3224774588342518,0.7435983405794379,0.6077541369442058,0.8282554158735923,0.7611282796663682,0.8104261363730946,0.06110999825466313,0.11349950100567473,0.8590722477073743,0.8247200280388965,0.7978400117959005,0.7160384771440516,0.8578189965175129,0.8172847597973015,0.8826508854936516,0.8061255386635929,0.5588817344139744,0.6801294421885807,0.8349570917858219,0.8943728525684692,0.7994922833686796,0.794417378853658,0.867387985076124,0.8389587812037423,0.7566583360695356,0.7050081946095,0.8138459233155704,0.8471057259948643,0.745626249581035,0.7497036897102337,0.8507530976593172,0.019562982057114615,0.7299814821829321,0.7117113109072323,0.6916696003196224,0.6657728985543238,0.7858660738312745,0.2722928386634411,0.8405769287081144,-0.03687988884161553,0.614488329876651,0.8548338081361369,0.8929564608165402,0.8415891450210266,0.4824747231181257,0.7113345564235037,0.5850188129415861,0.567419277022839
000625.SZ,0.8188089682779677,0.7895429993286411,0.6732873645133283,0.36094560564847994,0.5192056294403864,0.7015270158670859,0.7733785290753793,1.0,0.12459009898463276,-0.2565045930846691,0.8853435336857077,0.7133290146828775,0.7624278201853963,0.10815369180119849,0.3767881929708479,0.5507476878427829,-0.1167864227855522,0.11408888994205922,0.7518148169824235,0.8713530159713508,-0.0007692647294813117,0.015486009432997347,0.7680056669012657,0.5216367836109177,0.8169201656292242,0.16818358406664388,0.23192366382912802,0.49811947820735014,0.7607097891628936,0.38298268328628865,0.797827758339703,0.7637638948608609,0.4879989240157377,0.680608297088412,0.6743785415666442,0.929588723234915,0.47976492850006563,0.855315542616845,0.5436296213593512,0.16709003258093588,0.35714222567266146,0.5502465368950112,0.7572675761519143,0.5839661269641142,0.8283247653298549,0.6287720760163263,0.19805029520320108,0.8560480867894041,0.35544244137086184,0.5277278306435055,0.7425873321540758,0.39852147481239814,0.6461661498362262,0.13381455921039745,0.5181748399370815,0.9214414059595121,0.6327062104398219,0.7854447458837556,0.6470466736537649,0.6667912379322392,0.2865566928740699,0.2010099549334161,0.9008729920404225,0.7091296753141626,0.7687159745016675,0.5722975433620802,0.885348881654079,0.8183125509016707,0.6423303540640631,0.7503304135125526,0.42037295594274027,0.7105253703037699,0.8640478842873288,0.776162374013515,0.8631585192541755,0.6843858282365592,0.8785102975980966,0.8510368154855966,0.6284190365051202,0.8211768399938139,0.8284509545693969,0.7502946391858369,0.59926473833333,0.8232114857306104,0.6964455845862236,0.23774299378342367,0.6323343047964385,0.6203253838382407,0.4762199515920414,0.7407896440996534,0.6485281099222939,0.4645267633932548,0.6802809857678459,0.20838113830653093,0.6802514324007181,0.9219785514620483,0.8951920516644108,0.862838021001804,0.3951936442252643,0.8491183391465603,0.6299343121354608,0.7457328184082117
000725.SZ,-0.04270570833981407,0.02658932443925795,0.18592724832607002,0.7429037939996577,-0.2687291183291808,-0.2589564381339783,-0.10626420918630704,0.12459009898463276,1.0,0.08769367302107399,0.022120282278621967,-0.26573366720286934,0.2866958026769871,0.7086778516999005,-0.008146198605935503,0.39760429075198994,0.7158013384497374,0.7861088566157144,-0.14598302420834658,-0.08657994109805285,0.8453650560934133,-0.4438615470425731,-0.2887926014918352,-0.02440858537362352,0.391656920103473,0.7874357791537777,0.8016065904030355,-0.2562721449493195,-0.1370825262744134,-0.5529728058219097,-0.12991851260743723,-0.25374203065423884,0.5250950718726507,0.10469948270750416,-0.20159619673479276,0.2707440673676103,0.4318689796939889,-0.15769371166965632,-0.16827677202391858,0.44160596209321995,0.8402868191806818,0.45136249813825247,-0.3608302601222022,0.5084489366053552,0.45665590281380736,0.14053944431251864,0.6655119844285827,0.23605867215026008,-0.590069701632758,0.618133464187662,-0.18473788333157826,0.4307915276005885,0.3245831877471625,0.6872345881880477,0.7189609178744766,0.07875434436883615,0.5407560926753554,-0.2633632918380669,-0.13807010578003098,-0.13641610113524638,0.7788444609368388,0.6283007751145623,0.0330617354117248,-0.23865585031852676,-0.2650457830819491,0.05283636054786345,-0.08567274258489356,-0.11505384462086642,-0.17879398832607077,-0.1572920970220614,-0.6045753281745365,-0.2342482581339483,-0.23647523402907947,-0.27471784852533376,-0.10031311670385983,-0.27546376022596136,-0.15923760306902082,-0.0941816894794923,0.011214925580923204,0.33991305700029467,-0.32538433121681737,0.0891070936400128,0.09629044002382346,0.3481444233906335,-0.31354345745263673,0.7691367058266633,0.24882463079793385,-0.4739632687066959,-0.6268894950090577,0.22932458442719605,-0.41882911931928496,0.7447840281957904,-0.25871825352181566,0.8433478289104931,0.37229335487922893,0.001825875394221595,-0.0031930220699771437,-0.20392567210347057,-0.4089085307373497,0.40126784455672637,0.4888611142362033,0.464138507146355
000768.SZ,-0.2475518777566371,-0.31290059144634913,-0.38344902330671954,-0.21111810707928858,-0.16993636955472272,-0.4065455167175637,-0.4107900092968982,-0.2565045930846691,0.08769367302107399,1.0,-0.3030659105809166,-0.394763834806339,-0.3474545487608571,0.16113047231992136,-0.05204027728939745,-0.25872423403584405,0.15291257795794763,0.16577259284637777,-0.3564989374764087,-0.31814249140521306,0.191948126077331,-0.05730453052167136,-0.3702628263935139,-0.0897017305044447,-0.3356199762207495,0.11234062144315136,0.09930185644436719,-0.02014634950268425,-0.33204940054105875,-0.22660456028225048,-0.35539396279684426,-0.15826462513589915,-0.32686035300152705,-0.43411172607911364,-0.3066404468619498,-0.3357473381111155,-0.041257404425025485,-0.3334505830999519,-0.45947480776962935,0.2862326497348409,-0.059001423849963396,-0.27277332029202883,-0.41435618250137113,-0.19623823317106381,-0.2982096017058053,-0.13065078568403662,0.06479533393519146,-0.3626201137727761,-0.2756655232344028,-0.14964226449781168,-0.36534582039076374,0.4357854655112137,-0.28763457431472256,0.3786243140594625,-0.11130624604807719,-0.17557720516651024,-0.35090936116284066,-0.30529952247521264,-0.30522985532704666,-0.4678351140099342,0.025752771725861313,-0.23919961703499037,-0.29320495984465694,-0.4476246027668826,-0.26473985192058896,-0.26177656904215474,-0.3406867149258151,-0.3238810706603155,-0.4388205042336495,-0.22281874910256616,-0.16366431504154386,-0.09416089791138922,-0.31297091606577343,-0.27676607995930874,-0.2926258663558327,-0.29371696570177325,-0.34681968494671905,-0.29274351739587534,-0.5436898630105162,-0.2106812603435214,-0.30748983381776007,-0.4188679469761672,-0.45634335647198904,-0.2479828614653935,-0.3361466376274828,-0.10617411611264564,-0.3780868405307454,-0.2921342229126429,-0.15552423811637092,-0.2925342075998416,-0.2972368311198514,-0.1683002281905077,-0.4466953817340619,0.039773089067296784,-0.3783177286900877,-0.37383015561630467,-0.2562116863348379,-0.33895874650939956,0.24496843245042924,-0.248869658723489,-0.267450213225554,-0.28351256667542507
000776.SZ,0.9043246132182136,0.7896311120018066,0.6752800790967983,0.33363361328365054,0.6018279040619782,0.7705207015575919,0.8141369996062013,0.8853435336857077,0.022120282278621967,-0.3030659105809166,1.0,0.768926577651586,0.8084437545945553,0.02034340783995678,0.47643845391752276,0.5182977550680902,-0.1308920793507278,0.025516834280017508,0.7948017204477753,0.8509844755684454,-0.06966951108760334,0.10661955493958336,0.7604189234080843,0.6337208357897807,0.829333919754831,0.14340513573166894,0.15220359923977247,0.6169987856142983,0.8108918362027605,0.47183035498022274,0.8883419911361417,0.826605759860893,0.5116177939982328,0.6636896494681702,0.8078335930869923,0.8397046697499898,0.43463231629965154,0.9098514532631753,0.6269159725800303,0.14088202262122515,0.29088008117184405,0.5588332496326532,0.8275963733244938,0.5724684344300295,0.7241424853819844,0.6573499543602959,0.13782985082494115,0.8494472655499923,0.4909702811435473,0.5326556615300486,0.825165972246503,0.3594747219845016,0.6374611519682664,0.12106310200237103,0.4433594618298471,0.8723017700168195,0.6410595500602781,0.8124892672367863,0.765380179939941,0.7483640701615063,0.16547961600287855,0.13171509781132718,0.9160243720060789,0.7759241504577612,0.8030139294730075,0.6210672910131033,0.9310255340014,0.9154142040771404,0.7257606098916957,0.8036927404615112,0.44686744166041587,0.7770856502210147,0.8630900665176616,0.8298829737482715,0.8969533784989014,0.7790287884365896,0.9057170198521397,0.8954373572155344,0.6966623248120661,0.8532712540957745,0.7737329687517794,0.7654754907633482,0.6284490322147563,0.8343388170176128,0.71913084171275,0.20725563097068014,0.6585637235342469,0.6906141223989334,0.5369662238264638,0.7816163877952045,0.6767168974722448,0.41117628971585757,0.7143054385763428,0.17967083184449287,0.6803096931307288,0.9207201455688785,0.8988136196852993,0.8984632896493308,0.4333668598080873,0.8320515985428864,0.6088789896368926,0.6556973727861741
000858.SZ,0.8046297064723203,0.7810897674997941,0.6709171090122404,0.11393411082383265,0.6720526825016666,0.8748482695484046,0.9479391474860339,0.7133290146828775,-0.26573366720286934,-0.394763834806339,0.768926577651586,1.0,0.6302530190820188,-0.217208331839894,0.3419197370843641,0.46430152250268025,-0.3654957367079262,-0.24252793298117628,0.9104327582059115,0.7349413440730067,-0.39810591283668967,0.28132306665557705,0.8792900655705452,0.5306942814688503,0.6006859543519433,-0.21395431358876416,-0.16879622696088983,0.5587224718486454,0.7061589811272406,0.6939149537842839,0.8543367675190988,0.7667400982151098,0.2859801637584285,0.637511625821959,0.8493368815819755,0.6683472284513311,0.32912240627068406,0.8580161613845593,0.7246688833210179,-0.07239848443165518,-0.01773954947192773,0.47044838755460816,0.8751846281001862,0.25941270576982955,0.483672357576779,0.4861364870942599,-0.0689266916134119,0.7194377538181488,0.6806964502125532,0.30764900279728774,0.9274549548114717,0.15693111994816789,0.48273338819582534,-0.16748521873197594,0.16427122767242328,0.7160548675342087,0.4425055024254765,0.8532269766295878,0.7435192162520864,0.8020316231801238,-0.09536789091360222,-0.007570693261187793,0.8114350313191988,0.8799553624751163,0.8037372122856401,0.5944768895896756,0.8400854892932658,0.8097442790732757,0.8396813612454799,0.8244968705123399,0.6570773009176989,0.6719580573348604,0.837350578577131,0.9198366393916886,0.7865766126659316,0.836544433499664,0.8392415443179769,0.8421216660197778,0.6990297798911437,0.6248919833144994,0.8463723408676059,0.7809283944187224,0.6957701534192786,0.6440754403632126,0.8717570058137355,-0.09781780867635777,0.6128613572050357,0.7706088297455164,0.7851605218435797,0.6133327293798495,0.8456391468633737,0.1174229631686378,0.8386067827065605,-0.18520150320782222,0.5367388709983681,0.8105978202473013,0.8418480266918117,0.8417674992070395,0.5657800592990865,0.6141171383019047,0.43933323575002164,0.4263295239043036
000876.SZ,0.7852879210868048,0.7075996880734183,0.6400201568525574,0.6072778289151985,0.32710174551400256,0.6299612798067998,0.7200456001560332,0.7624278201853963,0.2866958026769871,-0.3474545487608571,0.8084437545945553,0.6302530190820188,1.0,0.25411356327640605,0.44736239285137275,0.6615526970088874,0.0503631996641854,0.2974792230654491,0.6776347835164426,0.7251896270239252,0.14587340419644454,-0.0732861763209517,0.5146026854928782,0.5915678026470026,0.8423568581876594,0.3159814275448861,0.3510672213687253,0.4515278070164135,0.6653756487992957,0.2142542816826405,0.7454762487282006,0.6125218309222165,0.7050409903586473,0.7848012777069405,0.683678817938523,0.7872364837214318,0.5772959546125024,0.7579685144385819,0.5041788180585779,0.2025953221939739,0.47232063774601946,0.765239175449525,0.6236771973888139,0.6512113009037684,0.7715354877124742,0.6740296200191874,0.3651721598831104,0.8062179056139471,0.2358504015887152,0.6876481767155956,0.7083848570633213,0.4279797659840159,0.7364154103511346,0.2711709431307446,0.6354585336517733,0.7437801595689509,0.7357912483827128,0.5429833861422738,0.5825389102526137,0.7141432254697541,0.42456393526899344,0.3985580792973111,0.8243441658953988,0.6540315700175403,0.6212120051159048,0.5467083458826189,0.8034851220661702,0.7769974293096439,0.6106198887225788,0.5542339446021541,0.17347486695767522,0.5556372162881256,0.6502295542657691,0.6537003411895443,0.7423913397245209,0.5500848490276812,0.7179852949990707,0.7853894472566773,0.716883381114806,0.9000570865306113,0.5602634904371265,0.7265598388194997,0.6341815193715744,0.8098217881763343,0.4733568608518895,0.44227983219907235,0.757709576340185,0.4077996435778062,0.20260447063140777,0.7532660288634654,0.3995258876203585,0.5430743475325751,0.5958874480006076,0.35373917816864736,0.7025016624580002,0.807459160034473,0.7908249828856574,0.717853487963317,0.16577975581292137,0.8370071354355649,0.6682823466981721,0.7168759182237691
000963.SZ,0.007617988039886282,-0.011775504631828387,0.03668404965715035,0.5195141926704531,-0.40804292718042445,-0.3453923823597847,-0.06077194353345942,0.10815369180119849,0.7086778516999005,0.16113047231992136,0.02034340783995678,-0.217208331839894,0.25411356327640605,1.0,0.34923333879360435,0.4386926476348197,0.46622258906195685,0.5909790764166026,-0.022501875522995502,-0.021899917401643394,0.7604012926603362,-0.5795588136854765,-0.3173979410276199,0.13239789732691357,0.3826800863110081,0.6078106108605016,0.7130975596898743,0.08684559335819264,-0.11156408081055695,-0.5661058692134681,-0.12868456426305572,-0.12427256038196628,0.4508986484798556,0.1340083537596386,-0.07472929825048596,0.1923726605922735,0.6686957765712688,-0.11233022127291625,-0.3408226125534311,0.4579038848563306,0.6513314147545505,0.5492556126413234,-0.31371041542763695,0.4674911737698689,0.40811578966217055,0.3022626232483121,0.9403540267713937,0.12194590816390155,-0.5327399283599968,0.7793784274078069,-0.0038138958499775075,0.44084982310603493,0.35110708166911775,0.6487531956444594,0.6994070658879982,0.12055663143009893,0.43570094970729784,-0.29629914393412754,-0.16288893725239487,-0.17792454573238023,0.7031683724326339,0.7379380504456247,0.0036149494926844363,-0.22792273136535754,-0.20648008580689237,-0.02048052433252023,-0.07633627744338158,-0.08950175161360756,-0.21437908732928357,-0.23462406102945774,-0.5560000124793523,-0.2254949415944759,-0.23203398973700903,-0.20231422411284272,-0.09554805425031065,-0.3038139165726942,-0.14814614165237208,-0.06579547063986373,-0.08260859942477529,0.37110218253637933,-0.34327854278939657,0.03200004459252185,-0.010257682329481566,0.3126110490193874,-0.3144280953535437,0.6109025673551064,0.24019140387488758,-0.4801905876600789,-0.4641302381696712,0.07614064375730628,-0.41549187774521856,0.5067968069330652,-0.2920710417611779,0.6620150093593722,0.19170685189396897,-0.016176613246443174,-0.04405882749221321,-0.17126660397268226,-0.47013905121915384,0.3839381739948993,0.35680833701382997,0.3892545325340599
002007.SZ,0.5532870875047088,0.33571573800945753,0.20107789857428382,0.1426741339473667,0.006910485549831313,0.259079023637601,0.4126574659032943,0.3767881929708479,-0.008146198605935503,-0.05204027728939745,0.47643845391752276,0.3419197370843641,0.44736239285137275,0.34923333879360435,1.0,0.3107609140244569,-0.22763041100872558,-0.005603479999183998,0.44631223914884544,0.4389189757395969,0.024423323505255046,-0.1495693281745592,0.15635232067761062,0.614672427086036,0.44452255062431073,0.031283837632497695,0.1092283510907301,0.853164914678547,0.38273244004194434,0.11469581823169837,0.42654604808905017,0.5260776930291541,0.24586701778355316,0.36390071529424234,0.4344437634147251,0.31695463622353237,0.5304009664836568,0.48629969754692537,0.03243695183075231,0.25941755798838,0.03725755810124066,0.47631019872483593,0.3640092859553423,0.2132339872307414,0.3382826460007367,0.6668731215492242,0.48856759635768804,0.2881248999184302,0.21855840179912403,0.5090656154851938,0.4938862171239727,0.3851537878991333,0.342469896933359,0.25518158947655034,0.36233905432469277,0.5303387814045807,0.29147710171527136,0.23735349899740996,0.4899552958246629,0.30359384984381055,0.19325884907333937,0.16785317244766587,0.47985263754084717,0.3575822716021462,0.5187809443960584,0.2837257899644733,0.44684967227856026,0.4719212040669348,0.3166309513543481,0.20395569029451055,0.2521976827645019,0.4463752233309113,0.3790089927012976,0.3678002085239093,0.3900245153431787,0.3103842398097882,0.4107427644711918,0.45172270800953546,0.3059808835995375,0.5391962605271211,0.23829099735201223,0.28826623531366535,0.18795295178557406,0.4461925330915353,0.24955078815777987,0.11314881489282334,0.372693694682791,0.23775450592793726,0.19804852072246096,0.24335223935118278,0.18804572990732618,0.03303077301876214,0.3139144651804775,0.08902926603267243,0.1870970872935639,0.39718248569660425,0.3787833142483044,0.39436721010372483,0.0021429090936275646,0.4774889330253904,0.22634645343616103,0.21344061654638036
002027.SZ,0.5071066536813468,0.4834302926566269,0.6251442249879725,0.6912111808991681,0.15711460004189534,0.3578181301780196,0.5667575748978219,0.5507476878427829,0.39760429075198994,-0.25872423403584405,0.5182977550680902,0.46430152250268025,0.6615526970088874,0.4386926476348197,0.3107609140244569,1.0,0.40480455211557714,0.5240885656774511,0.6253767792640618,0.44380815046168637,0.3634544524271546,-0.1844619320107538,0.34218234488506966,0.14128451222995073,0.684978136187253,0.5238505632881642,0.5523480455216201,0.2589829887126491,0.35267335658351356,-0.015941643638474598,0.43569612975438443,0.3431519431794771,0.73862805108185,0.681344878013234,0.4364779035822053,0.641708168021196,0.7841581473681555,0.38766951798111204,0.39329034930825374,0.29236135424268,0.6262363694686177,0.8782043496596074,0.2672146271357633,0.7064323970107834,0.6933126890874878,0.4379676369171491,0.5046367114620057,0.642241295270817,0.004525592158365198,0.7389693582914485,0.5474784810772245,0.5922254944224946,0.7346131135310315,0.468467053022301,0.6534691958605501,0.467259909537705,0.7329902213473306,0.3507159116022471,0.4510576149334995,0.5722413791708582,0.3686786557427157,0.5348632616935995,0.527428302939389,0.5122285568032792,0.2602323000263233,0.4000746058817888,0.4861021895894096,0.4253400862429418,0.4497108118452367,0.37612158674181745,-0.02217337946275739,0.2398303355263168,0.2850988337140483,0.3939122815107215,0.4495560220089123,0.35286037100501627,0.35589950346501453,0.4655237388847721,0.5120789450720472,0.6566346335019976,0.30618588670592434,0.6735096920093794,0.5840863566528681,0.7040508223604364,0.33230766541318263,0.6191880173088666,0.7301900359203984,0.10411120591742411,0.030577124044963242,0.6766297624661813,0.1879824701475248,0.6378513407097807,0.38094538451736154,0.5381168918006075,0.7838709031557006,0.5517552990003667,0.5178481525837703,0.37216466308766133,0.0400124035979154,0.6879620896513957,0.8131108192756988,0.7241353099378564
002230.SZ,-0.22183227419994547,-0.16921651418013126,0.1727421148151093,0.6236812597945419,-0.2331297842678813,-0.3520480797325836,-0.25563263159613364,-0.1167864227855522,0.7158013384497374,0.15291257795794763,-0.1308920793507278,-0.3654957367079262,0.0503631996641854,0.46622258906195685,-0.22763041100872558,0.40480455211557714,1.0,0.6951813023287757,-0.22304685519688525,-0.32091314327140963,0.682015830539087,-0.20634903051781286,-0.33997809974143617,-0.4084496657051444,0.11638642017521846,0.7953685249038016,0.6966875549191873,-0.44994872111247713,-0.32346743980205667,-0.576216516789939,-0.2903339461354378,-0.42675189667498453,0.4368005201799341,0.023754407029403995,-0.3450738609704214,0.05508422797803894,0.2661666119673621,-0.36029134374156246,-0.10837021387063077,0.4006696513931621,0.7507496227195817,0.2985714597414996,-0.5012746993871772,0.4302837988694794,0.2566309262613104,-0.06416337788089177,0.36159844160000154,0.020794818111409836,-0.5953859893933672,0.36051450100301635,-0.296318059123278,0.3855187971536551,0.23286330536534394,0.6782312916067422,0.4425319669910485,-0.21507914724163105,0.39049964021494854,-0.3668480336528057,-0.18600145274669155,-0.15583475971987407,0.38917011418896275,0.49678596380837586,-0.2238609669600581,-0.26799306066641276,-0.44683129229888174,0.021638772597262924,-0.2738618427820978,-0.29642412902353993,-0.26865149964076396,-0.24760671278632737,-0.6226148570375473,-0.37864376065502275,-0.4597790465720735,-0.36714592466590035,-0.27357655100322203,-0.3068094487134531,-0.37529489769646235,-0.24902922435963426,-0.10323034097121046,0.06041824256624293,-0.4418271682013684,-0.02376045566995376,-0.01641232042124517,0.1372068304999446,-0.3912717869388444,0.7101727793447351,0.0694324556120096,-0.5288547073074583,-0.6224759039014581,0.1886093360913141,-0.5023422205159133,0.645958124345842,-0.3265833330845956,0.7221775588595527,0.3265675577446681,-0.17877080939384485,-0.18783336185473942,-0.41042399748262465,-0.2910996047281576,0.10704447527621959,0.3902138397950423,0.2836917330168879
002241.SZ,-0.049654341737744356,-0.035193350354250856,0.13638374198693645,0.6986760551277865,-0.18555182622853794,-0.20960799209568926,-0.1135258704416468,0.11408888994205922,0.7861088566157144,0.16577259284637777,0.025516834280017508,-0.24252793298117628,0.2974792230654491,0.5909790764166026,-0.005603479999183998,0.5240885656774511,0.6951813023287757,1.0,-0.09981283505967466,0.0007933944044845412,0.7692364682155225,-0.4234991884656962,-0.28592543935477677,-0.10687876359113367,0.3303279486136592,0.8475267409984414,0.8346692615597279,-0.1698840924493582,-0.1294226958763851,-0.4829751844854196,-0.1743205540694799,-0.21544129923108268,0.635517004319836,0.23729318064918817,-0.10919005584584944,0.24269900730917857,0.512200139279071,-0.16368951813332086,-0.15323381752594886,0.3656399930895112,0.7509534539726898,0.472821800241785,-0.34524694845911785,0.5263384769202014,0.36620259609240696,0.02117877488540468,0.5322399818843132,0.2270617723699516,-0.5034164050042064,0.5899219128341207,-0.16977059657280733,0.5077832301339101,0.46497592816828703,0.644525644389888,0.5670010950765944,0.027926358873163692,0.43204652762628176,-0.21127083703514007,-0.08613944914079819,-0.0667990818179864,0.594410597283138,0.510996825943678,0.02331093801670925,-0.1763004382405593,-0.27583817243853354,-0.04762296609949021,-0.06168518361632671,-0.1247565397106164,-0.1737300649455726,-0.10609179532431562,-0.49577037905514604,-0.22573388367888092,-0.25210911853210277,-0.23869266862709926,-0.07222138535916163,-0.25074993022777786,-0.20340123699110454,-0.0745769751453305,0.011588046150452364,0.33933943636299313,-0.2893482547094135,0.07512435161217816,0.07545525918333144,0.34131533165021793,-0.32280715722138437,0.7868928219057537,0.23838548224776457,-0.4338176153142439,-0.5775771082060968,0.23184251307036763,-0.4164081633034511,0.7092548294945029,-0.23231389262680371,0.8039925892612364,0.41872420916868064,0.009733246047539596,-0.014002354090867622,-0.21055830029032777,-0.27366168884901215,0.3777251567572964,0.49329490976515133,0.4831778547982797
002304.SZ,0.8202380471994947,0.7311657173570181,0.6437230926664389,0.24242964926042201,0.6245132201009438,0.7896283984329195,0.9155115810867116,0.7518148169824235,-0.14598302420834658,-0.3564989374764087,0.7948017204477753,0.9104327582059115,0.6776347835164426,-0.022501875522995502,0.44631223914884544,0.6253767792640618,-0.22304685519688525,-0.09981283505967466,1.0,0.7403896331502823,-0.2730376278545908,0.19936312138634957,0.7861335457959077,0.49883996511065876,0.6757891862232178,-0.08348401063673871,-0.03774117312622898,0.6081004627287027,0.7080398817937938,0.5510604030293863,0.8576558348152156,0.7837886733676339,0.3721583715250183,0.6782522470821681,0.8269345972871335,0.7215108974964641,0.5001558819565181,0.8409539774083504,0.613789795531614,0.03852650099027476,0.126925897104099,0.644335351979345,0.8101683019471566,0.380046511496314,0.6074939430795099,0.6246404880616694,0.14661700280973522,0.7342844198517807,0.5401203629101647,0.46184696753140986,0.9523582853972065,0.3091655762151725,0.5534903055137069,0.017402385315508157,0.33899306951268154,0.7332975247665011,0.5605984806576618,0.7945724792043518,0.7256102853257649,0.8156698353907782,-0.011002545647889042,0.1014833956554857,0.8154525442678443,0.8415499955398783,0.7740859567957932,0.5654431243063617,0.8383049360288238,0.8304392021732546,0.7650795764221502,0.7674014933641837,0.5644329594998331,0.6590305672595983,0.7953706511813866,0.8747270513002078,0.7928690139960293,0.8091025433989495,0.812232110894922,0.8452302542131319,0.7075660343358153,0.7101290444437803,0.7540901255898199,0.7828735495181228,0.6802287719714557,0.6994611894442051,0.8068568560457222,0.05212058434323196,0.6438644549584541,0.7064323134024485,0.658826093476845,0.6936842362910244,0.7589521780705497,0.2083216306761169,0.8439948667114625,-0.03931390809045404,0.6256531061156986,0.819409881577978,0.8393071105929355,0.8159907304674215,0.4829004482973496,0.7066458572822079,0.5180050047358736,0.4937799073392506
