,000001.SZ,000002.SZ,000069.SZ,000157.SZ,000166.SZ,000338.SZ,000568.SZ,000625.SZ,000725.SZ,000768.SZ,000776.SZ,000858.SZ,000876.SZ,000963.SZ,002007.SZ,002027.SZ,002230.SZ,002241.SZ,002304.SZ,002460.SZ,002475.SZ,002555.SZ,002594.SZ,002714.SZ,002736.SZ,300033.SZ,300059.SZ,300122.SZ,600000.SH,600011.SH,600015.SH,600016.SH,600018.SH,600019.SH,600028.SH,600029.SH,600031.SH,600036.SH,600048.SH,600050.SH,600061.SH,600085.SH,600104.SH,600111.SH,600115.SH,600196.SH,600276.SH,600362.SH,600406.SH,600436.SH,600519.SH,600570.SH,600585.SH,600588.SH,600660.SH,600741.SH,600795.SH,600837.SH,600886.SH,600887.SH,600926.SH,601006.SH,601009.SH,601021.SH,601088.SH,601155.SH,601166.SH,601169.SH,601186.SH,601211.SH,601225.SH,601229.SH,601288.SH,601318.SH,601328.SH,601336.SH,601398.SH,601601.SH,601618.SH,601628.SH,601633.SH,601668.SH,601669.SH,601688.SH,601766.SH,601788.SH,601800.SH,601818.SH,601857.SH,601877.SH,601878.SH,601881.SH,601888.SH,601901.SH,601919.SH,601939.SH,601985.SH,601988.SH,601989.SH,601998.SH,603833.SH,603993.SH
000001.SZ,1.0,0.4759730173067693,0.077486034216932,-0.5922619912603437,0.6368048920424255,0.10443626082639919,-0.2684540802765757,-0.25042120114138905,0.21834288277414934,0.6473000008264325,0.6305750174642858,0.08772310349259983,-0.41967822604488864,0.6371129786454542,0.7367880653762663,-0.4779071822988401,0.4662117771244672,0.7021139493766801,0.29594552494525245,-0.3047933202407721,0.47010344764535755,0.626026168697854,0.4387014491169811,-0.3677020437945329,0.004942114336600444,0.40322337362058275,0.5548176322249064,0.6472649222010239,0.82312552285275,0.2901773928197583,0.8629367983343448,0.7535159053148202,-0.40663066562589617,-0.4377770232014007,0.7076998679159408,0.7015407389777807,-0.2143321264090355,0.6507139496254442,0.636638318722308,0.4798397208816745,-0.14159787274524419,0.36272178014646284,-0.13657244053832795,-0.25271972895737066,0.6957881964305851,-0.12122360033091507,0.3782818271950505,0.05429731027263295,0.48250459285410985,0.3359439955203909,0.3589869345340974,0.7652482874002865,0.12384059697229928,0.3234293509917319,0.7821927848190652,0.3614516604896287,-0.22562350669614914,0.20640353570595335,0.08692565421435565,0.0921691472599664,0.5037405202428834,0.16811259435894466,0.4878454053415701,0.7003502489158778,0.5006332066869071,0.6624976435905486,0.6269915406256176,0.44494340184409475,-0.0196121287882552,0.6011000410363916,0.4410733555325365,0.7987408178859975,0.6581601418604835,0.8117368196475533,0.8331282267152882,0.7280412097844197,0.3983841274771855,0.37569807710706943,0.1704266765547525,0.679373157151597,-0.27324515722472287,-0.36050408798908745,-0.31727391846471964,0.6515984253102722,-0.3837318187929985,0.23400487099142478,-0.4177193378700295,0.8818629765498227,0.4110772386974584,0.758479350323964,0.013454032777059874,0.3714040749515968,0.3994822252293309,-0.15813001011826774,-0.27832177956326903,0.5283905012043126,0.43193248691505187,0.6573088898478344,0.37420109586413725,0.7905149573635012,0.0848561988267215,-0.1187844391361237
000002.SZ,0.4759730173067693,1.0,0.34378209826015,-0.25103516059871406,0.661526951190449,-0.06893217562105958,-0.3983920746681961,-0.5562394259615936,0.3105898518682006,0.4953008679968997,0.5908698308778543,-0.17493671591862703,-0.32153128863279146,0.4129722610857011,0.4542305389862021,-0.5985434343270818,0.626437271817429,0.23587995567723666,-0.07830619028318621,-0.4503456458165165,0.15492321318205599,0.4452867425502299,0.7548543268715866,-0.4959353978804734,-0.07432522929911146,0.20433873046347117,0.4376151255622484,0.725025896148075,0.5533858920393536,0.0741492962294259,0.35617484515600467,0.3067294158419804,-0.4098902930019681,-0.28500533016367735,0.2704684558708116,0.646882860912058,-0.14955576509018967,0.17445973007131366,0.8471373775013311,0.6985417731530968,-0.033624804136265375,-0.007744763360587987,-0.3146257572049091,-0.31877435106501667,0.5621460242790625,-0.209620865207638,0.4928180837033389,0.013520917936343552,0.34189789830222744,0.24597249767059273,0.031380027473456085,0.6634288991452749,0.044963606849267895,0.7042612486796851,0.39438174817663835,0.03493718474476124,-0.38445521996364657,-0.04127675572209489,-0.1401295560676015,0.24321849841455656,0.1018966051625595,0.22645471715729334,-0.16010766052671763,0.44138686684603906,0.2779041776825026,0.5722242847344765,0.1973186569785289,0.11583536718412128,0.19390904725855743,0.6548616477101552,0.677128480817215,0.394917832763582,0.31101972064866457,0.5136776574854444,0.17379061591755707,0.6105755606755187,-0.05816450823107441,0.4690911830178684,0.31752189590388175,0.41676500082013246,-0.4983788616580748,-0.23178119986217616,-0.14341530436786773,0.4523059386633696,-0.1722425362188884,0.41630728683352164,-0.25998327764998796,0.28289589396599885,0.6633188694442493,0.5778634072738208,-0.06793084765669584,0.6713773099889865,0.21502594950068551,-0.4543453746239228,-0.20842388871152925,0.027639322902546327,0.7505689038665334,0.22565162130252803,0.6157290033390903,0.22506289022164358,-0.11247295625711153,0.096210854011407
000069.SZ,0.077486034216932,0.34378209826015,1.0,0.43029054418958007,0.2065568745873395,0.5846176382951778,0.3595831535199489,0.2961468365299956,0.5093723205567043,0.30854586385215194,0.14726662304106533,0.3688636864127555,0.45812518531449314,0.14842298530139628,0.3049611962951783,0.2857929406577787,0.2300987226997072,0.26244127383123544,0.32584432130569735,0.17272905831033206,0.42019511306499896,0.5126705073642749,0.00038794070400082387,0.17599453932471662,0.6312558549916892,0.4865061594662687,0.3710186688659203,0.1692657713612219,0.12580235834056105,-0.06229543371391958,0.3252073214149156,0.3721953347157872,0.44969450229890634,0.57125124563213,0.37500661659294154,0.2943170920903863,0.6360783533589546,0.40701498608118963,0.4297922122817341,-0.036688266474024143,0.6912251514408516,0.2745213340712273,0.45624018485761136,0.5437705079520359,0.46065556949890635,0.5280807784568572,0.38705261077935776,0.6715193774254731,0.43266333058298795,0.5107102630722167,0.40485301821183617,0.0025882499594185346,0.5764729598739202,0.28397204932174136,0.0930633946341997,0.4085218373843034,0.35779230074119805,0.4172683631758423,0.04321017849100911,0.5858131862613792,0.5416789804371088,0.3237312411868006,0.0047730494115724486,0.02206752124400868,0.5590871569713572,0.4983115286384931,0.368700491615963,0.5149802644020204,0.6980017121074401,0.15948620993580445,0.4528017493361077,0.2472528872917267,0.22269035418939057,0.09376412002124791,0.20518184773330306,0.01442680154051973,0.1980806307806768,0.25550838126320624,0.6157791500922085,0.26429053248926787,0.13945749249596287,0.6099215478952907,0.6485449270454854,0.3736335799560908,0.4987304105557259,0.25123963242253383,0.5418209544312259,0.20356362499131922,0.40461940442208283,0.03577644574834623,0.477138101532323,0.04401312441533995,0.3982251656185644,0.09688945508464225,0.6375105132564807,0.1671335461107238,0.28075083066160905,0.31781235445472084,0.5713574686133124,0.37270408413986905,0.3092180288314646,0.517035445137083
000157.SZ,-0.5922619912603437,-0.25103516059871406,0.43029054418958007,1.0,-0.2551341882007732,0.20598585216551168,0.4767551669261996,0.510078582836507,0.24658650075538158,-0.3808917994810302,-0.33571511422623246,0.23852985282625808,0.5976256626535971,-0.4068408472949574,-0.418954319373168,0.5534390543350202,-0.3954182794551993,-0.4309298462170254,0.022346324801091066,0.3328584903528761,-0.13616657495984547,-0.2558003756821811,-0.3635575299472178,0.3269938255578552,0.35839209733078464,0.13297687806338523,-0.08875692957511398,-0.35862659456172147,-0.43085633442068083,-0.2803760228097129,-0.36367696437679947,-0.17702215900425822,0.6124105536800477,0.7751313895674974,-0.29648224651039906,-0.3122496411479802,0.5582119865622922,-0.14494170839805004,-0.365619922017455,-0.3923945128612474,0.59168523556469,-0.13362056814415754,0.39445563666042566,0.5041861817074333,-0.27714631966428943,0.47062521420513437,-0.07735012851571181,0.3629387011008047,-0.25194951183633457,-0.030316189899274787,0.019718889509119937,-0.4739952814244662,0.3144957121702782,-0.13466315304641477,-0.5557835569272579,0.05744074294531019,0.35202334127711205,0.12352838912306048,-0.08432753610818071,0.393582185785264,0.01372684278040572,0.13823079208445688,-0.2134231716827842,-0.5491441573352535,-0.10638827959217738,-0.3445226389242703,-0.059892277286165176,0.09074318986954084,0.4754299355722276,-0.18291315235097963,-0.06517217473786154,-0.3829314203618516,-0.2763840046087621,-0.4825349667177758,-0.36086373450692877,-0.4407831233145931,-0.03655142572909522,0.08480979312107305,0.2369268694736447,-0.0928315605885696,0.25395480055839076,0.7262643420681028,0.6977439437547543,-0.10765514854879939,0.664469905419434,0.10807382748016907,0.715473320194306,-0.46893826716647385,-0.06355705416733248,-0.5499452122308575,0.44681488119467266,-0.18888487347424146,-0.11975031271522157,0.24588947516613743,0.6056958700692916,-0.2114350872071784,-0.2361971485495269,-0.20475146771738473,0.008956968404945606,-0.2990791717290845,0.2253294988742911,0.4228310926251991
000166.SZ,0.6368048920424255,0.661526951190449,0.2065568745873395,-0.2551341882007732,1.0,0.04260841948959693,-0.27427662738656033,-0.3075700289717119,0.41863581737982486,0.5274416449882797,0.6325319838588184,0.02672729347561957,-0.24086968174828002,0.5886000583138923,0.545143548211773,-0.45116073864713196,0.5250463549222241,0.38149767984917116,0.06015012885061741,-0.38929193895884007,0.3441723870324471,0.5116487437541825,0.6435313807183061,-0.3514696590001824,-0.017620488676878987,0.4049158417394787,0.5896325099609224,0.818232832918475,0.7028798317080792,-0.02134689808618048,0.5758485800623347,0.47921973375381066,-0.28153738952774626,-0.24031064307863523,0.3988354858970716,0.6833917301630388,-0.08841123493645886,0.35723454351337947,0.6819005338319135,0.7294162644350383,0.09462980055187431,0.17811243963311643,-0.11214397967892949,-0.2286114722848811,0.5694945686779239,0.009393338661645581,0.6398104870825699,0.12646013335155948,0.3277705808039334,0.3519324614074298,0.2991361940925051,0.7914783155638995,0.18960150286242908,0.7785366666172924,0.572220510613027,0.2667795258207027,-0.3618449932902619,0.09188046964593577,-0.27770568793146055,0.4296612162245787,0.24309705178233276,0.40506534807815187,-0.06833640511104379,0.5765153413244486,0.3025546788199786,0.5383122925273344,0.4036374509117313,0.2670812702608553,0.3208187813550585,0.7363369811064132,0.6960476140349839,0.45765275522563525,0.38191616389630406,0.6495768436428984,0.4194873696651045,0.6199024736825668,0.09336241426803403,0.4781742787463565,0.4534124710587066,0.6363077380081671,-0.461004846061158,-0.1846739790197018,-0.07167657447303329,0.6219350492134357,0.019834252080522228,0.5623338591408462,-0.22116110877083386,0.4839096512396348,0.6387361430415149,0.6227994986020585,0.06411040013965498,0.6351133115939084,0.28755176195092114,-0.37480044050381783,-0.10892972567603891,0.15191269455082293,0.7121522647484562,0.38477651052102013,0.6759932292562566,0.37501623587048666,-0.03582727083390155,0.03715860402985118
000338.SZ,0.10443626082639919,-0.06893217562105958,0.5846176382951778,0.20598585216551168,0.04260841948959693,1.0,0.48138250377239555,0.5514175440550625,0.130656102198192,0.35269865248369875,0.03185983640622003,0.5753296673000404,0.6028522628723284,0.17624643128274384,0.30771049895296065,0.41771379823248456,0.0819462102425889,0.41002156094313746,0.6569777447965456,0.36589475177126474,0.570108825050733,0.4515046258614445,-0.37110305262635496,0.46418177926675,0.7134041988426422,0.44167336448457123,0.3256585152401288,-0.03678124817917041,0.11568858859512547,0.09003319098970071,0.42618791444835313,0.47614113714649847,0.6157863339429304,0.5004418676178529,0.5757796021562754,0.13586794028977198,0.6495910818017399,0.6831082034223411,0.2865772233197827,-0.35341006834357264,0.5367899012131213,0.5365439514015743,0.7767454291120045,0.601537223995733,0.4829836770104354,0.5196971096029699,0.20232400219868998,0.7521203301389042,0.4837633855703302,0.47486589836459503,0.6949047180975186,-0.1978884074068705,0.642625311344647,-0.04665863112910711,0.2860787476656101,0.592048971571668,0.6610203649209001,0.6412120695922053,0.3293627888676775,0.3444354991899555,0.7606784317005403,-0.009697311070120592,0.35165835090115066,0.19708097553057566,0.7422509249413504,0.5411901899956019,0.4531058039773134,0.5828915387713073,0.5636729926871121,-0.15099166645046344,0.20119709370803732,0.4433203842547289,0.46923925884239054,0.1389123522448015,0.4396007919478102,-0.05147037993806402,0.5510835457118911,-0.10579713780442894,0.605730596957764,0.10723986128271683,0.5028946949808737,0.6362969100934994,0.6157450594499115,0.3177286992922382,0.49974552880027806,-0.20444641587127102,0.5796217314831492,0.4773908041314107,-0.0023718882050385395,-0.004462312118909818,0.2789296354978891,-0.39322225402169714,0.5956315650432866,0.40104929373630416,0.6788037603559216,0.5566579236255191,-0.12036261418250092,0.6189222129037933,0.20998764519709193,0.5627503495505026,0.45469225542658687,0.21305394675746372
000568.SZ,-0.2684540802765757,-0.3983920746681961,0.3595831535199489,0.4767551669261996,-0.27427662738656033,0.48138250377239555,1.0,0.7155330656643338,0.2800740862435118,-0.02974089106995788,-0.33710480733110776,0.8091615588530715,0.6856226894428739,-0.08279044938917386,-0.07299411797507048,0.7089332354380541,-0.3260907282441065,0.07150953647473786,0.55723529741666,0.7043810225482784,0.17694728528784576,0.08671997049062004,-0.5506457385643989,0.6126594183193788,0.6483647351786762,0.3666229997871106,0.18020373743168583,-0.29376970414499776,-0.32144041977787,0.14360023675533287,0.018771467614851302,0.16224805657481609,0.7190204507253002,0.6595516893160569,0.1473751765252734,-0.09803555200819762,0.5110397062103786,0.27584556338220195,-0.20735797193023142,-0.4964011749659283,0.5737215868961207,0.3527218584662843,0.7855489035404775,0.7075609542976755,0.035502737077474006,0.7307761417462837,0.03687327567442076,0.5840866799720327,-0.10999344038992943,0.263002183509559,0.5794821681916528,-0.4475664615716264,0.5651291979498534,-0.2979264553353777,-0.13334775889232872,0.455104718312519,0.7095845316439188,0.6240781178151038,0.40101985473167634,0.44936335279850154,0.37545664564678444,0.14576044191265397,0.30265018208900296,-0.05967582607387909,0.22717122793356181,0.06269013333032745,0.33408544391271716,0.3925964468350666,0.37929529189528416,-0.18997563494159395,-0.12914276917040932,-0.07444129053595859,0.08922484149467476,-0.2043898041805435,0.13484552275059455,-0.23701660854470166,0.4614112880677898,0.11690719394397459,0.17102251018991557,0.06904007215798448,0.7384332542678732,0.6467654002845525,0.5641030999991038,0.05733671098156687,0.4821746840724192,-0.12085441608274372,0.6076567508471943,0.009541996331243072,-0.3551939235442098,-0.3117662123059356,0.551915575346864,-0.3139954686553185,0.29199086721870443,0.6514089942843352,0.7093222872505454,0.292248920730447,-0.4435506881959861,0.23409130662289424,-0.16187015307198963,0.2140487920291593,0.711040239116838,0.4459551601936453
000625.SZ,-0.25042120114138905,-0.5562394259615936,0.2961468365299956,0.510078582836507,-0.3075700289717119,0.5514175440550625,0.7155330656643338,1.0,0.15867071020488963,-0.13360439682823352,-0.3567488825103036,0.5770713739627752,0.7838269207553353,-0.06544984973230494,-0.046176629477851526,0.7810496338849736,-0.4236202277404908,0.19806387882001167,0.43785816209146583,0.6271115561098418,0.40647921888756083,-0.04794718129255729,-0.6852416053397857,0.7655116403282752,0.6986896782755565,0.4328319756812297,0.18076683641930733,-0.34326637202396,-0.31463036690853735,0.0287645288748119,0.060684356845225475,0.17859606693167263,0.8224536882590933,0.6100355360779256,0.10261716586975456,-0.3020884479033879,0.6560275736410012,0.34404191224427794,-0.3518659411394148,-0.6057760534291465,0.6273235812787173,0.46372417057398624,0.7512593181916358,0.7116176793037603,-0.11632816583545164,0.6870122922893541,0.024534504341891056,0.5483957077470284,-0.11350252912220699,0.30064002299424364,0.4769094039791241,-0.3737249994309309,0.5403971185984452,-0.3110908218422341,-0.1952252232093892,0.5679939635282512,0.6920797930002921,0.6046630679319959,0.27883488283958385,0.29757224382919406,0.504716586505139,0.03327849081475389,0.33767400934590824,-0.22590022514997113,0.13715505553097554,-0.0372940487036837,0.2857031480820198,0.4155540465126837,0.39521781628576474,-0.3079575496090238,-0.22478522033085205,-0.05326301514146068,0.05119436347649426,-0.2023944576650125,0.15869415328135328,-0.3907902539641992,0.38834576866493725,-0.15551218465892422,0.15468077118122936,-0.02426494421442399,0.6783816249788565,0.7195749280161583,0.651484535656014,0.05410280774112614,0.608620554652246,-0.22801110893143686,0.671106604832986,0.04816695441517522,-0.4368685772835863,-0.36782868941321606,0.5547178330071977,-0.442991371319924,0.25094295648592196,0.6507726814498548,0.7539997746660537,0.2553317630109749,-0.5797982255049355,0.1734377174997721,-0.22967273034808358,0.20663876085785218,0.595945529009036,0.28509830888311744
000725.SZ,0.21834288277414934,0.3105898518682006,0.5093723205567043,0.24658650075538158,0.41863581737982486,0.130656102198192,0.2800740862435118,0.15867071020488963,1.0,0.3206658377107225,0.24254187742983183,0.3683172445216973,0.1775393995146204,0.29056584274788483,0.35892861959189976,0.2081190300180863,0.2255216136679569,0.2735750249601564,0.19136175383770768,0.10993708225143937,0.2723035826369323,0.42938646110337847,0.25440738701482674,-0.012088000356486892,0.33637949626025865,0.6496083625274209,0.6089562222993946,0.3103158813448215,0.22683497454187565,0.0953161640237103,0.3398775475584543,0.367536228436651,0.2230362661032854,0.3558256516283118,0.2931157151845286,0.3964905005346772,0.404607779880382,0.2909197854948104,0.32428012761126895,0.26465998093375215,0.5941794834811766,0.26380667170631095,0.23440237131816544,0.34415620161405336,0.2776623946869319,0.5053669227048361,0.4847971895941847,0.46494885478506337,0.031672919785970206,0.43635415142631656,0.3247580588309736,0.3014087499354926,0.4156818589742121,0.4384227937482381,0.12149162832814693,0.32141564652028937,0.006213004171080422,0.32615282765928294,-0.09926164198606692,0.6425892045697008,0.3047084987974274,0.6771425068731407,0.04364018788606098,0.06751132285144228,0.2515331892084586,0.32542622313067876,0.500748755656507,0.36957398627195515,0.4673907228783813,0.44439214707680624,0.4967034404652961,0.17031970865117363,0.2114845686987099,0.20317640671450987,0.23606669820907375,0.2825529381616848,0.1744406949744348,0.4954753274443217,0.30778912963641575,0.4978381759408806,0.008699524549998464,0.29181206704759965,0.3323627057684291,0.4680087868957672,0.32737333333412594,0.6981250955275012,0.27272166305412765,0.20479384164465433,0.34169173262541136,0.15237358507818916,0.6297480818671624,0.3818493968282943,0.24867775800711614,0.07329603257189891,0.33630642191564347,0.1006912369516451,0.35227303495951184,0.22043585418551329,0.4333488117713568,0.3151064382230378,0.26203226714874445,0.48493270552217527
000768.SZ,0.6473000008264325,0.4953008679968997,0.30854586385215194,-0.3808917994810302,0.5274416449882797,0.35269865248369875,-0.02974089106995788,-0.13360439682823352,0.3206658377107225,1.0,0.4119988910817713,0.30070793760064796,-0.041621004911917975,0.7439233178020298,0.789359629384912,-0.34343353537356697,0.6512100535349746,0.7176062151675308,0.4454119540851118,0.1293874676076684,0.5156016740411064,0.7911190084306917,0.3989380750693839,0.018539434806910893,0.19867670356686215,0.49966501739224584,0.657999131454736,0.5977557136163407,0.4552213279203891,0.29931585384012366,0.570477296841056,0.47974235082791256,0.010041508796323187,-0.2275311756332227,0.7582456072309004,0.6739441600744421,0.0668890175499514,0.5950039019497928,0.7213526031793602,0.32392604659369795,0.11202981328674126,0.5483146419761964,0.15197451866508557,0.11162125401621219,0.7595348276253011,0.14977534968659176,0.567418267252949,0.38351498072813994,0.6217422571250909,0.659633228709923,0.5131768188326348,0.5993837051598007,0.33390770288534993,0.4203736178365789,0.7137234731976028,0.45875799968476144,-0.10119591131210355,0.4073833823077353,0.1925824358606546,0.16904721118501617,0.515969667787632,-0.02100987162357713,0.4418065374662578,0.6549146310675642,0.6758186629642565,0.839304410550581,0.4256499155343733,0.3029179526063816,0.20335635965281926,0.3993579147188009,0.5959161648632867,0.6648698245440717,0.5589975912535674,0.6046251767265715,0.5411441124469134,0.5915611528539862,0.30225041365108013,0.22094978353481887,0.3862315242659316,0.46690779145739575,0.010802379602279128,-0.09226749759501483,-0.058219227804422534,0.517236184237163,-0.07441729296732728,0.07754939260971545,-0.13644424883778816,0.676780882551487,0.3442458487774713,0.5743990966209113,0.05155611963426309,0.22429996158648546,0.7593266173418353,0.06436893544826161,0.037013223891094044,0.519978312562139,0.4210605776625573,0.555086292495711,0.5108603137097664,0.6812390139651093,0.2328424718798072,0.3566733913436142
000776.SZ,0.6305750174642858,0.5908698308778543,0.14726662304106533,-0.33571511422623246,0.6325319838588184,0.03185983640622003,-0.33710480733110776,-0.3567488825103036,0.24254187742983183,0.4119988910817713,1.0,0.03816680010547888,-0.33268700876749424,0.48741665022180536,0.4364283012467753,-0.4543742018476409,0.3069295802652498,0.345883136906081,0.15807072053885915,-0.278632011509137,0.20744328667818004,0.35430054994345045,0.5267101636608184,-0.3907541488107331,0.0021694087675377186,0.34184951286392457,0.5757766555184672,0.6663639098400881,0.7470028364582406,0.20101781885807957,0.5429681763948809,0.6021799246490839,-0.31707706478491654,-0.18683330040655644,0.4126033650617806,0.7713995984971694,-0.08889276258890817,0.4420258508740585,0.6785991360594154,0.7240886714052838,0.009873251253577667,0.12483257550278282,-0.21395459562207417,-0.3461063885116074,0.6017964923070169,-0.2610894343837801,0.4076516056114203,0.10853034331996116,0.1567553673659281,0.26538459613743687,0.29419501921438734,0.5981389398218865,0.19893463811384723,0.43990720966093466,0.529229118421921,0.12295561987424142,-0.34055238345006816,0.2348114196531388,0.056729868153036454,0.23664600562274365,0.23444037934022158,0.3294392512867778,0.09060683596275905,0.5226974343334677,0.3582021207898265,0.4468214548342111,0.48840707821017554,0.2705921315369268,0.19882351372815177,0.8166395036286974,0.6286939469248801,0.6067579047601314,0.6493279784106827,0.6817822590719839,0.5015735369939953,0.7965299798192774,0.3115823323537365,0.5969877369940609,0.24854987846385326,0.6805940270730276,-0.38067734271499293,-0.1800289446893619,-0.12740606328801551,0.7323823654200096,-0.16702907020894453,0.5222251998572393,-0.19318667664676936,0.48011978590483967,0.6478052720041328,0.7916370207972833,0.2271526582416894,0.697365552642747,0.2563890544101979,-0.20405840567302647,-0.10858778651404306,0.35492461685858395,0.5301293995373019,0.5214178583428202,0.4730219882455986,0.4273163720925875,-0.06889185001624205,0.04097642214870307
000858.SZ,0.08772310349259983,-0.17493671591862703,0.3688636864127555,0.23852985282625808,0.02672729347561957,0.5753296673000404,0.8091615588530715,0.5770713739627752,0.3683172445216973,0.30070793760064796,0.03816680010547888,1.0,0.548146833372802,0.19721008224499526,0.22788276402410532,0.5247076598758952,-0.15212247303289267,0.3663940808125134,0.7564938063740013,0.6149280289684543,0.38414976010124996,0.3171454393256247,-0.3058981932714759,0.5031376085629351,0.681256548813666,0.5634020257960185,0.5076267161097613,0.024629716834081845,-0.02345692131750811,0.31865163653820466,0.26777755089129085,0.4521064021456207,0.6013755205357977,0.5376652134492254,0.48215682725078485,0.29694268189360934,0.48051928281171885,0.5839978592272971,0.13952944374361406,-0.23474328607912423,0.5009359373682175,0.5020613801798944,0.7063544133070483,0.642038233339768,0.3913774636769878,0.5717380480112012,0.17888257940644917,0.7383067974572463,0.0667740484958399,0.45212880341173883,0.8151216674506045,-0.1432734825739682,0.7033363004063303,-0.10362175479789089,0.2351162789920388,0.6035666038210799,0.5922388236124148,0.7827908941101472,0.5174176894278618,0.4487944553473803,0.5221051575081878,0.25413625559313735,0.4781012326859823,0.32658682584594945,0.506373132933765,0.37146929609826196,0.6233403727264152,0.47250502110589987,0.4910859500593186,0.11431984937227994,0.1821558633593278,0.26750029382614177,0.4517290357458232,0.15929840557676841,0.42596244929823673,0.13949714118105883,0.700665425814255,0.2803759302570052,0.31088528195814896,0.3523186462844173,0.5857756968303075,0.5488281648739249,0.5123724000244475,0.4201577683320459,0.4227893165924516,-0.04098065734826966,0.5063829785711075,0.333682688422468,-0.11724265563975785,0.06362941023610381,0.5942754943023968,-0.09689955181070213,0.5476989038786747,0.5786047905999488,0.5739597568227606,0.6307745126017631,-0.2083693109366153,0.5440569871729445,0.05383339617641462,0.5246926829587867,0.6714591464402012,0.4224114602037569
000876.SZ,-0.41967822604488864,-0.32153128863279146,0.45812518531449314,0.5976256626535971,-0.24086968174828002,0.6028522628723284,0.6856226894428739,0.7838269207553353,0.1775393995146204,-0.041621004911917975,-0.33268700876749424,0.548146833372802,1.0,0.07370873797885495,0.041346557253804435,0.7364457761221038,-0.20259167917909662,0.013172489055844228,0.3614723121005499,0.6535150296337008,0.4071451742519996,0.027589632432497083,-0.5085753845660727,0.8639653451391606,0.7115520577225775,0.36460545030669916,0.18553480316136128,-0.22772380830606131,-0.3741399537933446,-0.06742212499435897,-0.08694587418292465,0.02136393124227699,0.903573305064132,0.6233262099241542,0.04085709366066289,-0.2537869159061944,0.8118513619784712,0.234521420716283,-0.13493756697775744,-0.5313837195783374,0.7466854142331915,0.523200694819656,0.7832727471809037,0.7662995611025782,-0.06690965264287063,0.7353563892089615,0.25743310823542137,0.6758681623286495,-0.07692643115567337,0.49133987770453347,0.47379690461937396,-0.44658337304968504,0.5924163175654698,-0.06901294209126944,-0.25079592341982615,0.5815252728382047,0.6963868236048992,0.5661350839404652,0.2447602576388518,0.44576099362752825,0.45868395428049746,0.007501473614272003,0.12689986208909262,-0.19487809024740232,0.14840245819029055,0.10828807997475702,0.13858203701240043,0.30014254985776884,0.5957812566519463,-0.31608343632661434,0.03488755012950606,-0.11575278033746945,-0.027861339557312997,-0.31287147014281197,-0.03714745716288455,-0.37744312047943335,0.27108262219755774,-0.20867156764798256,0.39164114666710176,-0.17732355101386035,0.5942141413252339,0.8437351561823462,0.8270904227712842,0.020220990109972848,0.8286533092320902,-0.2090805230889479,0.805623610105068,-0.10532135635370565,-0.23214991633272009,-0.42359362981257775,0.449071843768343,-0.36747200266157537,0.41575403974869607,0.5479846805435212,0.8557288427244317,0.16701556901099035,-0.35196023337667937,0.07543246264984728,-0.016335840691765146,0.04527631752469361,0.6295415788122837,0.4446100962439968
000963.SZ,0.6371129786454542,0.4129722610857011,0.14842298530139628,-0.4068408472949574,0.5886000583138923,0.17624643128274384,-0.08279044938917386,-0.06544984973230494,0.29056584274788483,0.7439233178020298,0.48741665022180536,0.19721008224499526,0.07370873797885495,1.0,0.8343321450122057,-0.2596280610465064,0.5363276815370164,0.6545365811984061,0.27374256524148466,0.06303933093407825,0.6215207699159021,0.5882447112173348,0.429877063659305,0.17184990651160045,0.12581052292175626,0.43314846941619284,0.6291321011843638,0.746318869761907,0.4803119457016846,0.18211645196636164,0.5858936459620361,0.4431227084571718,-0.0014984905805822863,-0.34500955892030255,0.5240233412974619,0.5561186574168268,0.05422918865090621,0.4451339609156936,0.595024719444322,0.38584209378403705,0.1209316565318385,0.7008199520670656,0.09435532921505714,-0.005772945879350452,0.5279405659363883,0.20630876941982013,0.8172276902988246,0.2534574032328036,0.3265570237128171,0.7820836380564292,0.4887640636069633,0.6419897112964985,0.33104370862543236,0.48991655014848606,0.6772220713641196,0.5717943237219901,-0.1646650534898199,0.3515723775728767,0.0782246198067827,0.34200430755359074,0.45727648398011134,0.14454440367448593,0.3025668966403582,0.6446464400515449,0.34510102294749223,0.6992752192683193,0.4296723096642802,0.2415357490052931,0.20497557164153193,0.5233653051094418,0.6239986108723137,0.5690342773313742,0.46384054818983705,0.6543977328349116,0.5131886319762877,0.6269269729635721,0.19692310151839634,0.2620535400825233,0.3173734313467271,0.4972117626298019,-0.1163301357249132,-0.13551795225853736,-0.0686458837589964,0.5131879307557852,0.02698900470462612,0.2411800397185675,-0.17491989231519564,0.5861146340145413,0.3487240096373016,0.6525645338948776,0.091631602302488,0.37982520770747713,0.6940210813166324,-0.03059827405211829,0.057679660416941246,0.3443277842461301,0.4051843745238122,0.4056939194707117,0.47166994687363345,0.5113100774312008,0.3082309354765866,0.2782832821569177
002007.SZ,0.7367880653762663,0.4542305389862021,0.3049611962951783,-0.418954319373168,0.545143548211773,0.30771049895296065,-0.07299411797507048,-0.046176629477851526,0.35892861959189976,0.789359629384912,0.4364283012467753,0.22788276402410532,0.041346557253804435,0.8343321450122057,1.0,-0.22563485341121728,0.5716719595383933,0.7065151636129975,0.33916558901341465,-0.051367390523143375,0.7095224333675278,0.7481732413693535,0.41970501872076466,0.09734713652108411,0.22341902828452284,0.4695684060709598,0.5949233059668887,0.6176671316761139,0.5777731164004399,0.1657422865350111,0.6885630019114243,0.5647817351494723,-0.030480328921868846,-0.3072016711328743,0.694588194665725,0.6147599238847574,0.13427640561264945,0.6115366925584491,0.6784022739365932,0.3411836755475919,0.1704657828543716,0.7355006829228782,0.16017967274191502,0.12166979342803509,0.675649969854892,0.23278756245512408,0.7124416198459715,0.30584657583693353,0.549214726835808,0.7811348917403157,0.49989004478838767,0.5973513211763133,0.3152509961182378,0.45263026101960996,0.6841110102360505,0.6050098058550913,-0.07731535910762731,0.33499119001118943,0.051000748478076195,0.25723065385918525,0.6106361882788908,0.12499394027241269,0.36608510160998836,0.6057016696394949,0.5595297571494924,0.8057865102192153,0.47987844875886293,0.3641645409554502,0.21519394840431663,0.44720038430826387,0.5581614886086691,0.6564877827093166,0.47117035622830405,0.5698736311223428,0.6165372988593062,0.5563255619946862,0.24772158058740565,0.23353813977201754,0.39518566480091843,0.44587603815399507,-0.11397200524577748,-0.07837814337049406,-0.026275475960108204,0.5220673804068724,-0.009076631296320949,0.15081781148371956,-0.16013389272953157,0.7328975386125399,0.37018580636173626,0.5468242422665176,0.0865322239848945,0.2568785836272508,0.6787780475687911,-0.03902675768752847,0.04783185413541991,0.4312053612568179,0.48515837429175424,0.5000071555943011,0.45894315429796345,0.7125538323056465,0.2378966377819162,0.14715675020897817
002027.SZ,-0.4779071822988401,-0.5985434343270818,0.2857929406577787,0.5534390543350202,-0.45116073864713196,0.41771379823248456,0.7089332354380541,0.7810496338849736,0.2081190300180863,-0.34343353537356697,-0.4543742018476409,0.5247076598758952,0.7364457761221038,-0.2596280610465064,-0.22563485341121728,1.0,-0.35906304532041017,-0.07644562996785853,0.3270515856796335,0.5507414280245003,0.1972618579212384,-0.16443615327090208,-0.6525661941517896,0.6954287627148639,0.5585719801844847,0.1662933895360885,-0.06427699916240602,-0.49143386480932977,-0.5176310684184591,-0.12413674385701383,-0.1825604975191786,-0.08473472188674198,0.7406540838318875,0.6460401004493019,-0.09579672742489104,-0.37477006202326374,0.59354027956785,0.04842529949336157,-0.4552437962109317,-0.6008813509190963,0.5933750831507754,0.260907204743356,0.659335999041853,0.6804827336362141,-0.24698279884428728,0.6338549954925429,-0.08920051769252234,0.4805877286854465,-0.19602824607413993,0.18301519781670336,0.3316598720773401,-0.6296048017026413,0.37298864123211617,-0.36687453275706,-0.34704363060205706,0.30529685465828643,0.6593454364473837,0.37708254306427613,0.166646262131063,0.27063914845315407,0.23529930433473079,0.26543580729948535,0.05808502779082118,-0.39015145768369003,0.004389878730794573,-0.2153841936623667,0.16927310107784774,0.20302203534114668,0.35828116849557884,-0.4166660385592607,-0.2975460137261666,-0.282519406536183,-0.1626261998720617,-0.45517889476993406,-0.1054770260861483,-0.5099406486250891,0.17216002420824453,-0.17203610974710837,0.10490340906605117,-0.23705594884863934,0.5971834022256303,0.6981930423227639,0.6466555161659878,-0.1479153907766171,0.6426671939045109,-0.15761987331086258,0.6664199044252495,-0.19981024335059885,-0.45129670128674987,-0.5040368483924788,0.5094723653863173,-0.4448839293594305,0.08985907915673426,0.4923946085811807,0.6580157990127414,0.02193143683703556,-0.5589096894396816,-0.07218027833610748,-0.22805047949405902,-0.04367802909583828,0.46489005576740566,0.2574093660826686
002230.SZ,0.4662117771244672,0.626437271817429,0.2300987226997072,-0.3954182794551993,0.5250463549222241,0.0819462102425889,-0.3260907282441065,-0.4236202277404908,0.2255216136679569,0.6512100535349746,0.3069295802652498,-0.15212247303289267,-0.20259167917909662,0.5363276815370164,0.5716719595383933,-0.35906304532041017,1.0,0.42873938080406093,0.10639094192467274,-0.2667410287128498,0.35758188498497906,0.5883584280554975,0.6560427443309272,-0.22664779304448426,-0.1202149779025135,0.12908081314856187,0.33694465947772384,0.5641704728278975,0.3518177982743113,-0.009873768384605833,0.37748772564839483,0.133289869356873,-0.3072557667555443,-0.3788296533650241,0.36780650353299715,0.41242350052307614,-0.1429285690567825,0.16610022890776133,0.643974529210866,0.4036493363078751,-0.021636982338740382,0.22101177113108963,-0.1533497560542881,-0.1855861227443749,0.4530696944660954,-0.034707362009610804,0.542308760596374,0.06327323687092275,0.5863185139676358,0.4146733028040153,0.12519563081843832,0.5960365658214908,-0.02773377188979227,0.6099188695597659,0.5080740714172093,0.1740128080572788,-0.3216238010412344,-0.09221052611353812,-0.22998441739784203,0.10699317870335062,0.21282676014625135,0.06579121087794851,-0.030914648000002185,0.33325730413457066,0.37714422427948086,0.6163398404309335,0.13148136613367403,0.06705597609495717,0.039424257362160715,0.31174986538717425,0.5026906631201367,0.4026913928890102,0.19629786365231316,0.40007865276440086,0.19190469186272333,0.40495535662965065,-0.1842336390115027,0.10432307012210301,0.29917691040860356,0.18598210024038242,-0.32418752093475883,-0.2911337614451151,-0.19747382352991882,0.18643737202294242,-0.12949492571855598,0.18476355501190111,-0.3317268806592769,0.39700124287596256,0.4019235667710424,0.4220882134895134,-0.18769152144780787,0.30286150152293906,0.40639933674723155,-0.38673089467372757,-0.19191888893585565,-0.022527935766722875,0.5341537706777192,0.160994270320959,0.5816001405675625,0.2852903409227421,-0.06608728183914933,0.13876568912058254
002241.SZ,0.7021139493766801,0.23587995567723666,0.26244127383123544,-0.4309298462170254,0.38149767984917116,0.41002156094313746,0.07150953647473786,0.19806387882001167,0.2735750249601564,0.7176062151675308,0.345883136906081,0.3663940808125134,0.013172489055844228,0.6545365811984061,0.7065151636129975,-0.07644562996785853,0.42873938080406093,1.0,0.5286054490397684,0.1240727609428705,0.7259797167008532,0.6547774092347858,0.16472668506686508,0.12706509214679837,0.34809716348097736,0.5508058501279304,0.6340416379304677,0.4770869524662285,0.406416338231371,0.2985431357157501,0.7062773969490163,0.5752942432578287,0.054521266720413825,-0.16205026035305659,0.7620960979337306,0.4929758038283452,0.11674859944175177,0.668307192246269,0.4962589328068647,0.13784414374762036,0.10830934571206674,0.6352312587995209,0.2593193668872515,0.16771628934582705,0.620695581368573,0.21724773569185082,0.4150059773884578,0.3913643952002488,0.49434349860892146,0.5905793175951698,0.5756223524259406,0.5336709552402181,0.41703526145681735,0.2484995782282938,0.720459951234054,0.584620866083343,0.08926156204356511,0.48973178197829975,0.20231831959315483,0.15453833193170355,0.6195668964163382,0.07414647615712656,0.517887340192393,0.571481501141627,0.6282179541290587,0.7171697956218265,0.5453006500131009,0.4645781925950874,0.17168944720211313,0.31204854944457533,0.41356808814698026,0.609119715764472,0.5287172592455179,0.751444834802705,0.6660849800758272,0.46461813793801016,0.39389290802968374,0.15773198978514288,0.27293400641976945,0.45810435964351326,0.16566808381605422,-0.020133083743432627,-0.0023231408059331458,0.4950551190326788,-0.05143553538799115,-0.04138406144514926,-0.07951159998885392,0.7458737312377046,0.12174244691495706,0.5569234144693019,0.2051016514541221,0.07844322102365658,0.6358158023629731,0.15880020641108206,0.10032415660944448,0.5058054689004466,0.15118799213801445,0.5498519564855607,0.33236250102413306,0.7529582960429195,0.3068518459963667,0.13927157988723127
002304.SZ,0.29594552494525245,-0.07830619028318621,0.32584432130569735,0.022346324801091066,0.06015012885061741,0.6569777447965456,0.55723529741666,0.43785816209146583,0.19136175383770768,0.4454119540851118,0.15807072053885915,0.7564938063740013,0.3614723121005499,0.27374256524148466,0.33916558901341465,0.3270515856796335,0.10639094192467274,0.5286054490397684,1.0,0.4539647295032811,0.520897861844298,0.44753205778193944,-0.22384022923059055,0.40902652321366356,0.574477592711463,0.4553073172622968,0.44582070943755575,0.03651113146641522,0.1603439319496914,0.3253692535498971,0.44994929729171157,0.5166014758510171,0.42148406326854376,0.343399244075504,0.6057017173881799,0.32957108416664055,0.2762591265118941,0.6429618732088216,0.26711300463902093,-0.14358268802217358,0.3233188459487319,0.4816881638788773,0.6451811394837965,0.4051479656355436,0.509753574657431,0.4204707779194295,0.18665563307145472,0.6166701902035504,0.34884175053280236,0.4018635845656037,0.8346978434243056,-0.016784660226195118,0.5574392285660075,-0.1600908146926835,0.42553460423268014,0.5694776518970529,0.5050731287895904,0.7115628118109426,0.5235820608927505,0.2300710212083982,0.5965241585624907,0.01532675758495273,0.5688878430167814,0.34640091838599946,0.6823421176211104,0.4997133977086216,0.5656746589689975,0.5496030384447778,0.30642275246974615,0.09929820758726687,0.1618929067102856,0.47835266791489645,0.5237216088485562,0.31893293340059964,0.5460255554248481,0.2221592198185679,0.6750299869134458,0.15283365006847996,0.3420520160254863,0.34956160209206194,0.5244939015662323,0.31797144668371885,0.29833890698281773,0.33983587517020597,0.20875083517460913,-0.0906608563470811,0.25900410262215895,0.5774504318233932,-0.07329696768135972,0.2074498400602677,0.44474551245330113,-0.12099906488518587,0.7038206194026072,0.5064777875033135,0.4234170560485649,0.6187367773056276,-0.13895113394355915,0.6200564110844374,0.10310225537900469,0.6209295731834774,0.5856369023261421,0.28296884833027075
