,000001.SZ,000002.SZ,000069.SZ,000157.SZ,000166.SZ,000338.SZ,000568.SZ,000625.SZ,000725.SZ,000768.SZ,000776.SZ,000858.SZ,000876.SZ,000963.SZ,002007.SZ,002027.SZ,002230.SZ,002241.SZ,002304.SZ,002460.SZ,002475.SZ,002555.SZ,002594.SZ,002714.SZ,002736.SZ,300033.SZ,300059.SZ,300122.SZ,600000.SH,600011.SH,600015.SH,600016.SH,600018.SH,600019.SH,600028.SH,600029.SH,600031.SH,600036.SH,600048.SH,600050.SH,600061.SH,600085.SH,600104.SH,600111.SH,600115.SH,600196.SH,600276.SH,600362.SH,600406.SH,600436.SH,600519.SH,600570.SH,600585.SH,600588.SH,600660.SH,600741.SH,600795.SH,600837.SH,600886.SH,600887.SH,600926.SH,601006.SH,601009.SH,601021.SH,601088.SH,601155.SH,601166.SH,601169.SH,601186.SH,601211.SH,601225.SH,601229.SH,601288.SH,601318.SH,601328.SH,601336.SH,601398.SH,601601.SH,601618.SH,601628.SH,601633.SH,601668.SH,601669.SH,601688.SH,601766.SH,601788.SH,601800.SH,601818.SH,601857.SH,601877.SH,601878.SH,601881.SH,601888.SH,601901.SH,601919.SH,601939.SH,601985.SH,601988.SH,601989.SH,601998.SH,603833.SH,603993.SH
000001.SZ,1.0,0.7330176161880506,0.3921189665278011,0.17774038155879268,0.6770670504272442,-0.048429884737406254,-0.039793640976854235,0.13810213948923586,0.3278397344838495,0.2576029789007189,0.04257125379599299,-0.09929157720322968,0.2477408994244232,0.04833660743675089,0.39639305928448537,-0.07818602203963886,0.12052789766678788,0.14757051588061826,-0.1979565840848321,-0.03029754674897467,0.7336676084893438,0.5693854501640143,0.8309200583262735,-0.35406108436226535,0.5863442975517609,0.7446994759921881,0.7958475063731915,-0.10146814867362978,0.8439695206986069,-0.21205450725749553,0.863152926510604,0.8857448253914071,0.8193983915727059,0.6635222184964137,-0.012324002354425961,0.2924090223004339,-0.030503306781557632,0.5170338684208731,0.686887889320268,0.7918686710386962,0.5399976739646123,0.2531789748809295,0.1429098256922642,0.06314439318585334,0.2079405824717524,0.17322227490887365,0.4989912286785512,0.03890681470625268,0.8553690664803271,-0.11875082742877091,-0.1549750720078586,0.44810992191199195,-0.16984693747207716,0.39455872998780533,-0.16463550788329415,0.03741695599062994,0.4051261595519902,0.7754580471035912,0.06000102215993002,-0.06404139824421558,0.7647571616834378,0.7048034025635578,0.6675090556338988,0.10953736890787114,0.08928280284513546,0.48180159941107054,0.8931877436199622,0.8115443466445499,-0.34120407944164644,0.8220781599357542,0.5093655308312862,0.8324382981869046,0.9378478999219048,0.6495575017497931,0.8302757764972792,0.6852603073295055,0.8029441788031225,0.8298998701217876,-0.1274799473343913,0.8672205659987665,-0.0641306679901601,0.5392674487803506,-0.05185271319338743,0.7806991940808127,0.22831413366261732,0.7440954128465367,-0.24825263559500663,0.8652514079384975,-0.2977639201445984,0.2830906268273162,0.5829572021339842,0.6504464206792139,-0.18600662016905445,0.6871438864325409,0.29996867871171584,0.9404250047185135,0.06566109349887106,0.9013877513110854,0.5719772788225443,0.717426925924428,-0.2105831816845847,0.21557195821051015
000002.SZ,0.7330176161880506,1.0,0.6009143026706013,0.42181755751569233,0.7379127616291559,0.15305423997636067,0.04764832672281382,0.4603763623130621,0.48880701652228,0.46593344446991897,0.3329380693379616,-0.0122977965064452,0.4534832067254621,0.13100972908101652,0.25326019211880096,-0.004430934182991554,0.32021951190007597,0.4384996370171778,-0.12528995498589846,0.22202742848450066,0.4611671465225002,0.5843467033487925,0.581773218466274,-0.2658437610842974,0.7132015293940172,0.6747066667130608,0.48428686777865887,0.1693569051222172,0.7164513449706904,0.039852945339720836,0.8618025464256002,0.7687125362002899,0.7544603761903635,0.8417304463111429,0.3611081360178318,0.5544918088132685,0.2246837374483426,0.5186674983626597,0.9219917776059651,0.8253521406072966,0.7224910388940056,0.3618995794304429,0.38932260457853246,0.2985611733737435,0.5663686526923041,0.1720549857908941,0.648384292819591,0.33468527988344743,0.7448638410619761,0.0847883873295524,-0.08419056830332326,0.5063504381219429,0.07758416170878045,0.4632018368401967,-0.08227207766107751,0.26219343974039894,0.6020249715918505,0.7466872108511474,0.3477211225403076,-0.17495364029557225,0.6463106090363012,0.7676466970563457,0.7381950192284422,0.25352701266517214,0.10352538763547059,0.7366772198962538,0.8186554324935887,0.8108515262603252,-0.115000693841098,0.7584864279582314,0.6290730039861927,0.7792007833477674,0.7919290277529564,0.541055502533682,0.7700495600936287,0.5131923577564741,0.8825483911944998,0.5970474823609705,0.08807197691654924,0.6820701214914756,0.19826054358506395,0.7564945493784133,0.13329708305529095,0.7049010723489032,0.39378454434647386,0.6990332727490519,-0.15933679237658674,0.6535787970101284,-0.08072654658400016,0.5642738091385313,0.7433802282345372,0.7415359213167374,0.026007126355482812,0.7285095489762786,0.5422589146363987,0.8472690519114972,0.31779989082261784,0.8355934510345137,0.7426723796962946,0.8107657467922339,0.08782473886870774,0.48986353578490305
000069.SZ,0.3921189665278011,0.6009143026706013,1.0,0.7684357903648452,0.7033887277582882,0.6039019744894115,0.4212200066644362,0.7931434987949433,0.8004696325458837,0.616584259993932,0.7442057977213107,0.43810563055057433,0.7726434649475502,0.5677284476029885,0.4863913110697728,0.43854524039023746,0.7506056758748788,0.8069457447064358,0.3415840697967422,0.6406094304991103,-0.04597639108309675,0.47881531234084124,0.28093306822905184,0.12714234755659834,0.7452862343028804,0.4870520542679637,0.08299865371501987,0.4313844362850972,0.20729402138051603,0.4696092107387231,0.583883278788993,0.3660997746733036,0.5335138572854434,0.6063277355789113,0.5319458678872785,0.7545542534158621,0.5631990418844954,0.6825510086997518,0.6041963162355134,0.6952533549704198,0.6933609845963019,0.7550355661440302,0.6722236995274183,0.6654645219107745,0.7951979751809629,0.599003951447179,0.594883094365726,0.7493297337972722,0.6212740269544322,0.6283656661212101,0.3320979002944579,0.7644678140781385,0.38196559102675337,0.7012591791526859,0.4372878980128841,0.7771728713526679,0.8244238025952928,0.5701569035768483,0.5891022805545242,0.10921648880956608,0.32250888485173346,0.7222243819924158,0.7526844802422094,0.6684762674445999,0.3492379546036948,0.8282659206240957,0.4868841143717344,0.5785893711190072,0.24774698642185541,0.5708407633323811,0.7399316197219478,0.5248734377756364,0.44919265687397475,0.5756586953882309,0.4244726524649356,0.5378372914602406,0.6598108674646552,0.4286188876625123,0.6184619512480479,0.49274973482044176,0.7123726642563857,0.8379016613127175,0.6511103751842063,0.49005278373440636,0.6820131981960834,0.6174762868954528,0.10542740546966034,0.1860925794540015,0.26564015410459524,0.7895849333640471,0.7828179842972571,0.6715448676481203,0.46903525175190786,0.7107965698652755,0.7827418098399429,0.46290606367127474,0.768032605273901,0.5301471306569747,0.7124175395602307,0.7203832910757364,0.6162870520747332,0.8336173310695822
000157.SZ,0.17774038155879268,0.42181755751569233,0.7684357903648452,1.0,0.46934748290511896,0.8765598741717855,0.5846225599972446,0.844181084038917,0.9502581008133828,0.7906575257762657,0.7513821808797352,0.6379189452040422,0.8993159751235943,0.6005481253846973,0.3448334331756884,0.5737814441419934,0.8750532376789574,0.9296737954080702,0.4796025102462911,0.8512754596705587,-0.2517686043129453,0.42513287041493286,0.2057884352484579,0.4527198643087155,0.5092846266602706,0.12480705149314998,-0.21676295029053785,0.6916574909629105,-0.04098859894421861,0.6775542398613617,0.46582162658088827,0.16257721937939743,0.45974963954869524,0.5825151992327099,0.7862718167806054,0.9306211901673982,0.8194453114494183,0.6089877476300675,0.2720808236731257,0.6117071738938018,0.3566505411019702,0.8009682364476811,0.8122899194363112,0.7192805409949649,0.914986009484741,0.6585723616901883,0.6435243760052959,0.9030653306739277,0.3266006565536356,0.7033023637490631,0.5127123522582512,0.7217133926771173,0.5968142724547816,0.697845522825867,0.5295361922060058,0.8000898616867205,0.9176450321202752,0.2515364227927979,0.8140664802629297,0.26928529654347694,0.007680761561642945,0.6325150277206276,0.5345788031251412,0.6873652739783244,0.5159155118938953,0.6416663479813338,0.21611844536567157,0.31451821389449197,0.517514562572265,0.3057852693258654,0.5761774482527203,0.29492284101428196,0.23258502081704724,0.5079372298700274,0.10025776166115814,0.4109973312871986,0.4911452136685787,0.16373804535796962,0.787141067175959,0.25608507721938184,0.8001373198159519,0.7550647848202248,0.787445699528435,0.15231198992066378,0.7783414948796915,0.3426264427468952,0.37386962366056425,-0.09861509994235322,0.6599955369178726,0.7480149072404143,0.529360292581438,0.39022858915851416,0.6168149953768682,0.501928404599084,0.9244898445154028,0.23931305460015073,0.9164855414619509,0.3074279930313825,0.7405874227371744,0.5960046391257751,0.7402352507001885,0.9202628010447945
000166.SZ,0.6770670504272442,0.7379127616291559,0.7033887277582882,0.46934748290511896,1.0,0.18392818054559967,0.04705314818036588,0.5381961405435468,0.5932121548688728,0.401656149887824,0.5483940960036445,0.05694354170063746,0.4894259764837064,0.1670016769223207,0.43293313294244024,0.037034527429264504,0.47904953984518556,0.458460494306618,-0.01921075849416054,0.27846082122880916,0.37629717892066167,0.6081835359568969,0.5168485617042445,-0.2358148518187876,0.9736791131839518,0.8530582053558061,0.5780481242021568,0.11556469589427944,0.6664253883934896,0.1641905623144672,0.8233354168232707,0.7296439825886512,0.7306373315929885,0.6366935469044984,0.17459441205639484,0.5366877902408251,0.2397863148329431,0.4383674774011197,0.7432513012991203,0.896598089994908,0.9053387588676572,0.4109244496687279,0.3093984798727351,0.4094529231708146,0.4733045588497555,0.21141916422012508,0.5421295583341131,0.4239215630784623,0.7890938920469596,0.1520704567536767,-0.018437499390985972,0.54309270092172,0.026817794250737992,0.4958942855715127,-0.046984181791829886,0.24832809194189787,0.66461508070448,0.950379697138319,0.2930276598062668,-0.14904543775567786,0.7709453810685324,0.7934049510767521,0.8259357332658265,0.3284695398949537,0.21358256646166238,0.7466464941687933,0.7735926713596882,0.8545397003334031,-0.12948660561746336,0.9359430230402999,0.5908214499149168,0.8301910462970943,0.6912171025063883,0.48621280691772917,0.7776611957835944,0.46884494187550163,0.7777271458587256,0.5558728297669336,0.22287877826065283,0.7190340584182121,0.31978129315625875,0.8035098223084925,0.24127796417069444,0.907107558893539,0.5020964778483337,0.9663756370352165,-0.13744117562977515,0.6070791671910434,-0.1216714806676461,0.6145754553554709,0.9499075040902868,0.966712972920182,0.022876977008915927,0.9785140454980077,0.5830895913755039,0.7146235405585641,0.4365013699063829,0.8057806142775755,0.7293609099936486,0.8078363760899249,0.17478120536157524,0.5809627156759747
000338.SZ,-0.048429884737406254,0.15305423997636067,0.6039019744894115,0.8765598741717855,0.18392818054559967,1.0,0.6585260201050911,0.7184898235489733,0.8175019297183854,0.7115563750630925,0.6904887700575252,0.7795521535300572,0.8267538272378648,0.6400773647547316,0.3831131730306065,0.7142923432176849,0.7904716069583569,0.8334673360023223,0.6463540324005651,0.8365635156582817,-0.36344221221776873,0.22650582217871942,0.06962466731186047,0.6539653476702145,0.22211328117017884,-0.1656969643070911,-0.41019327752150275,0.7320174198408856,-0.3412749822990733,0.7288643278204364,0.20050119082161233,-0.1220029278454879,0.171009888412638,0.4339707025016704,0.79229060148456,0.8201284787104813,0.8157339879133522,0.5626120932701139,-0.010997422555584738,0.3376752945741817,0.061348764593262085,0.7782558526204509,0.7882794815722131,0.7040142393485541,0.7976423482452079,0.7297036441081955,0.4985387707866842,0.8812160847490272,0.059574941058541914,0.7786511913969326,0.6873740203008571,0.6001590290674358,0.7222956802065136,0.5762384397751098,0.6569292578034839,0.8282627881614686,0.7357201268716679,-0.039941850369885144,0.8077488170201671,0.46264975572648265,-0.24960402234263704,0.4207280785437513,0.39052317128702746,0.7329110298128367,0.5745024601130061,0.4107356836080027,-0.058599968378591626,0.012870130848562422,0.7039862738641647,0.03789636875922872,0.46068372078431263,-0.024378257640921344,-0.013260128023743453,0.45222149978044474,-0.22177616665349809,0.36638654077448557,0.25841429652197806,0.05696400969285284,0.8633478625842125,0.08056769130781517,0.7862476026342357,0.5540130028206278,0.8593186087201623,-0.11278284000501744,0.7503399777259485,0.04986180439965151,0.541180090902441,-0.34272687372377875,0.785324529337471,0.6429682936772302,0.275552165603743,0.09075466129223847,0.7164613522885737,0.20862018703736288,0.7651401748113885,-0.015040354550211918,0.8995361180802793,0.010488218628398336,0.5404691699437582,0.34018568907033564,0.7702688654657863,0.819060830116666
000568.SZ,-0.039793640976854235,0.04764832672281382,0.4212200066644362,0.5846225599972446,0.04705314818036588,0.6585260201050911,1.0,0.4311011341419222,0.5919281892129548,0.5517472529471026,0.49329918986928195,0.8860598929445961,0.44474236777035503,0.8551493812292863,0.4531475464834393,0.8083997410330387,0.523513978830236,0.6003171443449227,0.8873129020551244,0.6069604401291757,-0.22204025451594464,-0.001952493017060769,0.19858088043200492,0.6623670266586456,0.08383348604197306,-0.25744944033739475,-0.2475473794057842,0.7299768289681507,-0.3122568539140488,0.7358586498906101,0.06495184784139683,-0.16339321237639529,-0.011504300115703053,0.3672169380666361,0.631327721751585,0.5986698153201635,0.7242325964777817,0.6250983247339899,-0.11133545704202792,0.18486352532998626,-0.12633888148163686,0.6508739063149007,0.5940036587655173,0.3422760562959208,0.5533346977878711,0.7760689920105736,0.5703554745876026,0.5422752217667614,0.07801081638756777,0.7918882778711313,0.824490372386033,0.6761497010950834,0.8509153291702446,0.41247608682675896,0.8709342514914694,0.7038355596883109,0.37275397183693343,-0.08773635181526045,0.716730796739415,0.8033390964732338,-0.2958630905943342,0.1701776916262017,0.11941631959851166,0.5201806174920574,0.40597222287725554,0.18459905945125343,-0.14776596569843603,-0.13332909634350693,0.5370482501390387,0.011373195576068537,0.3220755664957497,-0.09036797413169673,-0.006793163453098767,0.60212505278299,-0.2397861265754185,0.4690231978838984,0.16556376022615177,0.22174920605837478,0.7204315264271419,0.21901063767222229,0.5780200917521284,0.3110724198679649,0.7890394523238283,-0.13339269710935933,0.5547648467579155,-0.0162342887893141,0.4879486136098974,-0.30208340525797117,0.5905762603382065,0.22905123600834532,0.11496514747482271,-0.032890392734253204,0.6718898552630638,0.08045905786729662,0.37352016188111614,-0.03577518104420808,0.5795327875287293,-0.09753987903704713,0.3185233408334294,0.16176678349775395,0.6848786566195035,0.5044392506203434
000625.SZ,0.13810213948923586,0.4603763623130621,0.7931434987949433,0.844181084038917,0.5381961405435468,0.7184898235489733,0.4311011341419222,1.0,0.8028420281645009,0.6267641106017777,0.8017723000384698,0.44174429093062173,0.8168272055884042,0.5061519148008607,0.33708200588354414,0.43467452072313756,0.8149554083158463,0.8187590658966813,0.3580394812560559,0.7433587955586081,-0.2785779517364964,0.3090978876093657,0.08690319149285965,0.29059243503911186,0.5944628280574993,0.18997129460890172,-0.22866317167418956,0.5622042196876377,-0.05611746771701744,0.5890779072738525,0.43665113157245233,0.09745256259418918,0.3774412158179672,0.49949418343421215,0.6299518424998733,0.7896849854493625,0.6598467614745968,0.45187506222289425,0.4429874436264957,0.5564883226826703,0.5214443099363543,0.7347199147853062,0.7374019034184579,0.6891161365739622,0.7629052593415812,0.5007355217778741,0.4620483578103099,0.827481288649465,0.2872351494244041,0.5982933514777178,0.35486360293226155,0.6247763001776616,0.5156033696416401,0.5782489253601583,0.4418932221836092,0.7504389504610834,0.840983036034285,0.34081408280758874,0.6725569868215012,0.13338636967404746,0.12108650271724351,0.5316054470416985,0.5505232414117419,0.6727190373406664,0.43419747501503814,0.7786428220016272,0.21285785192319626,0.37329131443881836,0.45198960919626724,0.3287429536444147,0.5982124951536186,0.2828846719223914,0.1726684868543458,0.33135905670146126,0.12379768582452373,0.30757256969767915,0.47579613330858805,0.11996160469641709,0.6743822462994014,0.2116479409020061,0.8672343597137754,0.6931337286859668,0.6507059473735008,0.2345314331415087,0.6225565773351066,0.4152237282650329,0.22062864503160215,-0.12725508627999155,0.4518833807012164,0.7968187047952179,0.6366733350594985,0.48944896045807346,0.5283794590976735,0.5461207049573367,0.8284165304856207,0.20915742782949032,0.8018479176621026,0.2683912255942403,0.6200789502009131,0.6666687354268307,0.7924011844062697,0.8559662073421878
000725.SZ,0.3278397344838495,0.48880701652228,0.8004696325458837,0.9502581008133828,0.5932121548688728,0.8175019297183854,0.5919281892129548,0.8028420281645009,1.0,0.788004065725837,0.7377440333563595,0.6573418909809162,0.8679952371905162,0.6320390559421468,0.4733954740297526,0.6125868352648752,0.8915623360619341,0.9045936410809597,0.5117562374418082,0.8049736665315411,-0.09641168396186672,0.49042635939104845,0.3980213183366607,0.3773485150601961,0.6046440791757324,0.27818471845211995,-0.005561893948694552,0.6590349064622899,0.10115490579335386,0.6491401007242661,0.5751992196759556,0.30516155491460795,0.5548785908495116,0.6589376803172035,0.7210007592693967,0.9171809018397524,0.7798171933555907,0.6919709585393575,0.344291038888209,0.7260129626270827,0.4253984864575126,0.8174363213500379,0.7830936496607156,0.63275620166007,0.8566159782516108,0.7169717548833571,0.7052969131752262,0.8231751359766232,0.4916525654459736,0.6971649154354047,0.5500012446752638,0.8029064738203858,0.5761847917788483,0.7560591009561789,0.5096981088764668,0.7655586903604324,0.9080049888118845,0.40626508935844846,0.7731934320076137,0.3140489893374156,0.12668625306161396,0.7334349914405216,0.6057936211817317,0.6830294499932507,0.48665843583371343,0.7056019163472239,0.3282262912174657,0.42628164453389034,0.38295054669134415,0.4646026568072214,0.6220317075364565,0.41937282105525736,0.3765459016833552,0.6548517393576881,0.2284329544031536,0.5377720326591778,0.5872334517609864,0.3445244813262538,0.7469522039239328,0.43215606119751776,0.7405503601695335,0.7908023240573153,0.7620174267980961,0.29987735939269466,0.789143750359507,0.4964443283441002,0.2821167888556328,0.04637250938882423,0.5485073488376703,0.7333280299990262,0.620690695502219,0.5079450953253234,0.5763343200573768,0.6322361528294316,0.8878132126072164,0.37526787747205687,0.8729062490221771,0.42675137718310907,0.7877548738494592,0.6758585045821465,0.6705150712221544,0.8974163049394347
000768.SZ,0.2576029789007189,0.46593344446991897,0.616584259993932,0.7906575257762657,0.401656149887824,0.7115563750630925,0.5517472529471026,0.6267641106017777,0.788004065725837,1.0,0.6424877426681685,0.5811412300443587,0.7982382415859227,0.6213894708087891,0.49691468564191155,0.5651658974541437,0.7454764988647414,0.7280945554005599,0.4510697865938542,0.7228699017020112,-0.039924981902640544,0.3671745256738608,0.41516698753075393,0.4858663095215044,0.4415422090270725,0.06384620726822239,-0.10222159460302209,0.7539129019529063,0.017396806758373407,0.582257586881553,0.47399131368561975,0.18095100616094414,0.43922087632143997,0.6212625331911398,0.7625548244338622,0.8303598297946803,0.7986438566035173,0.6504904668248692,0.2600154188656114,0.55322186467366,0.21953415294659193,0.7359999184969069,0.6694568427025592,0.5394296373884965,0.808917545115225,0.6327703475759289,0.7490169747542126,0.677463771825673,0.35500530027122834,0.6550573297155754,0.5130601263763828,0.7123952168966118,0.5601990770762966,0.6860095282065223,0.4622854618722685,0.6576430119907136,0.7255473431002994,0.2278784177873662,0.75480232967587,0.32769279858183653,0.032068836501719045,0.5519730832628125,0.4563812526158511,0.6149463813322235,0.4901990042546118,0.5165049656324253,0.21595771347090587,0.24344696869817806,0.44744215261705,0.3056550060999663,0.5185081904024013,0.23289530123385224,0.3180095307149718,0.5897707230391808,0.05754360111781434,0.5735505031555609,0.5164566120565554,0.3313512890623635,0.6569971403505712,0.351357563478518,0.586261149332753,0.6175782609392755,0.6140904424319557,0.16604129540168458,0.620391428848217,0.277308116039993,0.42672551420941285,-0.02300672574539664,0.582943662439091,0.6014005310530468,0.43642405336202295,0.29895702927766726,0.6518549269694373,0.4008120910874866,0.7455685201175527,0.33554460226172494,0.7094184831299449,0.2716187909807586,0.6710933866922528,0.5165712593614142,0.5499846076728878,0.7038763807419187
000776.SZ,0.04257125379599299,0.3329380693379616,0.7442057977213107,0.7513821808797352,0.5483940960036445,0.6904887700575252,0.49329918986928195,0.8017723000384698,0.7377440333563595,0.6424877426681685,1.0,0.5734566309219362,0.7944355939245508,0.54457620859945,0.42402752134218197,0.5050837423943418,0.8327233681650904,0.7329051299288846,0.5028676586874731,0.6773743214073251,-0.29308078986008557,0.15143836832262692,0.031379280512546924,0.5054476453866154,0.6373234420227522,0.17861652161290176,-0.1836273275583131,0.6919694976623899,-0.08476215346010818,0.7533642825496382,0.35623151748603976,0.05276225719830332,0.14500569187868156,0.43868149003646223,0.6355619622278701,0.7391102987157399,0.7928664518402861,0.5178017262501355,0.2836759345785698,0.4750776921240247,0.46540572799433827,0.719470569972703,0.5897748404492297,0.6903165702417143,0.729751723309931,0.5187502613340408,0.532356137537513,0.8168648463134529,0.25075750173554207,0.757963735416166,0.4846978274599656,0.6025453030115073,0.5900791960459374,0.48156285625643264,0.5142153960253512,0.6911290752382898,0.712000269636991,0.350001044274449,0.6198379774476347,0.3232425452104869,0.11712220227440807,0.41132833413718767,0.5100143095352226,0.6946563186714809,0.5518553854487075,0.6537577908192217,0.17928186846431315,0.2974459975261517,0.5529108419091012,0.363967627593202,0.5584779746929099,0.20291865660657957,0.0839780338656067,0.35910008139795907,0.059348235196305964,0.350868210882394,0.4516772090479149,0.15904764609709912,0.7148584175920082,0.2299248505033683,0.8038971567322074,0.6737982232205678,0.7011852015502237,0.28118865746102134,0.67544319027516,0.4155590823531002,0.4100478179143099,-0.14908617888636935,0.5459228757538951,0.7388901184381198,0.6264404258746206,0.4709271644451512,0.6860067723312827,0.5505975400911142,0.733638748308416,0.16145648669486948,0.7746598040882066,0.19151616627709864,0.4618760743844075,0.5359858801205412,0.7379740660333344,0.789285379433577
000858.SZ,-0.09929157720322968,-0.0122977965064452,0.43810563055057433,0.6379189452040422,0.05694354170063746,0.7795521535300572,0.8860598929445961,0.44174429093062173,0.6573418909809162,0.5811412300443587,0.5734566309219362,1.0,0.5280712590351709,0.7852123514631854,0.4829319180278944,0.9329029439869522,0.589454459513268,0.5909023375204691,0.9466749835596016,0.6521478288996579,-0.3329531471395967,-0.0019824284121735627,0.1478336566489987,0.7657101305914145,0.09541675592249714,-0.2662109284747444,-0.30708811520234114,0.7429525399299749,-0.3692715180557254,0.8061252195638987,0.04680092931892813,-0.18751268348750572,-0.05787843143837506,0.3439203549298684,0.6639878946433471,0.6329473403950183,0.765424105428938,0.6337789927537827,-0.19410724187143238,0.16026720777389145,-0.1444373806098466,0.6560048102137229,0.6729668750228237,0.42288715135716926,0.5771689528120856,0.8535626038461467,0.5002569668664915,0.6090360690329507,0.02557019484327021,0.8487169865001261,0.953033059425958,0.6309896356774675,0.8512440381587213,0.38165717427500073,0.8262035329748644,0.7704329773004014,0.40040753973965476,-0.11628089539754825,0.6854728690175999,0.7684342370580995,-0.3260744148211025,0.19422701812845633,0.15930356068380241,0.5598164412727581,0.4254001881224763,0.16065394406723219,-0.1871146151905143,-0.13850479271952706,0.5767111320829903,-0.027876075071128936,0.28120276322832904,-0.11330169476549834,-0.067128042402208,0.6027971597233298,-0.29817228220236336,0.4437489118587012,0.11960576157301635,0.17443959749082394,0.8306753730428148,0.15438434585794497,0.6619672747725741,0.3230947620209265,0.8567216697433605,-0.17373474894837004,0.594948202630405,-0.0358879406222898,0.537381951818121,-0.3485432351584528,0.6653305648891985,0.2800136483656362,0.12942979027310075,-0.034837896373883216,0.6951651426507475,0.07549741038567781,0.40514879827276534,-0.08522960607210023,0.6868167066098313,-0.1274892253576891,0.30181273403305275,0.126686744664587,0.7014631358865676,0.5864413267918348
000876.SZ,0.2477408994244232,0.4534832067254621,0.7726434649475502,0.8993159751235943,0.4894259764837064,0.8267538272378648,0.44474236777035503,0.8168272055884042,0.8679952371905162,0.7982382415859227,0.7944355939245508,0.5280712590351709,1.0,0.5440561415051055,0.4505627984121002,0.5081360260627145,0.8337857329319825,0.8541819455028549,0.37106317352813506,0.7625955108130777,-0.17531119674120987,0.40291279370195293,0.2580024803645615,0.44624000543558107,0.5331284118758934,0.16214773504762361,-0.15917912848717977,0.617226858238369,0.007071556782252769,0.5755911375386039,0.49455016993807166,0.18380529889338582,0.4418625609515412,0.5717146567014251,0.7035089348048449,0.853958405698427,0.7832076776479974,0.6051120019608527,0.3519637045903003,0.6155089576027849,0.3882294137850182,0.7980745736871974,0.7106924363410533,0.7696490967723809,0.8533795786846173,0.6234312033960477,0.6213443075518333,0.8923325855879901,0.36644514642373677,0.6591659990461094,0.43158109799438044,0.6706053610250894,0.5249861756282056,0.6539155643187902,0.4697186361043899,0.7680417274550114,0.9006512996401597,0.2890742106289138,0.7306652180640884,0.2338458854912473,0.12908555931465998,0.6406169470007157,0.5893667880447644,0.7700314218094412,0.6109007075426859,0.676026844298729,0.300734815081402,0.35285962112886016,0.5790025373283741,0.3366654736475921,0.6470868882986411,0.29232694104114815,0.2939186819972205,0.48898219516802416,0.1344268771339681,0.48887683306517343,0.5412563864153577,0.25532052950364276,0.7408965182053682,0.3036039613219062,0.7436740384096642,0.7800004654779453,0.7232281216563893,0.2206585991868094,0.7555771744098817,0.35031381461931826,0.4619180961500447,-0.022175065907239794,0.6083488350938943,0.7806499153483498,0.5526189352914262,0.39679366544096567,0.6324313088383983,0.4957215477748213,0.9129203130085225,0.31121307670283826,0.8651008264832156,0.341119181347077,0.6947932645867775,0.6023062485895166,0.6375225604080308,0.8660531814796707
000963.SZ,0.04833660743675089,0.13100972908101652,0.5677284476029885,0.6005481253846973,0.1670016769223207,0.6400773647547316,0.8551493812292863,0.5061519148008607,0.6320390559421468,0.6213894708087891,0.54457620859945,0.7852123514631854,0.5440561415051055,1.0,0.5940010503505344,0.7914301843203083,0.5794509826659843,0.5949101427752618,0.8154631139138949,0.6024546858327163,-0.12998834952840918,0.045624602582931745,0.25304532711004013,0.5536631626574355,0.19275678881588634,-0.14329721785525293,-0.16439931483918635,0.6936376830305414,-0.27158059187253997,0.6249180885700353,0.1390517914543344,-0.09274907596631783,0.0749813718562853,0.38636662942947336,0.5992719048654034,0.6009117564072542,0.7081150860658028,0.6803694675333385,0.021608908579830638,0.2484672034268579,0.026908007863704324,0.6751626901315045,0.6002254245669134,0.41695042684375055,0.5827762954285989,0.824597057568007,0.6031296253985245,0.5651155638716239,0.1876332199457338,0.7713258660921668,0.7818910770476158,0.7982051471505969,0.7267148666779973,0.518194571066623,0.9137296365914124,0.8125387619989829,0.45455561661717986,0.018104803113113063,0.6773138003798248,0.7228865525311741,-0.18610297815902607,0.2974889833893213,0.24195476052699946,0.6314246711613735,0.39748571365924373,0.31762637592717863,-0.06329232052793622,-0.034882324154575144,0.47476656726511157,0.10885902981327737,0.43813186088255324,-0.04630864325340898,0.10148308017241704,0.6621042481008702,-0.1724634475328399,0.6154037606585449,0.2143316679401569,0.36174704839548627,0.7563912957277207,0.3511599691795096,0.5751222692288794,0.39794302847189406,0.7831082088110309,-0.008036385780400493,0.592580380974178,0.07892892040898804,0.4381513563980546,-0.20802099196657997,0.5356313555485285,0.36428907073665234,0.2377759633644848,0.08942189634536003,0.747121972350356,0.18323012693175722,0.44015803337921344,0.0473508921510139,0.6355058168923771,-0.01680762659050079,0.3738225913553197,0.2406528072223619,0.6828767108242104,0.5892901179557594
002007.SZ,0.39639305928448537,0.25326019211880096,0.4863913110697728,0.3448334331756884,0.43293313294244024,0.3831131730306065,0.4531475464834393,0.33708200588354414,0.4733954740297526,0.49691468564191155,0.42402752134218197,0.4829319180278944,0.4505627984121002,0.5940010503505344,1.0,0.5624896427552273,0.40062067730353795,0.3383298373372921,0.4876085192766671,0.3783034179753622,0.26713399889447204,0.08901762111196022,0.4943298273892886,0.2454438181992256,0.4029412428202028,0.20454469774628012,0.23747196501248058,0.36811310425161975,0.06392627178936196,0.24731908399057898,0.36755728154548417,0.1475914320644057,0.269579804869247,0.3443021983201126,0.22364465236939834,0.37288870110315314,0.3922517548448185,0.6275588815566748,0.1986825060692282,0.44836135192271404,0.21005483490600704,0.5772354621644569,0.3378978900347716,0.24590534721565135,0.317234644860594,0.7110109407745379,0.4399246162778221,0.3499497142850929,0.4240493503813068,0.45783065244878784,0.5315111616898922,0.6681147122495137,0.3277045423877712,0.48857504473224256,0.436511559587627,0.5066786509253013,0.3782366284589946,0.3576073493452778,0.4300401923182546,0.45306258684910156,0.27386066948669013,0.39483582133799094,0.4417434397376416,0.49208460939330134,0.4823300495192537,0.3473640690238837,0.26959136164369774,0.21612697162619965,0.181079457999352,0.4149460546011789,0.46639146736538595,0.2411907259088603,0.36075800047471557,0.677512580553171,0.1283905978382632,0.7447349176176911,0.35949715196379617,0.6517510015807687,0.4460619227029396,0.6107943973182012,0.3326117479723718,0.3912488783719678,0.434863781897278,0.3611314618618609,0.3700801622946363,0.38409341864609264,0.20323997677201508,0.13330643652703117,0.15299412796981196,0.3401272379669118,0.42382728303032996,0.3117018198038705,0.4104698712012968,0.4025238199599855,0.33784878814542524,0.3282961901622477,0.42947311375493064,0.24229272469082286,0.3523152479739659,0.35489874684658146,0.2987024086957335,0.36719792811449836
002027.SZ,-0.07818602203963886,-0.004430934182991554,0.43854524039023746,0.5737814441419934,0.037034527429264504,0.7142923432176849,0.8083997410330387,0.43467452072313756,0.6125868352648752,0.5651658974541437,0.5050837423943418,0.9329029439869522,0.5081360260627145,0.7914301843203083,0.5624896427552273,1.0,0.5234163221757208,0.5476429712897576,0.9262327484362607,0.5495663168041356,-0.28890350172217344,-0.04963567000149482,0.1562810020219602,0.697733418614272,0.06627504269348339,-0.25690425058699207,-0.2890043656919867,0.7149242685164866,-0.3659312107802901,0.7027497273569309,0.03268118411230054,-0.2017859926907383,-0.074371773972713,0.283661403044844,0.6038775586627545,0.556754045278148,0.7213625060158916,0.6505159738544438,-0.1439223746987592,0.13476189282256337,-0.14445738259516103,0.6380645781002863,0.6356702166079419,0.36164587667971676,0.5217683468413005,0.9077498528529605,0.43167658973815176,0.5186137696813451,0.04014630668850739,0.7872764622273828,0.9540763024644026,0.6563366362976187,0.7920313417424015,0.4032854696399764,0.8275061610775417,0.7974694037843094,0.34937714862315566,-0.1304765660766504,0.6482207548945148,0.7555755632326111,-0.2760079516719807,0.17184779549239193,0.15252242129824345,0.5597728610746006,0.37429702866063264,0.1792515559948753,-0.1685311696958185,-0.13472625070659708,0.49644751453895775,-0.06175985367616044,0.3047027262538639,-0.10803234630440293,-0.047702595574193075,0.6137215842723638,-0.2793221091570715,0.49326254273463305,0.09065096313664711,0.23490195887269857,0.8115546006263697,0.17953547749642149,0.6479231638854986,0.26425114664142235,0.8141825491349989,-0.19084969741385707,0.5172652662649829,-0.05295421708700062,0.46465290527020353,-0.3278976239521845,0.630489133867853,0.2091798035931434,0.11483393733528187,-0.043991998262534436,0.6696945530852361,0.04604649278825385,0.37141999870054754,-0.0790292087144602,0.6414796420554542,-0.13231510699037288,0.25167104261142564,0.12923058670250195,0.6824343679324322,0.5162434409107942
002230.SZ,0.12052789766678788,0.32021951190007597,0.7506056758748788,0.8750532376789574,0.47904953984518556,0.7904716069583569,0.523513978830236,0.8149554083158463,0.8915623360619341,0.7454764988647414,0.8327233681650904,0.589454459513268,0.8337857329319825,0.5794509826659843,0.40062067730353795,0.5234163221757208,1.0,0.8404276517284242,0.47271536970545563,0.8175159217140896,-0.2761687230795357,0.331516175603592,0.18267316265856648,0.4266250271308403,0.5315790024454184,0.1482359079811146,-0.17203125778005227,0.7029678178027425,-0.10300152598360425,0.700452635240088,0.40801562538667263,0.09769168184975212,0.3390889108299504,0.5033200737682861,0.6918372339246545,0.8140179722276359,0.7789781943440022,0.5927372251501427,0.22456874902523027,0.5324843427961335,0.3395889189866789,0.8488756656112045,0.7370141191828052,0.6134819330925821,0.7656236015687464,0.6023602017964474,0.5783809611832814,0.802588209785295,0.3108758828005533,0.7838365234356145,0.4841999808727708,0.7032775192487627,0.5799118959448394,0.7146897238465733,0.4961702087577584,0.7345722562613864,0.8268475317023823,0.28608660598090013,0.6929281885662925,0.3197209328728573,-0.015929373630196683,0.5197931149754244,0.4954100979692457,0.7801890032352885,0.46457772418416377,0.7275817051384301,0.14646079864128933,0.263749096821286,0.4804939465637624,0.3329455070218632,0.5123799050345391,0.221127085791876,0.14918349678830678,0.4524257537161352,0.028346969991061524,0.4088162921058512,0.4304392799034278,0.17463801607974058,0.7063543476738293,0.24843194295418816,0.8106255357693511,0.6546966818396464,0.7175009221457528,0.17481165192569262,0.7297574412005524,0.386189259926595,0.31737798993693694,-0.16742019018767462,0.5617281573626643,0.7685710052366663,0.5305712218274373,0.4003605227621288,0.6844033891138248,0.5331875908548017,0.8198233979913022,0.1965208054620371,0.829749028588895,0.21788259014517972,0.5920564138690928,0.5912671665643573,0.7546575784135438,0.8383477333738237
002241.SZ,0.14757051588061826,0.4384996370171778,0.8069457447064358,0.9296737954080702,0.458460494306618,0.8334673360023223,0.6003171443449227,0.8187590658966813,0.9045936410809597,0.7280945554005599,0.7329051299288846,0.5909023375204691,0.8541819455028549,0.5949101427752618,0.3383298373372921,0.5476429712897576,0.8404276517284242,1.0,0.4581231517977822,0.8174759270544749,-0.20521206735237676,0.41487019418321874,0.15077936943751286,0.3606967981941689,0.49821267731988855,0.1652775617784484,-0.18308922858323148,0.6468782748368017,-0.03492853839043691,0.6432774644462008,0.43279684600578877,0.15275702145180048,0.43287634873539665,0.5569659837525629,0.7451079559224603,0.8888327535133179,0.7719922392402365,0.5855759270833698,0.3253209153680033,0.5935913760367804,0.3755798606975638,0.8142856218204316,0.7628521094487728,0.6472373982980144,0.8999706297103147,0.6526713279010186,0.6303398386901301,0.8746986356241062,0.3607345677791835,0.7047416632741301,0.4662972745328215,0.7196396315125001,0.5629979158471272,0.7387142948171533,0.5259479387485173,0.7925964450009597,0.8861886602525314,0.2658031866538562,0.804700795353379,0.24719381734657464,-0.0008748845237798822,0.6180072400290589,0.5262237057049113,0.7066884052237284,0.45280250734858213,0.6653457402486727,0.2299971192558382,0.33425712020042403,0.4883416823214439,0.3153050958304568,0.5854264537652476,0.304928489973453,0.2223510519401192,0.4877467658403118,0.1265969807401414,0.37734347047825634,0.4905736093633675,0.16679935707925278,0.7229166365696603,0.24401185086826085,0.7698347005757901,0.7436334777642419,0.7515514516430666,0.1729889870015006,0.7661439753659595,0.3462241022872507,0.2948236565531175,-0.09298180769705959,0.5951646039380837,0.7405844308452995,0.5264406712340243,0.38685002054749845,0.6025611407104242,0.49725686545638986,0.8957357729238472,0.22743086921314967,0.8635398025946469,0.3140305428224442,0.7327031857485927,0.5961148909068562,0.6911983514501153,0.86079282983941
002304.SZ,-0.1979565840848321,-0.12528995498589846,0.3415840697967422,0.4796025102462911,-0.01921075849416054,0.6463540324005651,0.8873129020551244,0.3580394812560559,0.5117562374418082,0.4510697865938542,0.5028676586874731,0.9466749835596016,0.37106317352813506,0.8154631139138949,0.4876085192766671,0.9262327484362607,0.47271536970545563,0.4581231517977822,1.0,0.5258667271259722,-0.35062982510827956,-0.11390471264509476,0.05859714359576639,0.7288465354865528,0.029649090653376748,-0.32359029658084565,-0.31472120100377904,0.7104744717894391,-0.4464613829791734,0.7703131930024919,-0.0785410862055788,-0.2877760842394118,-0.20955048790348849,0.21933895768070136,0.5617306361281215,0.4787958355613873,0.6894925265566796,0.5528982855198845,-0.24947017184608825,0.021690601481416966,-0.18257864639889884,0.5378335532785271,0.5602950139217908,0.34271689609203576,0.42119897851131555,0.7919024120361465,0.4026981531100648,0.47402894461301176,-0.07661923517704924,0.7825730757088826,0.96632224606302,0.5664038252777511,0.8488813049081269,0.2857109549481145,0.8674818328572443,0.7002006480529187,0.23884119064089113,-0.16667012624028943,0.6071459259091335,0.8225123445508737,-0.3479671678248946,0.048175057031407065,0.04819514898168346,0.5145674152782367,0.33862604815111647,0.09034747350309448,-0.28151657244509076,-0.2393905275107242,0.5332682562268897,-0.10451510279772754,0.18052947493304441,-0.21628704129184614,-0.17182230784505118,0.5212025259202026,-0.3795545551472781,0.37644622502391584,-0.00826166126234292,0.1288203681976126,0.7843795546128302,0.09343182829755575,0.5886473350032627,0.1853060228265853,0.8007905490319395,-0.20948539898205265,0.49546733607992527,-0.0909648342388243,0.5047325095696701,-0.41508281094136906,0.5975309980721527,0.142719532279004,0.06701130914086144,-0.0835040873574795,0.6628792047200615,-0.005903292531663366,0.25591300271240697,-0.1920512004573307,0.566881287283299,-0.24415072233601653,0.15964805940904847,0.003927439318824777,0.6838477545756664,0.45812498278510644
