,000001.SZ,000002.SZ,000069.SZ,000157.SZ,000166.SZ,000338.SZ,000568.SZ,000625.SZ,000725.SZ,000768.SZ,000776.SZ,000858.SZ,000876.SZ,000963.SZ,002007.SZ,002027.SZ,002230.SZ,002241.SZ,002304.SZ,002460.SZ,002475.SZ,002555.SZ,002594.SZ,002714.SZ,002736.SZ,300033.SZ,300059.SZ,300122.SZ,600000.SH,600011.SH,600015.SH,600016.SH,600018.SH,600019.SH,600028.SH,600029.SH,600031.SH,600036.SH,600048.SH,600050.SH,600061.SH,600085.SH,600104.SH,600111.SH,600115.SH,600196.SH,600276.SH,600362.SH,600406.SH,600436.SH,600519.SH,600570.SH,600585.SH,600588.SH,600660.SH,600741.SH,600795.SH,600837.SH,600886.SH,600887.SH,600926.SH,601006.SH,601009.SH,601021.SH,601088.SH,601155.SH,601166.SH,601169.SH,601186.SH,601211.SH,601225.SH,601229.SH,601288.SH,601318.SH,601328.SH,601336.SH,601398.SH,601601.SH,601618.SH,601628.SH,601633.SH,601668.SH,601669.SH,601688.SH,601766.SH,601788.SH,601800.SH,601818.SH,601857.SH,601877.SH,601878.SH,601881.SH,601888.SH,601901.SH,601919.SH,601939.SH,601985.SH,601988.SH,601989.SH,601998.SH,603833.SH,603993.SH
000001.SZ,1.0,-0.39448200492829494,0.06797868661921314,-0.3525784166329064,-0.4635538791777518,-0.04024956982660682,0.47131202557505025,-0.36923372807158145,-0.3848681075744667,0.22329644034275442,-0.27740548452525055,0.5342068822134842,-0.4747562224322581,0.36241438768960865,-0.09125478312601466,-0.4181749785389039,-0.3557269671917687,-0.4405672897402308,0.5718325652569181,-0.48336881478980387,-0.44089884188310907,-0.5998924724498723,-0.2165856460591339,0.29566581447298074,-0.0627720708785023,-0.5560583328207284,-0.41637238353880796,0.4964791624637,0.5872611562892275,-0.5062456683557894,0.07526624581210138,-0.07117870610225098,-0.06524413592750546,0.6023102383858413,0.803512147716534,-0.20962279932073716,0.6394278450043571,0.22500896338155787,0.5416168771439964,-0.19868102307765192,-0.46142983921741876,0.06836927452496894,-0.3809612868130141,0.2067978546639364,-0.372361535873571,-0.4206971716291253,0.0621085385966064,0.09196625059867132,0.3347489902337018,0.5390063668146651,0.16128614536157537,-0.13914238413300933,0.3863396657664118,-0.2112062843018109,-0.13500604996820204,-0.47503546039464667,-0.32728940711797744,-0.06640256457925738,-0.19923201495581733,0.41421003444453613,0.2919687409897882,-0.02288924745430378,0.3588932004589491,0.7077241362286583,0.20457241741479326,0.14223137614845335,-0.1404990263488026,0.11133203596140416,0.2787611693226372,0.6722359809418624,0.310938629871042,0.5488263558205299,0.02964127317221767,0.4187396328105491,0.11713075397671335,-0.16025233580179113,0.36578047265213276,-0.20890203838609248,-0.281799026913332,-0.10271083394992626,-0.4215286613253551,-0.2960173600801483,-0.36592343034053765,0.45600920961621827,-0.37785664446462053,0.10740055133220283,0.49840608567491795,0.07747985435157331,0.478770472213414,0.6171939366262378,-0.14366739507544138,0.2226104777663002,-0.054736945149721584,-0.40338229736093445,-0.2886711859386262,0.27873152352243735,-0.243543877457578,-0.15201749793766514,-0.038794081102436546,0.49019483984857387,0.006149435594753844,-0.15757297849236565
000002.SZ,-0.39448200492829494,1.0,0.7327122629658289,0.682360213127899,0.819518290544008,0.3746915665144732,-0.13573366660447464,0.5805980828273086,0.6535896897803105,-0.5019623832915074,0.8486234726300125,-0.1680435288465233,0.6434165772690331,-0.11380783366631637,0.3243705977009073,0.6318116810058799,0.6600273019658852,0.5814811331402491,-0.3559428742623478,0.729616489951256,0.5979402093982942,0.6923427680741537,0.6927181280096845,-0.15939861871978536,0.6165952907954318,0.7279578138980649,0.6176359627272311,-0.6914290913504063,0.16881789804491676,0.66206802222397,0.6882418170182211,0.6821508335405078,0.41224767869231904,-0.4940774536053774,-0.4283872317639106,0.44797523613107454,-0.43541032797554907,0.4503833867150521,0.38408861778916786,0.32466694992884043,0.817336601264082,0.046464177413738816,0.7117027752396355,0.24960463057469073,0.6215017583831332,0.7180369724259642,0.2752915308855555,0.23363448960368047,-0.40540325826768825,-0.598578560022207,0.4444556643297841,0.06518626918167532,0.04822063264390051,0.02849050916403487,0.6751000921380172,0.7161218242914256,0.7868584980772586,0.619873223274851,0.6634690636960454,0.1709974820814388,0.3725935605797481,0.3605123200875771,0.32301320332728056,-0.63956190788406,0.35928531577478123,0.5730342321377481,0.7837841006153826,0.5218230818711749,0.12441716651141639,-0.36922578531021305,-0.13313064637565694,-0.2694180203426118,0.642132282609267,0.4640146934526066,0.5018678294700772,0.7271196702438801,0.3850133370642481,0.7482628401656247,0.5427368243093977,0.7368476439654575,0.6452062612430169,0.690424457939108,0.6427672138322836,-0.1567915247223269,0.7349482359317464,0.2972705079670555,-0.3810742572393953,0.5754629183257577,0.008520840411518377,-0.7079206232749969,0.7795731191232417,0.40134262589284736,0.22804903943222077,0.7974431527199854,0.5743088580498341,0.49521875829330725,0.5773145439447996,0.7381781096063224,0.34254004706579516,0.2732464429818014,0.5081614634151965,0.6720913248531056
000069.SZ,0.06797868661921314,0.7327122629658289,1.0,0.6522577735211351,0.6947651913003989,0.36745850582336453,-0.11550083898237527,0.5656054865440795,0.6330149142344434,-0.5366105003504332,0.7571060520531372,-0.12062128699377017,0.3512406686895954,0.012455727551113798,0.398688918198324,0.6222633616497202,0.5137180009027966,0.5246905150694177,-0.23091598537587962,0.6555462834809389,0.5434893639953954,0.4412971978947841,0.7345600307984516,-0.070267499197114,0.6915660647714014,0.5595001396705439,0.6320409488295883,-0.43046269993362407,0.5350419468336888,0.5985259727605506,0.888819059448378,0.7648699895856677,0.4118913498577576,-0.2342868146993872,-0.009874493662901421,0.46621424904397424,-0.12422038092003447,0.7549249005745917,0.6491592687869353,0.39047106594462094,0.684005808085104,0.09950332328781542,0.5923631416283863,0.3816225978710109,0.5941461156222535,0.49814444630501553,0.20175217547099966,0.2955976415609192,-0.1722961611842224,-0.22335150851429283,0.5249267560921509,0.062485848476479755,0.20193767874963728,0.08541536216415067,0.6967898677929382,0.5752769300155022,0.780916483207175,0.6029424746181843,0.7442977020267717,0.17529435656034095,0.7494706131109831,0.4897581153093256,0.6385446770106601,-0.33114398232581604,0.5711074728458586,0.7895451615740393,0.8644655356631287,0.8086488270403497,0.40354151746606376,-0.04530874932464338,-0.03880795838052222,0.12520442834259846,0.8567229152975747,0.7096861321703445,0.792202897625668,0.7801239971833679,0.7086028972190954,0.7920387920757986,0.4919785230248663,0.7865571196149936,0.6220041414000288,0.7644578710916942,0.6311661463572495,-0.02686990374557105,0.7521143667905045,0.4254430102458711,-0.14678475896623266,0.818876093323834,0.3806233419010925,-0.4211292487284015,0.809631948449696,0.6698243192072276,0.40875804474698924,0.7158484059912049,0.6395652482596309,0.8079965237286627,0.650743619911604,0.8294485644129805,0.29849926399442933,0.6278215611422474,0.5367699411574093,0.791138989772996
000157.SZ,-0.3525784166329064,0.682360213127899,0.6522577735211351,1.0,0.6442065368134654,0.30666861493765984,-0.25549649464130836,0.5035681806676875,0.5496071770822493,-0.4564176979462416,0.6975624685011454,-0.25805551599375287,0.7201191666126491,-0.21918141134445324,0.1821173614916298,0.7422767908521845,0.5486950224959866,0.4770157530388914,-0.274962453966194,0.602371772992689,0.4702352925638968,0.6919262735335221,0.6100857725710115,-0.2191968328316055,0.6181901478735394,0.7168540815105904,0.6593318323067096,-0.46424216660072637,0.1769396953039036,0.6595322722221264,0.6491290159258768,0.49154734352709256,0.3220008150789291,-0.3349356569027302,-0.35249499146961766,0.6220827300032999,-0.3117296279911794,0.4817209580213948,0.23797536965885946,0.49553049389850695,0.7131967273722516,0.006037522727173066,0.5849116693346105,0.13959154733387183,0.7616405682243276,0.4873586860734675,0.2144538715618376,0.30483640620779523,-0.12415089771653309,-0.3769013609176393,0.3141007157752753,0.12140800517751017,0.11218835016705404,0.2754129044198767,0.662936815069947,0.678055417840216,0.7392996363549637,0.5648739782994677,0.5698136544790993,0.13780718509235365,0.4726005643407168,0.5191709848085028,0.3555399340286948,-0.48824939991091026,0.4115200138659419,0.49737244214759185,0.6719985811820224,0.594159283127289,0.2955625321090647,-0.1570950834318062,-0.036755191695021845,-0.005326535424085376,0.6178661272251381,0.2747373785368273,0.5592683949241913,0.6548696381780484,0.38103299329500623,0.6719647955216766,0.4737067475784744,0.657319578809678,0.6440633821566882,0.6944420337669691,0.7643639216005941,0.0017408628326820625,0.8084369021057869,0.465001231663283,-0.27077061583950907,0.5851711257260551,0.10925842699266103,-0.49146654097887676,0.5945783149506353,0.3350830846320303,0.24003187464890177,0.6927476924231278,0.7341330038047702,0.47736665639481424,0.7242902605538634,0.6331892324863159,0.11155904680785182,0.3150201933801026,0.5148705614361736,0.5871737652407081
000166.SZ,-0.4635538791777518,0.819518290544008,0.6947651913003989,0.6442065368134654,1.0,0.44672380927943006,-0.2686504782918097,0.8222086976414354,0.8028202995645483,-0.3947105468742103,0.8345416129776316,-0.3349855628778961,0.43428222223926843,-0.1224637718793105,0.5400462351179427,0.6877326888308808,0.6106588610072209,0.7956030378893159,-0.5162901402796581,0.7379575004330473,0.7822954191416396,0.6060490636012895,0.7378006024237048,-0.05228615962429472,0.6460197344903195,0.694286087300192,0.7311480255832019,-0.7342403954960166,0.20582876184101306,0.6823096674501712,0.7152345206421824,0.727886694455871,0.42224919051822685,-0.5845410460623991,-0.4132108685770555,0.48811029142865,-0.4733058497282059,0.41874858647955165,0.27908347147387624,0.263832013609037,0.8146779223894588,0.19900197515191864,0.715145611535383,0.3947816580475496,0.5973033773091236,0.6705215090896536,-0.003578597220904848,0.2008444971808329,-0.5456028219677136,-0.5801472241242952,0.39551737232731377,0.24560497829420344,-0.07689914996856338,0.015139706930505781,0.6144039285733246,0.731073967793555,0.7783763304280092,0.629906492263265,0.7644403214059219,-0.0029839827616609713,0.4135455292931358,0.20962324716244948,0.2853918721200306,-0.7110606122423357,0.21660908716409433,0.6218713444684896,0.7084678468213116,0.6480061478497136,0.26967456213942026,-0.31866360260527177,-0.2911751200511597,-0.37677212803771365,0.6096100094454456,0.38317135840393207,0.46135474062934195,0.723788825253101,0.2852840068892594,0.7614546764095341,0.6173424617091018,0.682207226748487,0.7981242543856196,0.7159676051788,0.7576777080928835,-0.20136369189134373,0.7364914609451879,0.3107266165508749,-0.32524303340440713,0.5623804001663316,-0.026144310118764603,-0.707023623519745,0.8293554057806518,0.5547551242358818,0.2449393484142444,0.8417667031818562,0.5450206217642862,0.453153374762057,0.6177080500780608,0.660686629848717,0.41572092988659887,0.19683443221617494,0.3161085076295174,0.7372493051957133
000338.SZ,-0.04024956982660682,0.3746915665144732,0.36745850582336453,0.30666861493765984,0.44672380927943006,1.0,0.4194256623303714,0.5071591369820433,0.38921546685825165,0.1869502971241944,0.5464998069442172,0.18240588638284919,0.1023589139908624,0.40865075085729347,0.49656528857300125,0.23092575012935412,-0.006282907380917098,0.5532875991235118,0.03951358081669578,0.24330565748614805,0.344106224637484,0.05298335262923664,0.5451855763159486,0.4568274923329642,0.5779639120963532,0.38373689796793026,0.44856353929385423,-0.36687530532805845,0.2178556567945911,0.08162368583330286,0.3954195509023179,0.4007819359893265,0.642061744454344,-0.36444343139631874,-0.06143439449100021,0.4501897009926634,0.06129962839431799,0.4126989734952573,0.45181050182447396,0.053166184840699134,0.2733529387838704,0.6408496518591259,0.4961163865108706,0.4138332106627691,0.2365864183793165,0.4857567256969735,0.013638090892002094,-0.19977200418442312,0.014556999346559055,-0.15928198054927462,0.5036692580316927,0.6426363733961112,0.45061132314677094,-0.3505804491065105,0.34757664802582666,0.39825554623261233,0.2528784044906575,0.7187568053126924,0.575617059810757,0.29971397616838374,0.29878151159606137,-0.008479300477773108,0.4329443710154224,-0.04999080480283638,-0.022498532352524022,0.6203599939914886,0.2121539991824448,0.41419446661524056,0.5816249285546526,0.09415079877070193,-0.16423782747326998,-0.33009880014926823,0.37466079790984574,0.3652603382303155,0.2764764636194796,0.4661267897554173,0.09159360905743552,0.4382197904295036,0.48829338978898784,0.39952922210240427,0.44752975026185965,0.37824586411634936,0.3244902868896386,0.23878120781024648,0.32119727277198834,0.5994731086805385,0.38852000297743455,0.41115388972349337,-0.17822408108041152,-0.3704266026531639,0.6402596416164652,0.5165574455950692,0.30983425339118353,0.41451441236707215,0.0088301139622122,0.2681064807839781,0.3838644275804586,0.29574199626404835,0.6958508636478448,0.04472090848242428,0.05223113612242785,0.41957990102602377
000568.SZ,0.47131202557505025,-0.13573366660447464,-0.11550083898237527,-0.25549649464130836,-0.2686504782918097,0.4194256623303714,1.0,-0.2559810145316262,-0.29468540739252774,0.5199636829542399,-0.06294857826786963,0.8344637085181622,-0.2058005471196629,0.546465342552532,0.019600057531683913,-0.380675686166107,-0.368510797844245,-0.19215614887840118,0.6771883918476552,-0.4450991589584756,-0.29707467153723577,-0.5767198145275515,-0.05699454605475946,0.45067249834138084,0.09878320725947447,-0.24562477138826458,-0.21044983109383306,0.29375416054074605,0.24487330231137946,-0.5481987686880458,-0.055274934947749266,-0.1255337829507039,0.21305893484395932,0.35039973865698326,0.42552893027496824,0.07897860243202028,0.6606162937317968,0.16795166192828095,0.4744526522125246,-0.15170911162058107,-0.4188749847441016,0.3996480613738847,-0.050919790581606485,0.21383438900411114,-0.22832487160085044,-0.1258178522361021,0.2101619735258661,-0.06982893119816971,0.2821895079467731,0.3750979064929971,0.44244128261681376,0.22544993074697253,0.648064106311144,-0.4014792886643214,-0.06030758267772096,-0.20826634169333746,-0.36795238751249754,0.3027107156449261,-0.13692560826640018,0.5349101820921506,0.005381936191269317,-0.16940559262691376,0.35991766583511936,0.47425523154572574,0.05356101360624449,0.15160602003123627,-0.25170988313625703,-0.10116558662509673,0.39613663152885564,0.5098142900370078,0.3693504260950237,0.06592519820702589,-0.07383300372894361,0.27499463445876743,-0.06452174969903823,-0.04105734224360668,0.0545652460167221,-0.11586549211700521,0.031356125441421585,-0.1474427969462312,-0.24451346986480701,-0.17977917732935542,-0.36924933334617577,0.6389113648630039,-0.3177935599698723,0.39436098433403277,0.6707163646018538,-0.01440957773181121,0.020044422470481448,0.3710591054297043,-0.0463204044532693,0.0723553089985108,-0.0205977555284215,-0.2514155389481624,-0.3922391108981586,0.02939129654136563,-0.10367946207665402,-0.24091226031256385,0.24570846195671758,-0.009571690624764382,0.13428169991290642,-0.1839885923746736
000625.SZ,-0.36923372807158145,0.5805980828273086,0.5656054865440795,0.5035681806676875,0.8222086976414354,0.5071591369820433,-0.2559810145316262,1.0,0.7465910466439097,-0.29148888509805876,0.7048048278267723,-0.43590181850467197,0.27525069274848074,0.0208631844210803,0.6642115549529104,0.5985255084137896,0.4087060436723042,0.83384341983203,-0.5606981853803205,0.5809400887158865,0.7478856744472456,0.49473696847712034,0.6150418020271052,0.201457113919613,0.6084571742757782,0.5301680270770431,0.6791001010315275,-0.5407251380583408,0.1647868958114101,0.46880890629651684,0.6024574944822868,0.6628849738255244,0.4729601241895695,-0.6619193073818138,-0.3243708877748665,0.39583840281362853,-0.35768675493137175,0.33267679504388387,0.17470226216753423,0.1185792151113443,0.6505378032360595,0.3747101136443823,0.607723302153037,0.4225172203968111,0.4440377571016259,0.573276133091003,-0.11954909558374659,0.0013695868250639582,-0.3522829130804442,-0.4912537593354702,0.25304751405481457,0.36881373003131585,-0.11112954209702132,-0.10007922670791586,0.48071260506259694,0.5937775773794629,0.6911239312800611,0.5349277660558903,0.7049614186876391,-0.03348234265527405,0.4235664373390165,0.08075398228850772,0.21911847718291047,-0.5692802278355896,-0.042744430483566805,0.600734484790178,0.48136568538641417,0.629293798994612,0.32736113271955314,-0.32212604681357043,-0.44730232437532,-0.38895394595140703,0.4786987701556858,0.269245064705075,0.37863692747315364,0.5650113077314725,0.11397065139185734,0.5951605735060687,0.5428665215862002,0.5486459167738532,0.6636559073432469,0.637166569901393,0.713047090554502,-0.2546442758883583,0.5931160417086432,0.25131744109471915,-0.20664274290792717,0.4994466190325988,0.007877323541697387,-0.6320811607973195,0.7351457806681361,0.6128032132331095,0.2644899816303092,0.7400484042042893,0.41171065383317607,0.3433069862015443,0.5772076013226727,0.5201526795128347,0.561142975527053,0.1724004427879983,0.09623745786204746,0.6341858046439445
000725.SZ,-0.3848681075744667,0.6535896897803105,0.6330149142344434,0.5496071770822493,0.8028202995645483,0.38921546685825165,-0.29468540739252774,0.7465910466439097,1.0,-0.4960195063492547,0.6423206467716663,-0.3944093024799373,0.3266910352388489,-0.022242155405049813,0.5715283739684706,0.7932976726108899,0.6053397100578295,0.7829610523366296,-0.538664826701452,0.7071124904330207,0.8869023810857408,0.5382896018037594,0.7147463812651457,-0.07987977232529257,0.444424066110866,0.5449908568197711,0.8410476661272898,-0.6705576401586554,0.07220752347086513,0.5403590970040859,0.6917579115496836,0.7558853992546851,0.47672806261915907,-0.5891664442413121,-0.41246307665811965,0.35277933272084216,-0.46708913882351855,0.4282058151943602,0.21070935383664913,0.43493944100101617,0.6281397576747426,0.3450329540616743,0.6623655732716466,0.3534372608477831,0.5094714627099132,0.6335332120103965,-0.05332909214879341,0.12453089425662733,-0.45210750038161746,-0.5747061303456398,0.41801557609888684,0.18804602659558342,-0.10545994912788248,-0.08615893796870883,0.6500708278863115,0.761664368037401,0.7715439505128793,0.49278881007318537,0.697380249836811,-0.030910117561121535,0.4067037938382081,0.13441673654485878,0.24190186674793077,-0.6505807943066119,0.11850641866060795,0.6631016062824643,0.6419976113773236,0.616805181283036,0.1964810006356915,-0.37010875837397444,-0.366583439337182,-0.3615051909104478,0.5478377862959344,0.4225630961511162,0.43732437122922824,0.7565106210500451,0.27859877014717915,0.6975664910185676,0.5847039523765999,0.6077892680225211,0.7159485448936618,0.7110792453544409,0.7920432934561926,-0.3248912450499074,0.6729844267510684,0.14168819760069148,-0.34855618195956306,0.562486952495337,-0.12980728042098436,-0.691791224664513,0.6484728475915619,0.4570731838565194,0.3587208566297789,0.6749615175354208,0.6192359319828209,0.4248410321405955,0.6667681823409409,0.5769604794848329,0.4328601514715258,0.16341260635718532,0.3279094719379378,0.6886557635474739
000768.SZ,0.22329644034275442,-0.5019623832915074,-0.5366105003504332,-0.4564176979462416,-0.3947105468742103,0.1869502971241944,0.5199636829542399,-0.29148888509805876,-0.4960195063492547,1.0,-0.34208943063154434,0.41410786837411395,-0.34201836193267515,0.2859302404113154,0.03453166104175739,-0.6035633240662855,-0.37482956082653285,-0.1249422367836785,0.39083643315543903,-0.5562732073999757,-0.3649809579719418,-0.5554268980101396,-0.40008849710307076,0.50451940828389,-0.22707801758725285,-0.3106152897757007,-0.397668459205607,0.23528717456454337,0.08903716046611454,-0.5761356363223266,-0.5110661708341984,-0.4289774636504973,-0.1198194790549596,0.3133769269216901,0.2703604439449025,-0.20247206172143883,0.36526233285313014,-0.3247060180532692,-0.10530995644086992,-0.5816348397906549,-0.42534733375537126,0.30270375968252367,-0.30538114175737857,0.1209026461087211,-0.5450641392662294,-0.39024133818317946,-0.18057865445584345,-0.23493030853332783,0.19024658495348104,0.199924392358333,-0.15876576109461096,0.4555700328279599,0.19826015539967054,-0.10939086333598835,-0.5170852678142149,-0.39226780301125735,-0.5665727425358635,-0.017578162078267706,-0.3594985106512389,0.18117024729544115,-0.4016776904700732,-0.5334092349029017,-0.19484851188456023,0.48204957528753245,-0.40275347906015746,-0.2710675670077834,-0.6688241590983731,-0.3702671868057497,0.2032235430929916,0.44401125038993494,0.12768540395247355,-0.18938755204528213,-0.502875341255881,-0.3212823413255029,-0.5028974667444616,-0.5248508207589104,-0.45698255412605554,-0.4918885673092462,-0.1731565524129155,-0.5802478649149977,-0.41665404862931266,-0.5969453290601562,-0.5534425012361722,0.4403401562048766,-0.5987158276794011,0.09618554098440978,0.5990866531576887,-0.4770914877461099,-0.05223767948443774,0.4992370999669437,-0.29105343758997254,-0.14847141749421694,-0.19226033996535805,-0.5180421683517838,-0.6445088189941727,-0.4432676977333249,-0.4651736165707696,-0.6058593967679301,0.23042092869775402,-0.34752027000297914,-0.4703943782660132,-0.4823729268631141
000776.SZ,-0.27740548452525055,0.8486234726300125,0.7571060520531372,0.6975624685011454,0.8345416129776316,0.5464998069442172,-0.06294857826786963,0.7048048278267723,0.6423206467716663,-0.34208943063154434,1.0,-0.1053471538015251,0.5994254936898978,0.02536940304504016,0.40012743235344184,0.6309999897399889,0.5610600148321,0.6918624521490507,-0.30466563999893337,0.7287881013951147,0.5642066402044951,0.6503544738748491,0.8038718608527091,0.008905905735707875,0.8362166742064354,0.7745597260255761,0.6508666797915827,-0.6848654153508241,0.37098487065378266,0.5751138192945111,0.7922877333158568,0.736254355898401,0.6059484063866704,-0.41313666770632335,-0.2428206340713022,0.5390681303425816,-0.2576281861627576,0.6120742721654701,0.49846640934335357,0.3221763564534705,0.7856749821872966,0.23100745863996186,0.7980538446322688,0.44988635967007923,0.5963678911085535,0.7277495507454238,0.2085731837256327,0.2638706976987972,-0.36743456347670606,-0.5129873725083199,0.5045398310218329,0.22775081202365455,0.26789069399770654,-0.03439553912298965,0.6598905148102762,0.7134560003030656,0.7907051100177389,0.8466877020067273,0.7227230395505141,0.19285308995131256,0.5606711441583564,0.43876424636332656,0.4698929405524679,-0.5412453064096016,0.3911326722111095,0.6803865512809496,0.7711048943693268,0.7032391142880989,0.45931044995194165,-0.11445463940934159,-0.04845363660893275,-0.1662811382775791,0.7747559875634059,0.5128164711620163,0.6657807959015586,0.7634354424924671,0.46895714258930915,0.8037655922452688,0.6905924406175754,0.79720987445183,0.7562014290414706,0.7408323882764672,0.6760891132297688,0.10983076581254171,0.7992155932907057,0.5245734012275347,-0.11149586707923598,0.7410965134439551,0.12173235629807937,-0.5663135178327381,0.9013904322943239,0.6691530611786942,0.22647478476007296,0.8546020886528565,0.5872580419091458,0.6360950352887363,0.6364873594427357,0.8016845639147844,0.5105934888322504,0.3793742631941175,0.40861134271700167,0.81663198989941
000858.SZ,0.5342068822134842,-0.1680435288465233,-0.12062128699377017,-0.25805551599375287,-0.3349855628778961,0.18240588638284919,0.8344637085181622,-0.43590181850467197,-0.3944093024799373,0.41410786837411395,-0.1053471538015251,1.0,-0.10986601387459587,0.3771504361363152,-0.2276714358777658,-0.36574547062873525,-0.23205136990364802,-0.38285713490881496,0.8040875100629178,-0.3406326125478359,-0.43202451247922635,-0.49949129128609177,-0.07638318287192136,0.1288525562030857,-0.0046244649649679614,-0.26996875299290646,-0.3372295502981224,0.280391814667523,0.23217244364183956,-0.49643740552834464,-0.06304826036678361,-0.2165014650504444,0.10855014432761946,0.574993315688867,0.45567230346770815,-0.079604343155977,0.5535975638581029,0.19301791938157367,0.4792561647464932,-0.028394479173742975,-0.39253891872242114,0.11747323190108226,-0.08570098224261642,0.20062803768775425,-0.28328190892998095,-0.17052566120377557,0.3064116539267598,0.19268542829678678,0.2724373247356523,0.3597983723710347,0.5218669877788256,-0.13124920432862047,0.6229641583711905,-0.32646352363978753,-0.05429723261015811,-0.23294703842707212,-0.3819142793904244,0.2070658895027008,-0.2884762219541744,0.5669900785992006,-0.0294909753793966,0.08040474617218653,0.31701133822724814,0.4566636219523493,0.33167648843011155,-0.009005074747438882,-0.18107064672580453,-0.17515663065659148,0.2361548646562411,0.5301141596490655,0.6198276050244098,0.30476725711572134,0.019081204067012483,0.33402495199433174,0.014238431690163556,-0.04157456142257649,0.2472714272853445,-0.043904805020695326,0.07584471153661371,-0.08143775547772535,-0.3099705679569252,-0.17640182946467553,-0.3986999786737487,0.6360509091971518,-0.27387505064066964,0.28518025177719597,0.5431834892300148,0.003532479500051511,0.18283370036199842,0.4824396721862165,-0.1158733219401773,-0.010657583725927724,-0.04955813554664793,-0.314331791393011,-0.26091466036860694,0.11862206353672315,-0.19303552734103357,-0.15192924270167824,0.044497501548614,0.07446287545535148,0.2375794222650169,-0.13194839599151575
000876.SZ,-0.4747562224322581,0.6434165772690331,0.3512406686895954,0.7201191666126491,0.43428222223926843,0.1023589139908624,-0.2058005471196629,0.27525069274848074,0.3266910352388489,-0.34201836193267515,0.5994254936898978,-0.10986601387459587,1.0,-0.2635092537828287,-0.05107400978712859,0.5388824102704575,0.6026257749757579,0.29718117111915326,-0.20911539741299448,0.5733746757865431,0.2521963481173027,0.7493372100022703,0.3879954071928995,-0.283650330263313,0.41335380764523144,0.6992892391077102,0.38374660207045547,-0.4463716624426933,-0.08184135194597836,0.4963508501370297,0.3278208071789335,0.20718899291021906,0.23701609883273936,-0.2747445533476878,-0.5185763182235108,0.33782610156272597,-0.3436164584919404,0.2431038359303245,0.06634661122480927,0.4597730270583256,0.5927673214782604,-0.16094295013457338,0.5230333797934759,-0.022815979136170773,0.511200874063003,0.4914368205592849,0.39656574737038436,0.37837588570305813,-0.050706515285126076,-0.48861473673854444,0.20884138637626604,-0.08493744957196038,0.07907675776702565,0.17070294315210724,0.5240982102448692,0.5881992673761819,0.547224511424435,0.4442263724359865,0.20602102716778933,0.1607017564964299,0.12047608680790732,0.5111561280029017,0.052736846285150664,-0.5539429847525107,0.36436239845399454,0.17030880863717024,0.47679500820736903,0.16673865917007666,-0.03780321108423121,-0.3211443511461215,0.13142478260878124,-0.01358194751232322,0.38939663763252447,0.11346185872239578,0.3066099448323087,0.4008164549712278,0.2178776731972887,0.42459073325451757,0.4695455645202104,0.4673579795333202,0.40217871913774905,0.48366296605301434,0.47040855879030913,0.01827301267624029,0.6276880777350452,0.22056226211266564,-0.3373053516264108,0.32698323008956326,0.004764252352314822,-0.4068962444536491,0.3588680165258898,0.010511576775412689,0.12812703549804605,0.5067808575519254,0.6597181804994986,0.25929273330148644,0.4282296807365888,0.4648226418215695,0.014779308603745165,0.14486645781588134,0.4678267358078614,0.39325235453672547
000963.SZ,0.36241438768960865,-0.11380783366631637,0.012455727551113798,-0.21918141134445324,-0.1224637718793105,0.40865075085729347,0.546465342552532,0.0208631844210803,-0.022242155405049813,0.2859302404113154,0.02536940304504016,0.3771504361363152,-0.2635092537828287,1.0,0.3354559812590589,-0.18704122562001965,-0.2526479771894252,0.06369527840872315,0.3918321544317449,-0.23672708367004716,0.02667968147984334,-0.3974859122558841,0.06672813226486404,0.4378106504187233,0.2031717505780788,-0.10062595716602067,-0.004191773256301418,0.18669446306382634,0.29112826705239886,-0.4543907243899623,0.10296259294391308,0.16154684354784837,0.34316610026763944,0.04992049635987209,0.40717253907239065,0.04339811092865103,0.3869613509358418,0.30982678063603647,0.396628378188102,-0.10310007163765135,-0.2853238641565641,0.5378513693514403,0.026509539721965597,0.3834296068106884,-0.1439636524429197,0.1616784148554219,0.30139894589003335,-0.13936933042123995,0.19098451325113475,0.3252329996089951,0.3561116634895512,0.26976702583627044,0.4611659869312239,-0.4598996790926437,0.03250866524958556,-0.1292765049011085,-0.13219927616491703,0.2732441196253462,0.08598222415443642,0.29760029370609614,0.26394044238555486,-0.18742480219555377,0.3941220484693994,0.32718892858902576,0.01962799394947584,0.3284015924194841,-0.06824258249709074,0.1262685620100118,0.2949857623452474,0.2744764264817601,0.047984500895377445,-0.012888048299840776,0.044841447260403185,0.3261133679235492,0.06873258105992304,0.11217114399124661,0.10538043149322775,-0.13146861072728974,0.2859895074997429,-0.004352260810951056,-0.07160828982615888,-0.06067575761534886,-0.15121518186781727,0.2744611696859776,-0.21987300850330196,0.27487402148317647,0.46167122192086607,0.176251268687699,0.0113176924105907,0.1748372168369119,0.11276276308151963,0.26230878893136766,0.23182739883153103,-0.06317545309747265,-0.30522320147740933,0.19021292338137982,-0.01002131528944917,-0.05433837376338544,0.47508637120011876,0.08398767822266932,0.02767560795064515,0.05704638440801904
002007.SZ,-0.09125478312601466,0.3243705977009073,0.398688918198324,0.1821173614916298,0.5400462351179427,0.49656528857300125,0.019600057531683913,0.6642115549529104,0.5715283739684706,0.03453166104175739,0.40012743235344184,-0.2276714358777658,-0.05107400978712859,0.3354559812590589,1.0,0.29950977707575327,0.1658531746985771,0.7398067117956592,-0.30038352999069645,0.2239425005556801,0.7321650604326239,0.15151858578448948,0.48806488112459157,0.46973308546148274,0.3746959596232177,0.22281917972027002,0.4550791385810133,-0.4079204478084461,0.21319728250383685,0.23591079588453678,0.43946782940517554,0.5850533254552532,0.48672687794464736,-0.5426684623781911,-0.06552581446237296,0.23645573127607367,-0.175779811760863,0.19541008316799016,0.18133196348379133,-0.09062164201858251,0.3644788749995271,0.6155712843857978,0.34532058556118117,0.5369578789272821,0.12581892176881967,0.32715245572190066,-0.1604582999360543,-0.26296565126858384,-0.23157554544540218,-0.24954688113809653,0.2261263792796571,0.4177353093864034,-0.024005391724935987,-0.2220629270797515,0.2895537523143098,0.34159208014404063,0.4586337979626416,0.39710634109461923,0.6124812803503501,0.10204734591168496,0.3156353804306213,-0.26271904563271875,0.20344004853952816,-0.22849472889713127,-0.2377804053417085,0.510313404546716,0.2271931493750492,0.40113696577395425,0.29365523022648965,-0.23713271977783779,-0.5338479326512265,-0.4283151014107089,0.232567065868814,0.29699049608247435,0.14599991792093692,0.35814981877366425,-0.02441646508304307,0.32231006821267966,0.3127680022685311,0.24185629977954157,0.3895631738384351,0.23099072192195733,0.4451859866567313,-0.22531402759421437,0.26457165526803034,0.18720927947846164,0.03693604203839879,0.2877731008198759,0.005283106932763258,-0.46931136206278845,0.5243557081112867,0.48422942142373854,0.2032711005741071,0.35651488021784483,0.04471925748785382,0.17380217879944482,0.2974924595428932,0.2715559268997877,0.7034193217546097,0.10417298239905269,-0.050502674635594026,0.3766307473610744
002027.SZ,-0.4181749785389039,0.6318116810058799,0.6222633616497202,0.7422767908521845,0.6877326888308808,0.23092575012935412,-0.380675686166107,0.5985255084137896,0.7932976726108899,-0.6035633240662855,0.6309999897399889,-0.36574547062873525,0.5388824102704575,-0.18704122562001965,0.29950977707575327,1.0,0.5988855326153146,0.5810006065550538,-0.44017569353071223,0.7391933051556149,0.7183416882849617,0.6677978624868636,0.6848401342896295,-0.265825625885695,0.5030980826040373,0.6580776746833131,0.7895351398133054,-0.5410961194793424,0.026961231110351768,0.7303756525909906,0.6744585064675578,0.6588916366264459,0.4050272306073665,-0.5028694056772701,-0.4588924945563075,0.5237626531561743,-0.47618748313739995,0.44540839594795895,0.15431782296278715,0.6054350543488588,0.6977863418955573,0.14561965933177476,0.6221942745289711,0.1515749450206645,0.7643646036280521,0.5606827742221218,0.1175897810626177,0.19737870417247824,-0.2530372132871101,-0.4394243128735625,0.3965238843622401,-0.019506325117374573,-0.07533668243582037,0.21064065481146454,0.7205142173817567,0.7472096009339043,0.7568398155638826,0.4631091533297787,0.5996350378750276,0.019660381721160556,0.4634795026505323,0.4453458980307863,0.2570358715601393,-0.642214184953697,0.2969146776471373,0.5075831835853339,0.7347054924619553,0.6172894198866613,0.188536473249305,-0.3430057116512984,-0.22951774211441597,-0.11299995766513549,0.6024187581715451,0.3210381301643879,0.5749001460919284,0.7100579319446964,0.3446867892504552,0.7353370103540205,0.5266609504523261,0.6519743136373802,0.7674433969880203,0.7724206774022666,0.858748102643796,-0.24067895910525228,0.8400514338970161,0.25041706495892285,-0.42000865692790895,0.6025041793062603,0.015978416999711267,-0.623447045247673,0.5366267710871121,0.3257744886612905,0.2609630461326962,0.6993441260317853,0.807663227066502,0.42990275360711133,0.7820984517211426,0.6490753896932611,0.14501751766510598,0.2394200691213463,0.48329788932869455,0.6605101857987868
002230.SZ,-0.3557269671917687,0.6600273019658852,0.5137180009027966,0.5486950224959866,0.6106588610072209,-0.006282907380917098,-0.368510797844245,0.4087060436723042,0.6053397100578295,-0.37482956082653285,0.5610600148321,-0.23205136990364802,0.6026257749757579,-0.2526479771894252,0.1658531746985771,0.5988855326153146,1.0,0.46533907572962446,-0.4040285770040373,0.7389470852203474,0.5343731525393381,0.5921556270864703,0.42939576407449187,-0.39357413805821245,0.252297639522175,0.6787547395001314,0.5713960669315465,-0.49949295364472496,0.09155382565704175,0.555264839672416,0.45269115069526905,0.49099004911435634,0.004940747283378251,-0.2773633678171557,-0.4972183675000472,0.17681135290259728,-0.5140302814021052,0.18661114923282363,0.07916942260355389,0.37137856150363047,0.7134050458886709,-0.20115182943255552,0.47275158992288674,0.12943527650855755,0.4243544139599533,0.45370203012274707,0.2779662478925113,0.497234886583323,-0.3565667140346103,-0.5642895638140254,0.22780619663567517,-0.021002629869836184,-0.2115847579487147,0.2920707761791231,0.5876543789462767,0.5901018300069186,0.6643307123275856,0.36136937187386425,0.31743690134518,0.07621428209275728,0.15264365998750618,0.2463074741165537,-0.051244029035771126,-0.6275882129858943,0.30188492278155127,0.2702868592771742,0.5509338113013756,0.3193897076298248,-0.011447982214148842,-0.28815604141568046,-0.016665491069483358,-0.17695260111781178,0.3557965894414275,0.3044911790707475,0.2387413129152239,0.509059323215765,0.27990241126939625,0.5621889923748226,0.4801134731731394,0.44507182862446965,0.38783313480354803,0.4574676985861073,0.5926609765556944,-0.15921511361160448,0.5539799447716908,0.05070914134551213,-0.46003048218324816,0.26439899120404364,0.10026807853701519,-0.35598401744430214,0.4738089239158041,0.1567764808922035,0.22060709786236665,0.48455767219899676,0.602004923469457,0.3070400068927614,0.41995532858418594,0.44153023946089925,0.1206633058060428,0.10281208500889545,0.4104083113676695,0.5280808403309841
002241.SZ,-0.4405672897402308,0.5814811331402491,0.5246905150694177,0.4770157530388914,0.7956030378893159,0.5532875991235118,-0.19215614887840118,0.83384341983203,0.7829610523366296,-0.1249422367836785,0.6918624521490507,-0.38285713490881496,0.29718117111915326,0.06369527840872315,0.7398067117956592,0.5810006065550538,0.46533907572962446,1.0,-0.5127368532238773,0.6361371304780564,0.8457550176104652,0.477483906963452,0.6600089848694953,0.2634559107436027,0.546840346274847,0.6265263110042975,0.7520676573605556,-0.7178533121675058,0.13386475057848138,0.49088394958245973,0.5365823928544083,0.6624821495674124,0.48816238619825986,-0.6864935539050222,-0.4064555219481691,0.38446738459131025,-0.4349599170776419,0.26884557503715517,0.124543990220773,0.07941004213931599,0.6949115548711,0.49871950171969576,0.6085447991001601,0.4220270440717449,0.3658020949807029,0.5674083853655397,-0.16828713840979312,-0.08504838972283446,-0.4337443112387587,-0.5556628683037034,0.25982900474899573,0.5298154296720733,-0.14173023116821484,-0.03323934381598853,0.4323497605592415,0.6401625198203292,0.7018806435478043,0.5790359557993915,0.7330382767023287,-0.06975167444599427,0.31348904067079514,-0.09830604957108317,0.1447462285303143,-0.512146572386526,-0.15590331032972585,0.5780304004775595,0.4732806587917378,0.574652816674504,0.33233686339953905,-0.3166913455836131,-0.5000686764022891,-0.5389156045562519,0.4043494636064819,0.2468869373383433,0.3379090102935855,0.5420224395122578,0.016407495888097163,0.6063003174623349,0.5380182639987137,0.4301915231026788,0.6192860146019333,0.5572760262620212,0.6329028137945193,-0.2516963547159849,0.6078538566785772,0.25854444715744546,-0.15768427904199442,0.42495050260668116,-0.12399657054496911,-0.6296215035003339,0.7183172920175028,0.5132297549084869,0.2954770790958296,0.6432380752289113,0.3590830653946804,0.24660664995767836,0.5157202023973787,0.5080947303186071,0.6817407537894232,0.046348599585096,0.04970168605741737,0.6177032073070395
002304.SZ,0.5718325652569181,-0.3559428742623478,-0.23091598537587962,-0.274962453966194,-0.5162901402796581,0.03951358081669578,0.6771883918476552,-0.5606981853803205,-0.538664826701452,0.39083643315543903,-0.30466563999893337,0.8040875100629178,-0.20911539741299448,0.3918321544317449,-0.30038352999069645,-0.44017569353071223,-0.4040285770040373,-0.5127368532238773,1.0,-0.502002050426298,-0.5316488409821317,-0.5337083716935279,-0.1904913404776152,0.07889593656916309,-0.11789782019750565,-0.37130990123652824,-0.38696637121242744,0.4015550977802296,0.14285949201640724,-0.5281744824524246,-0.21528783761167516,-0.3778972748785833,0.015069198284782448,0.5782440535744892,0.50662754297216,-0.07491518469427631,0.49937737315264935,0.10675363745345139,0.3122972052008364,-0.06973170110673449,-0.5031167740604622,0.14587263847812634,-0.17411242281647477,0.019415228987984815,-0.26740752035926346,-0.3132823193711628,0.2260608717037088,0.025851072102611842,0.30410920330951297,0.5314104905351807,0.3409616393767183,-0.16974019337518378,0.5484810711106046,-0.2630669869690309,-0.16157773811213347,-0.31854721856391743,-0.5286636024197752,0.01575646380719677,-0.3407471609645394,0.4538269265011496,0.020612214496545277,0.04932440193964749,0.26848478268265635,0.6021140053483575,0.22935989942813326,-0.13539741292487747,-0.2940928478106791,-0.22503211638703582,0.15283333357389564,0.5247990009020239,0.525415625245455,0.349288120211495,-0.1264365414860586,0.17908640113298546,-0.08753151578809197,-0.14944192585316063,0.12890739983056052,-0.23681509351121469,-0.15317414262206516,-0.193362121510518,-0.4522479137637545,-0.31576222294482786,-0.4620379351849077,0.5559124955179295,-0.33485740453148277,0.24240631656171563,0.5600030994650073,-0.10983287529598394,0.11842955468296164,0.5118002868060858,-0.3131348383908675,-0.13179094318653325,-0.15931744746197798,-0.48100720130280744,-0.32249674068942263,0.0018309699730214176,-0.2262721244169522,-0.3104806893374691,-0.054475326262277864,-0.018198091819949698,0.15671367636718725,-0.29019410503190013
