,000001.SZ,000002.SZ,000069.SZ,000157.SZ,000166.SZ,000338.SZ,000568.SZ,000625.SZ,000725.SZ,000768.SZ,000776.SZ,000858.SZ,000876.SZ,000963.SZ,002007.SZ,002027.SZ,002230.SZ,002241.SZ,002304.SZ,002460.SZ,002475.SZ,002555.SZ,002594.SZ,002714.SZ,002736.SZ,300033.SZ,300059.SZ,300122.SZ,600000.SH,600011.SH,600015.SH,600016.SH,600018.SH,600019.SH,600028.SH,600029.SH,600031.SH,600036.SH,600048.SH,600050.SH,600061.SH,600085.SH,600104.SH,600111.SH,600115.SH,600196.SH,600276.SH,600362.SH,600406.SH,600436.SH,600519.SH,600570.SH,600585.SH,600588.SH,600660.SH,600741.SH,600795.SH,600837.SH,600886.SH,600887.SH,600926.SH,601006.SH,601009.SH,601021.SH,601088.SH,601155.SH,601166.SH,601169.SH,601186.SH,601211.SH,601225.SH,601229.SH,601288.SH,601318.SH,601328.SH,601336.SH,601398.SH,601601.SH,601618.SH,601628.SH,601633.SH,601668.SH,601669.SH,601688.SH,601766.SH,601788.SH,601800.SH,601818.SH,601857.SH,601877.SH,601878.SH,601881.SH,601888.SH,601901.SH,601919.SH,601939.SH,601985.SH,601988.SH,601989.SH,601998.SH,603833.SH,603993.SH
000001.SZ,1.0,0.7529978601952694,0.7663117848151436,-0.23128876162096967,0.6018546440598118,0.286453293816259,0.4774969482437445,0.6090005932123956,0.023234949225105783,-0.08781527936315875,0.7021284333348491,0.14335712551036847,-0.041477107598637965,0.508860095690212,0.12210711392667402,0.6311305668331734,0.31205006975307864,0.7425444993465797,0.21739832577734775,0.11971305035996911,0.4751011422769575,0.44858526396222215,0.7202363332534581,0.33360562863877874,0.10911583683805666,-0.054373383307096686,0.5707542844905577,0.2906518173570077,0.7900809942936533,0.4762665485153282,0.8154015749887263,0.7701875406603399,0.2400856677758306,0.5205238798162297,0.44267315361192044,0.728153888917307,-0.05640267142310135,0.25541725747491334,0.7807803666038374,0.8039260136659894,0.648189696685405,0.6181509314488884,0.6511425082029001,-0.5309785182241964,0.7092863013201073,0.8609340824089805,0.6563852134832134,-0.10570818930580893,0.32417215129033766,0.8392087716092466,0.6464514330325892,0.32009113561698493,0.32911580430219206,0.3991370103435586,0.7790134649628205,0.676856412769614,0.7417243396844312,0.8257176494335604,0.42988235282898185,0.7092819158296417,0.78970872584538,0.1717633137840833,0.43584268652352537,-0.27243512713088325,0.7858313469972614,0.7345596797957361,0.8623361282932863,0.6980053747500481,0.7265220998062104,0.7477618892438672,-0.012055469811332422,0.7846505318158629,0.04486520471114053,0.8010372029513158,0.7252739911100287,0.48560660323121513,0.2675412931046331,0.2858659024298384,0.7729872774933241,0.631111426478283,0.470217863079419,0.7723878185595775,0.6666509472601552,0.21446518141933923,0.7349259035298367,0.6102394318611177,0.6756973119822128,0.7321613098444396,0.6965490729870095,0.7439404773658972,0.629227226309185,0.5998469509522691,0.3730099817369614,-0.4110652754380196,0.7217861844853722,0.7696827878646236,0.5301199081313753,-0.08188033894420178,0.6011533729067061,0.7819959477710383,0.4883873106843603,0.15113308491448074
000002.SZ,0.7529978601952694,1.0,0.8019941242472896,-0.21958660224200285,0.669801984704324,0.4684650967212631,0.507366727210634,0.7322583163373171,0.12993790047171316,0.11122544584309735,0.7223311285958953,0.3616928741584238,0.05688173877696732,0.6021523902473698,0.38026644517464164,0.6862560266389547,0.4843515539189636,0.5994666205605722,0.3414937166063899,0.23348615696753186,0.557883879906158,0.7052193452962126,0.716357093529782,0.43696443161735443,0.3752506974857894,0.08298898469771085,0.7582920100133189,0.3860657436768946,0.5735824938810955,0.5163753549862039,0.5778677225062546,0.5758576583854598,0.4646529452853847,0.4907107244484769,0.20194699719313988,0.5731932908107216,0.18489322168558145,0.01034050992152515,0.7779207728277383,0.746295093086713,0.5831546697913159,0.5909533612701966,0.7328139424780379,-0.566189965430345,0.5934201106630497,0.7620916982939606,0.7193290403643403,-0.17780016479406865,0.23341741232063465,0.7885961745729042,0.6535623515052414,0.4787504822033279,0.28486410589092653,0.3111971484783864,0.7561917058613256,0.6886633455556966,0.7454426284181966,0.7576191896495225,0.21401326652143401,0.7719868841282329,0.6020131015196101,0.06572594289307356,0.2892034045488762,-0.18392119432751716,0.6170474546510818,0.8572885922621953,0.5951173387734663,0.5473359045565489,0.8165651489717431,0.7334081464104729,0.01601217088179498,0.5615357853466695,-0.20012290769979568,0.7260474362830496,0.45146113634319457,0.38112142748290867,-0.10573121637904705,0.0472459007903289,0.7929877483961457,0.35656058182717243,0.7002267244049403,0.6746881622857464,0.8038762918598317,0.14553561537393464,0.76710223296309,0.6371842358111411,0.8334651672245337,0.5158529196074496,0.6920346566199784,0.5914495826079118,0.7205790971051841,0.5907662908648632,0.5363631030268788,-0.490264092620982,0.8278044765085611,0.3846463242020699,0.4847311048741492,-0.28543368554707876,0.6992553376631774,0.564305727642466,0.18153455307945565,0.16855597619495774
000069.SZ,0.7663117848151436,0.8019941242472896,1.0,-0.5708225738371427,0.5901234319653647,0.32043815644982,0.24581148766175573,0.7970971048690493,-0.07804774421869398,-0.27757096309891444,0.8675861055317237,-0.041163761445632586,-0.2627879695820485,0.6270160078121679,-0.041802604492930585,0.8303765631173974,0.18998363916970837,0.8063703572566494,0.02116397468112602,-0.036164211053738994,0.7596429960069114,0.7801225694898237,0.8468658910121936,0.3783234217925697,0.09629473362035273,-0.20477087117391077,0.7994796433892063,0.12639547550044203,0.7209265979308296,0.7760119333857517,0.6088855991363119,0.6956342942828456,0.11926500028083385,0.3999139865423274,0.0585878123250143,0.7711722373317308,-0.06519720325504895,-0.1662525255999693,0.7949965226132498,0.6634800439987224,0.463100318256159,0.3321414724538585,0.7885206515120666,-0.8297694975944495,0.7303770346154003,0.8898254502182508,0.8585509808182779,-0.4190267164502875,-0.009629895649383158,0.7161220203031026,0.44772540912147774,0.702159874886235,-0.02329655499128147,0.2934248470748461,0.7993844095536126,0.8557187623319935,0.8258405007159254,0.7689852875975084,0.38184377160798416,0.5505048696140983,0.8161991454208767,-0.11525849209064593,0.3879870655574966,-0.5476551468549492,0.6930837149611229,0.7878256009732881,0.7328661669081357,0.8070397092295676,0.8710266356634859,0.8342252668551228,-0.36634181989487735,0.7840779867206932,-0.34279218406347217,0.7202243305807466,0.6590374588745107,0.4207453841011172,-0.14663980392143963,0.03020152422569099,0.7860814939034517,0.553525577598425,0.5144600762084005,0.8634274393862255,0.8453485696302089,-0.011715699760138957,0.8465261432295762,0.6373998335368912,0.854788628604383,0.7030664744939217,0.783551431749534,0.6213502521913802,0.7102595828538578,0.4623476906127046,0.15131380458554525,-0.7352015413080677,0.876032862001713,0.4476673462915856,0.3741704149853909,-0.4244582176204706,0.5934925757926238,0.7703374122059662,0.18764741023255171,-0.01545463884241974
000157.SZ,-0.23128876162096967,-0.21958660224200285,-0.5708225738371427,1.0,-0.16338819229007692,0.09652044139633177,0.4123139120720229,-0.5015279034389718,0.16206409558426793,0.579167332026043,-0.5964076829357723,0.6066349153986422,0.5298920855208739,-0.47009993216359763,0.4818649295119282,-0.6204244544441742,0.11593644656413338,-0.5483871412132254,0.5384028957960448,0.3071912675456442,-0.5940966098248354,-0.557750261446412,-0.5686542050567881,-0.15857163240663952,0.25331699504315197,0.5086469059109414,-0.5174219211119422,0.38299980991049526,-0.4961502822102724,-0.6250770365938977,-0.26253095150939965,-0.4184859098926159,0.3656380495621332,-0.12959229878375253,0.19337542109044792,-0.5467382009792993,0.36220492134068527,0.4589943094618641,-0.38762197797075687,-0.18473757139530989,0.12126316359940277,0.22017497598315813,-0.560369177986308,0.6729337107955681,-0.40385286254353714,-0.5440484884993669,-0.4089366009900745,0.5638648327170162,0.4007270254983897,-0.18762682638952222,0.10803245966228327,-0.6841434339782708,0.6233432753298329,-0.14053029197702097,-0.44440485917019984,-0.5084878805457723,-0.43449236526849605,-0.31236340160699344,-0.1689919631413068,0.1369575505036137,-0.5339004104725656,0.39370809862204875,-0.14540519886673128,0.7460018453915485,-0.27696352526332546,-0.3575815782533647,-0.4873339595572388,-0.6923431883346227,-0.5391430327840557,-0.5470791990486586,0.6820036976170868,-0.5577336924499373,0.45577730934106425,-0.28330058396941427,-0.5062353292402554,-0.22863588850353658,0.2713914988591118,0.03930493102184505,-0.3337255728110556,-0.4975865176064287,-0.12869486171309893,-0.5351433643228646,-0.41538806257915434,0.29706218574232773,-0.5216364437952121,-0.265738422084934,-0.4610941082938156,-0.5433660125133176,-0.49779469566248546,-0.21988321497567265,-0.35173523935558504,-0.023439890398492785,0.3735032955684918,0.7315959488387095,-0.5531143686986438,-0.17603091233851367,-0.0223837650804177,0.46865143195473347,-0.20641066040952086,-0.5682337820494944,0.07903644760995569,0.13867472995386088
000166.SZ,0.6018546440598118,0.669801984704324,0.5901234319653647,-0.16338819229007692,1.0,0.7189389888264608,0.22427253823145676,0.4998573649571932,0.5173857147676362,-0.04493901994106101,0.6609862444098322,0.12059888182247208,0.23858141211150316,0.12324926098757182,0.053300057724486004,0.5022984192711318,0.2249665586970143,0.6135793347048767,0.08289772722090076,0.3609226063265289,0.5537516618968353,0.461515854161697,0.6363794654998656,0.5576410473798205,0.5095199987527542,0.37522338272121125,0.4776209786147221,0.035570619861858034,0.4633305501963136,0.6316136501809403,0.6882971452767584,0.7265487843288749,0.4416899683097198,0.48892652932828634,0.327749899560233,0.699915622521813,0.46813551271239334,0.3118699746736469,0.41890713934524043,0.7898717799755087,0.8178663169454855,0.38957374261511973,0.4929932732038958,-0.33994799965659167,0.7655793608420569,0.5914549976847732,0.6176600657173609,0.16660794479320593,0.18381730987787492,0.5470862861409066,0.6226121179110701,0.4953450921502,0.31177757185457816,0.45662927822785265,0.45333800445950656,0.6428458291178419,0.8054754880113447,0.8517443073666673,0.5936343510604658,0.44267759179705735,0.6545585871543491,0.4405061140453291,0.38973081780882407,-0.018238521941189436,0.7020366848223359,0.5470965880529347,0.386486897428314,0.5357001130815698,0.5864501329261188,0.773550785559031,-0.11542344269348492,0.5945578555809409,0.2095292802699258,0.7350488619236529,0.5452284900617786,0.7053502037181923,0.20090430515245525,0.4164522388487226,0.8043788678995282,0.6032206451656433,0.6581172342000755,0.7039639024675329,0.8089114275894304,0.6334866601379446,0.7336423318994741,0.9474031457044644,0.740210785473041,0.5372824538207037,0.5450928170746449,0.6599233929898939,0.881739007250662,0.8270484070489572,0.3290089674567079,-0.20158936749784853,0.5511971134340162,0.5218953841418801,0.5609347665641711,0.07492603920784653,0.8877325343533983,0.5861951179166038,0.4083866934419791,0.401042062250954
000338.SZ,0.286453293816259,0.4684650967212631,0.32043815644982,0.09652044139633177,0.7189389888264608,1.0,0.18008275965275888,0.3372546445074898,0.46893563952475104,-0.10301568810853719,0.4253957955176135,0.275286476322633,0.39865991181510035,-0.04152014328602471,0.14314617240055882,0.2550015662160891,-0.015927631814303633,0.2830304998848201,0.16871172967561712,0.40717004666290335,0.35580322364760325,0.31119371540971924,0.3274157546626748,0.5437603682952744,0.6173321457543454,0.5374036754046405,0.29573325740862505,-0.10393514270283731,0.08359046604872111,0.43590220721498535,0.2648604652260056,0.33524248587548494,0.5961673507711224,0.27459803350448897,0.010797324912880954,0.35752177129890367,0.7138455560702864,0.291343527614679,0.15613582913061805,0.40524598843611453,0.5833922919549598,0.15580911121809043,0.20155315990065917,-0.16658535954969844,0.5296582809450185,0.2555008230782109,0.4739178361942776,0.1320725398964711,0.10480801049727584,0.32002751036845284,0.47908572087869333,0.274509465660512,0.3708400712415047,0.11831773273481005,0.17357508709164074,0.3812610716483589,0.45821583284935513,0.5407374517611032,0.465168907964421,0.3875379926018386,0.3191563085305072,0.39249993425870205,0.4103904885003315,0.17424697950459542,0.40739749576721057,0.2871758024865481,0.05850749991640488,0.15905395888436988,0.19984923079343497,0.4365488613054284,0.052206170266604374,0.228381166379893,0.13319358112872204,0.46042808717420697,0.1634930067712647,0.5507129911713973,0.02164944445304451,0.27536382558988864,0.42906314329148953,0.2537024529650175,0.5606601825359391,0.35699506609733017,0.543386334121561,0.6018892610057555,0.3213452698005503,0.7130877882796484,0.41603377256869284,0.1640109615319096,0.18246870494198197,0.3471422754134401,0.6337215671106055,0.614322152794446,0.38659452568698294,0.005481370856382145,0.2477515889646861,0.1937160037629905,0.39999103252697094,0.03031375916847964,0.5335730530248256,0.21846352748613077,0.27250636606540574,0.27011689236491493
000568.SZ,0.4774969482437445,0.507366727210634,0.24581148766175573,0.4123139120720229,0.22427253823145676,0.18008275965275888,1.0,0.2426725642554773,0.047276738672391176,0.5887837854030212,0.06405674941405366,0.7745624800093681,0.2729170958164619,0.152785485294538,0.6811036165675018,0.11672354188494861,0.5556185849143992,0.10376177232176258,0.8500815040619797,0.40729351576029243,0.02415435724433167,0.08985719965549954,0.13406757286616314,0.12240471407939757,0.29081566548477306,0.21024689992631118,0.21325407057182988,0.8170501433807003,0.09913941222342239,-0.16015004917959394,0.2881678788615077,0.05645614197543338,0.33177243019576746,0.26165731571932666,0.38379477357557273,-0.0025529130314316992,0.09438370213654518,0.3183709314781926,0.31741951887807346,0.3673008822969342,0.34141056012944526,0.7225403733830059,0.20380491501456,0.06136612604908612,0.12949036643624115,0.2666481531337619,0.22486602262476374,0.28369985983537227,0.5946611745796252,0.5528122396643229,0.6683012522288195,-0.24075657661866565,0.6922604980935912,0.1610456467868606,0.29103239839626555,0.11233442406239458,0.1995937409991487,0.3051563155735874,-0.01460700943007498,0.7913195483885027,0.021733681627542755,0.2209939031643984,0.07250756274977506,0.3199584618643547,0.3031649028066993,0.3951468257777666,0.16172642590448652,-0.09387151727928554,0.27847557409187956,0.09839274334639377,0.4750712166170059,0.0005474141532855562,0.09789805946029755,0.41879767700683285,-0.03967011156807567,0.11601202404776684,0.13787307369399118,0.07303816449782795,0.34420787014045146,-0.05483610952282192,0.4142980017290298,0.16154279543954062,0.22308866084466109,0.14660027614721546,0.18549535868621472,0.13978337631470097,0.2616123925117693,-0.05063952159636812,0.24742466596983156,0.33833270437939067,0.15554167581337439,0.33503832377495774,0.6798464852390841,0.09835737507880117,0.2530969497270028,0.20873707017140855,0.20392449268927204,0.24607639615572097,0.3100463868712883,0.00900725221423479,0.2843031982949495,0.27502282962322044
000625.SZ,0.6090005932123956,0.7322583163373171,0.7970971048690493,-0.5015279034389718,0.4998573649571932,0.3372546445074898,0.2426725642554773,1.0,-0.1263150068126487,-0.26782425252910197,0.8420874990336448,-0.05229575680198952,-0.23078408378159884,0.6487032071317559,-0.022139780278036213,0.8431117883336539,0.2765733951432182,0.7025055862570958,0.01643500569968799,-0.01296011894125089,0.7812595541578252,0.6773379682988496,0.8630190521046596,0.526856658281433,0.03166606745653242,-0.24535533297022757,0.8286687176293558,0.18204148700004283,0.5832788073804733,0.6145972741923389,0.5079087288352698,0.5558808347415901,0.11244603524306075,0.37749962197674747,-0.040857801694422526,0.6360623174406764,-0.15691138102187907,-0.22561811051904476,0.7086653216174081,0.5384207643830105,0.3008280178170812,0.26895615220884195,0.9305602395338561,-0.6856185735671705,0.6248581366596411,0.7347835411174941,0.7407498430516637,-0.43750953614281346,-0.06126112236766306,0.5761339385630386,0.4400511250910812,0.6219633453420778,-0.10227537414708705,0.2472706876486291,0.8014539313975105,0.7946403121139114,0.7326566584123074,0.6091031025205235,0.24365582783414638,0.427702063726183,0.6549519176103266,-0.16170899865879787,0.3759727103663957,-0.44980764670164625,0.5945359104200857,0.6935546544374339,0.6067162499382789,0.6266227017502958,0.8420978654778507,0.7116128523562676,-0.31135591504286886,0.6178094036684522,-0.4465855939309029,0.6444115054069041,0.5371825751173424,0.3755372720557453,-0.24313759506286625,-0.04084044585866128,0.6550801441387217,0.41184602868852815,0.657380764752055,0.7656909711675407,0.7965089766901702,-0.1431682022997273,0.7987142668295152,0.547371448906861,0.7709720052876579,0.600816381686547,0.7210380039609715,0.45795281899426254,0.6091762880872339,0.3255494961064139,0.13259051106878514,-0.5878831053266214,0.8653919655753843,0.2682732508168368,0.26177457294075834,-0.4290596148302235,0.5206034816087446,0.6023776700105276,0.09175797890852394,0.013563585621171617
000725.SZ,0.023234949225105783,0.12993790047171316,-0.07804774421869398,0.16206409558426793,0.5173857147676362,0.46893563952475104,0.047276738672391176,-0.1263150068126487,1.0,0.29806509988855967,0.06470634905622794,0.13036190865288155,0.3180923986644416,-0.21303221134735842,0.27529278166641996,-0.06008294047755375,0.36328593208536314,0.0018249475949384346,0.12562041333884996,0.4500845019160369,-0.005425392998474617,-0.021495149696935213,0.022844264848201134,0.19246770542978664,0.6155156190212734,0.5417284017873091,-0.110020422855314,-0.006105603913882251,-0.08930700923687439,0.027877280338996346,0.24924465772424886,0.22401917835972832,0.2044398296235108,0.22359029670642924,0.41769854154249214,0.15312017355686028,0.5567989229125473,0.3571197505246479,-0.08724472972816455,0.3365988276766871,0.38321274206819617,0.2709745926465433,-0.11896077384502224,0.2856615587111356,0.21151241247690603,0.04858470991495836,-0.08606954216094069,0.5903195510000674,0.3116781718081065,0.016829288333189824,0.21415338044737828,0.08197753135002246,0.34209978696902166,0.36485914093147037,-0.059632814983465454,-0.01721364003751807,0.1749038273595143,0.2740137592854109,0.27758870899652854,0.0018944041480469613,0.07639166797558593,0.4451517325434788,0.21873318964884306,0.3177354822124047,0.15883596750046744,-0.035217486804293215,-0.1067191391648631,-0.003783895087997554,0.00445539489617125,0.19196709571635903,0.24827730752968868,0.03521769731101101,0.5137387168073083,0.10934102164213884,0.08785779824160446,0.2738810396527512,0.3316181470525011,0.30517272952718055,0.3184352282886659,0.12896266979830803,0.2538960062959818,0.04166207373672382,0.23234073310464307,0.6805993046248551,0.14017859230873933,0.4789282407844597,0.18738156845640064,0.07874018350110965,0.00038370525310192177,0.20967723667424076,0.3675460702852879,0.4817581516331924,0.14133551689207255,0.33509390468972516,-0.020273241903274657,0.19805221398568928,0.4323908842010081,0.33939182290537556,0.530302990434397,0.06776913724630725,0.17215974803600798,0.5882604718539871
000768.SZ,-0.08781527936315875,0.11122544584309735,-0.27757096309891444,0.579167332026043,-0.04493901994106101,-0.10301568810853719,0.5887837854030212,-0.26782425252910197,0.29806509988855967,1.0,-0.32319534661088395,0.6749267875052789,0.40714168091937925,-0.08632625105464746,0.7300159348362061,-0.3088032462488605,0.636241432972993,-0.34272575780610987,0.5986714390808346,0.3464215243532513,-0.39172120157599855,-0.1268942694784774,-0.3655022930712763,-0.1832462260054155,0.3236066412592748,0.39259857345556587,-0.11809628707215881,0.6805694574914845,-0.3539609636838232,-0.5212241648656392,-0.07315527787142397,-0.33216928789915634,0.24741658474135422,-0.03036597412455121,0.36110331041972293,-0.4006747690208064,0.15322029249382985,0.2010627732207926,-0.033090525002019866,0.038840958988771,0.05879774556882248,0.45998361978345215,-0.2594830816648391,0.46078760443423,-0.3473292314408802,-0.21620066405682228,-0.38171238169328475,0.524908416991866,0.48883199249315173,-0.01794709873447045,0.20419174059741205,-0.33446220254054654,0.4977093709972273,0.14712353620279348,-0.13968342106146572,-0.32523322628522733,-0.26116990280937497,-0.11268207664555756,-0.3536763619678924,0.2841055759151509,-0.43406776707347633,0.13889301011832364,-0.29350806460896783,0.5050457167439787,-0.23410295867586062,0.05347295366898724,-0.2823006068872702,-0.466077464083632,-0.10154050850484662,-0.2514567037717548,0.647477773309392,-0.4288575711703258,0.28988769770732015,-0.10655555970034818,-0.40002077445837236,-0.2497832522318855,0.14825289830632793,-0.10012175445615033,0.026612120102757302,-0.4331152010978838,0.059167737255974205,-0.3792222854651767,-0.17054843015394205,0.16771655357673942,-0.1920082815788747,-0.14549395208017687,-0.086262407642851,-0.40034070074562206,-0.11503808570541679,-0.08925621813443037,-0.10051083206506833,0.11142544469949862,0.49466400408367334,0.43664787420583223,-0.15299321221223003,-0.16712906210002187,0.0562481629469361,0.31920400305133867,0.11819213809872098,-0.38726706575288206,-0.011644532409061187,0.32087579482772943
000776.SZ,0.7021284333348491,0.7223311285958953,0.8675861055317237,-0.5964076829357723,0.6609862444098322,0.4253957955176135,0.06405674941405366,0.8420874990336448,0.06470634905622794,-0.32319534661088395,1.0,-0.18080399429334792,-0.27597140346573584,0.6547350546448785,-0.13743921807682005,0.8105068696259657,0.17847643297403445,0.8343755497199118,-0.15197544372270208,-0.08129338769710982,0.8107303303540406,0.7558271314743464,0.8526791639653498,0.43787491511970367,0.0979688814288197,-0.12403285152887485,0.8140239404157392,-0.02373725428689,0.6656878315522574,0.770943966968357,0.6650397968181586,0.7172107243675635,0.1281982423856748,0.4093045768531624,0.051588835888394496,0.8430481652365661,-0.04599350272773225,-0.19292090328333047,0.7751997885754665,0.622828342623761,0.4746995907581941,0.25504704779120807,0.7935061703763826,-0.779071155081068,0.8003128267248097,0.8621300528402235,0.752677231835497,-0.38701885272107495,-0.058823285052552514,0.5615229731951713,0.3505499443849039,0.778072263490485,-0.12906082717599868,0.35665584236321224,0.813972870300721,0.8562684160438322,0.8193241482025136,0.7846887104848249,0.3962651243282685,0.3759692778236315,0.8393315149013811,-0.14463719488114082,0.4815012061637529,-0.5595693167608914,0.6490080191879222,0.7026241716462703,0.7261574269351625,0.8062456950858236,0.8480364932945226,0.9053334721397318,-0.348207035128411,0.7874837195252181,-0.2779750049863683,0.6520675830423435,0.6988563961499524,0.46624334912708915,-0.09589210630223284,0.02225016502220672,0.7902949264973068,0.6108274844501999,0.5336120670140924,0.824485433301965,0.8690145764129311,0.08977939442265914,0.8417403434067577,0.7387002462651583,0.8500426779119024,0.7576901202957352,0.7492910096737949,0.5875893124824437,0.806611929026111,0.5336076471201653,0.04923350148648962,-0.6168387610353948,0.8755654037019077,0.4523614488405134,0.44035434138462654,-0.4136477136261126,0.6247635244510118,0.7989226098747578,0.15831317792166008,0.012343343839625799
000858.SZ,0.14335712551036847,0.3616928741584238,-0.041163761445632586,0.6066349153986422,0.12059888182247208,0.275286476322633,0.7745624800093681,-0.05229575680198952,0.13036190865288155,0.6749267875052789,-0.18080399429334792,1.0,0.5485308327066898,-0.051449623451409576,0.8263689425707477,-0.16765082759633118,0.39887139097285534,-0.29061926286995066,0.8355190491021881,0.3891260015439532,-0.28499373472294925,0.03683049616157482,-0.21247163387952575,-0.003439912039321045,0.4990257170051487,0.47233529957147363,0.08140518402645074,0.5807488311011867,-0.25890243521447087,-0.35577570451778234,-0.06231937716540681,-0.26185905278943367,0.5687558934903282,0.03611873386212793,0.15917486369063735,-0.32831745145761576,0.3422958861442807,0.3140202314153307,0.07465044512683551,0.14364976910458127,0.27174811051237724,0.45901665186186796,-0.1168252946388318,0.2565354326195053,-0.16204143010523223,-0.09317124619582517,-0.04431699395357552,0.3024331454051246,0.3872328536460848,0.27070769023164076,0.5653336463225679,-0.3565069166370695,0.6681234730406547,0.04434327106895294,-0.042727810253275655,-0.16659711327748206,-0.07958382533908774,0.08128433255240661,-0.2342246036775608,0.6448529581356052,-0.3184795873718562,0.24043622817272345,-0.1388360975232845,0.5728562228725044,-0.04687631573267206,0.18923621965342927,-0.19370965968712853,-0.4249819180029906,-0.028076881804798986,-0.15588200537893357,0.6447418216700979,-0.3552269913891635,0.11691411511060723,0.1894227876031304,-0.4031904581296237,0.036682116848957114,-0.019031397642556624,0.056451134199823116,0.047862681889685586,-0.29008988709678546,0.29079466756585326,-0.17814827206433823,-0.011406902866345233,0.21024832692788142,-0.12999590577513298,0.019267076746947793,0.03993239847460047,-0.40237814314183057,-0.07647221202755056,-0.029824601702399145,0.01965386371503684,0.22968269060745275,0.6955375074783791,0.2489887760125575,-0.0006281913782408832,-0.09945415656524625,0.03575249065261692,0.2123578594144561,0.17930726410817757,-0.3383353677325418,-0.0012159012362333438,0.16573555241409058
000876.SZ,-0.041477107598637965,0.05688173877696732,-0.2627879695820485,0.5298920855208739,0.23858141211150316,0.39865991181510035,0.2729170958164619,-0.23078408378159884,0.3180923986644416,0.40714168091937925,-0.27597140346573584,0.5485308327066898,1.0,-0.44752344610983097,0.3701254236759497,-0.18235537354632325,0.07734909558863771,-0.2817613051406256,0.3037171001442315,0.5690151752910996,-0.2797908944982133,-0.1370691963441982,-0.274794306900203,0.37244331020080795,0.3631189383807068,0.5839159034988445,-0.19518020976957526,0.1413242033206101,-0.2631052803648131,-0.21057480429982334,0.03956539433713833,-0.12861087186507975,0.6018353924049221,0.01689075899658754,0.2960385555957752,-0.24200195483605155,0.5107667827476232,0.569735934352679,-0.2623514480871395,0.21815644942046508,0.3741560651872528,0.12168995673744686,-0.2663931035062411,0.40330482509433135,-0.1183646742705262,-0.2628498161077406,-0.07241105525431464,0.4827480117952503,0.24003394637493222,0.05472831644147353,0.4649241035326735,-0.31788134796373085,0.5472514926804107,0.13260794310545612,-0.3015055647649166,-0.1858939772406243,-0.016889616993740402,0.06618681189617368,0.20952614650048726,0.23092625260166053,-0.2516818824325075,0.643138153951971,-0.1712169727563417,0.6415102837173193,0.09135247461140678,0.055825550838563644,-0.32331993752133525,-0.37856648609134386,-0.229475432153495,-0.15126548177458685,0.3899604463289476,-0.2529916678023069,0.4035822908899709,0.21420813058408997,-0.2245706048065181,0.28632203089533165,0.1891294824448699,0.40652866308849833,-0.02501088023791115,-0.10323303874082357,0.17638058671781623,-0.15840885383833223,-0.06659659191819801,0.4363817802975938,-0.1383747229236556,0.18788323212607205,-0.16246451658449698,-0.28679048019521486,-0.20037249856010406,0.09995735384295601,0.035753782605010304,0.22982219036995014,0.5848536674318819,0.29730323616590365,-0.251007223692929,0.015612285429981915,0.030319818830868834,0.42156474850512743,0.24524362407972466,-0.2794782836514454,0.2552494171739648,0.41890560184081344
000963.SZ,0.508860095690212,0.6021523902473698,0.6270160078121679,-0.47009993216359763,0.12324926098757182,-0.04152014328602471,0.152785485294538,0.6487032071317559,-0.21303221134735842,-0.08632625105464746,0.6547350546448785,-0.051449623451409576,-0.44752344610983097,1.0,0.20453575103998575,0.6410973043537035,0.3346552668276466,0.5180741351301469,0.048809560337436976,-0.24407293047445044,0.4242326014603038,0.6495872567990384,0.5502516591035213,0.04691563372402093,-0.07619777890578135,-0.39205774042908415,0.715839065560924,0.2051997441669325,0.5165932033070452,0.42438017074226836,0.34116373344032197,0.2980795708094301,-0.15168608488175678,0.1629488847381623,-0.04778133307997944,0.42544931248202,-0.3523256039332805,-0.4005622177220245,0.7913385877076456,0.27946772548589105,0.010370714200539366,0.3307125995172124,0.6474825363274193,-0.6630606380158636,0.29965441268298104,0.6425127923429957,0.4510554222932229,-0.5186772534765135,-0.08163414265006089,0.4461645442421323,0.12499459573991345,0.4679068093660139,-0.16714770881346763,0.06963622768790363,0.7671578601484345,0.45873680905011205,0.4290770559790518,0.3593461354357599,-0.09311589405716036,0.4020946809720847,0.47625228936071123,-0.5059629399530551,0.2493280163465851,-0.6250568020655292,0.2241626035167318,0.6058825237029278,0.6434178793553386,0.5474882875902337,0.7062220413936761,0.5130900108153637,-0.16763730381196076,0.47894733029695563,-0.4884073339391868,0.27544994914387405,0.3637446029324875,-0.09010875874992343,-0.26780670390747036,-0.3509515663004091,0.4599447897828746,0.1506653511160187,0.2772822511990492,0.418931089409911,0.46898417248367813,-0.3815919021503769,0.5023318067325894,0.14527500261291182,0.5927584675441804,0.483927790729249,0.5307942408706764,0.2684869209835939,0.3694496811768458,0.12527898281051666,0.08388235030769026,-0.5968634244352078,0.7461125022277947,0.1715084211944192,0.17598127467155336,-0.6075451586047677,0.20068178720097807,0.5035016658455871,-0.11304397172289189,-0.15138094507927385
002007.SZ,0.12210711392667402,0.38026644517464164,-0.041802604492930585,0.4818649295119282,0.053300057724486004,0.14314617240055882,0.6811036165675018,-0.022139780278036213,0.27529278166641996,0.7300159348362061,-0.13743921807682005,0.8263689425707477,0.3701254236759497,0.20453575103998575,1.0,-0.06459375473671602,0.6219867684138009,-0.2388435153184848,0.7632848144842552,0.32637530150720734,-0.2739735064534247,0.10441664660313527,-0.1693501194286118,-0.058653266901028935,0.4785599292658045,0.33603425138130305,0.0948328135679522,0.5913109057963919,-0.2205780789070663,-0.34359940709675857,-0.014228551161196923,-0.26952526762380935,0.3628533385109289,-0.04946068086505361,0.235265946087865,-0.29459107215471275,0.19223085691456135,0.16691997454916926,0.1877820514876455,0.150840290121988,0.134375884674439,0.536536963197277,-0.0507386364900923,0.25813382674541646,-0.1738972351797469,-0.026587650322325573,-0.12279734163798232,0.30035735031169314,0.38094827393776337,0.2277070371969129,0.4137019257579205,-0.29325375037988266,0.5672277675687878,0.08784194386899635,0.11087164214912004,-0.21555475078256167,-0.06156000886674031,0.042246680835924276,-0.28322569148525045,0.5597487933686179,-0.27735274306864793,0.03271821393649179,-0.05212701450799767,0.4434972069977308,-0.11759093859924823,0.2254893803836826,-0.1049074103761486,-0.35444732582496097,0.06577325016676096,-0.1257300362803182,0.6510635980483447,-0.30215659903825015,0.06276994850074984,0.0500010869643451,-0.3449133958533703,-0.17340879086395242,-0.04592477217264505,-0.11820810316226275,0.10822814106500363,-0.37510406669024454,0.2088166634136183,-0.20726645955877046,-0.007549107878779197,0.10621346144181654,-0.0984069709346545,-0.05005018569489202,0.11244675012312212,-0.30241057832456136,-0.02673881272208627,-0.005112963360888141,0.013388800883402515,0.18076442847509702,0.6169331267878141,0.21366706889853923,0.1006443802434636,-0.10660831634292128,0.12789773666137136,0.08477301811757106,0.1814999968223323,-0.256191009152964,-0.06233359381718453,0.2610051968972449
002027.SZ,0.6311305668331734,0.6862560266389547,0.8303765631173974,-0.6204244544441742,0.5022984192711318,0.2550015662160891,0.11672354188494861,0.8431117883336539,-0.06008294047755375,-0.3088032462488605,0.8105068696259657,-0.16765082759633118,-0.18235537354632325,0.6410973043537035,-0.06459375473671602,1.0,0.21342303031554422,0.7641537646021099,-0.10342393245662723,0.10877345868201654,0.7410237606346382,0.7017035474711233,0.8284281100082816,0.4913090270312745,-0.02492925901934462,-0.3447577824964932,0.7632898871681008,0.09404822875736092,0.710551128809358,0.7575682399565271,0.5881182066766119,0.6661436056270849,-0.002711871573404264,0.25936903475831835,0.15660402377991126,0.7326143252945961,-0.18269743235991695,-0.12478431413230077,0.6668942882182942,0.5988986731137121,0.2748144462468672,0.22724434313609296,0.8517135538643695,-0.7138788222503463,0.6369734702598211,0.7874417859952968,0.7795248334034359,-0.39166039744362274,-0.12357379846799922,0.6541887390785638,0.4136295614470474,0.6795255774338038,-0.09893078676215318,0.22184127378852847,0.749163126721283,0.7949298560617387,0.7622324629304932,0.628457441834637,0.4175451271629198,0.3892171880311231,0.7487472090818802,-0.05313459128027311,0.2795423838658738,-0.4906081196021481,0.6699284406448632,0.736450170200977,0.6658385428051604,0.7719215713589106,0.8298492633073971,0.7333954370215391,-0.44371749396594007,0.7432060055115001,-0.3062377124195382,0.7029015670756293,0.667874561075578,0.42826865744835324,-0.12746909013058058,0.11920020703391922,0.6711114959808349,0.5801881503354989,0.4909582529582765,0.8209058301294765,0.745446834028979,-0.14962155022702342,0.8502380063201147,0.5607817610632335,0.7387962188709469,0.7067208592396016,0.7565233859408705,0.5388852214453367,0.5716925039088546,0.26147695127832277,0.1088358705190987,-0.7290636126140638,0.8549502306679028,0.410365705538841,0.18632911022440757,-0.33731860002962377,0.5525630360598619,0.7354180847731299,0.17992684746909404,0.18773738613910806
002230.SZ,0.31205006975307864,0.4843515539189636,0.18998363916970837,0.11593644656413338,0.2249665586970143,-0.015927631814303633,0.5556185849143992,0.2765733951432182,0.36328593208536314,0.636241432972993,0.17847643297403445,0.39887139097285534,0.07734909558863771,0.3346552668276466,0.6219867684138009,0.21342303031554422,1.0,0.16389093931078716,0.44901488794963385,0.32892444907561263,0.136105397034161,0.2214369832392148,0.20726237467044042,0.0721325224513914,0.240052751939672,0.14837870065691408,0.2820915588804964,0.6968854525955551,0.1323328185366928,-0.12168428084650457,0.324742927715134,0.1207765768640164,0.15350292414918798,0.2085398856971766,0.4124702727509936,0.0783434530275024,-0.07529485819533326,0.007358603707556764,0.3946363773433526,0.43083563463318125,0.24276557576188992,0.5762395600059613,0.32942325174256615,0.08111330245447722,0.037215376850492164,0.28962806638346167,0.007969164814258405,0.33505016798271453,0.3835358476254853,0.36027675097122774,0.37431008268659954,0.10253875719148593,0.3195089591366102,0.41784657618913773,0.3997642653363242,0.12559041400468837,0.19917339982196347,0.2939055733294225,-0.2038363963724219,0.3867199817181459,0.05631766790189321,-0.04241865878695897,-0.06191748917400439,0.13968394666527428,0.17595696980100303,0.3728825133373867,0.193722554760013,0.03678308451114209,0.44928262191676344,0.222951853423233,0.3440220408302663,0.07893937449733623,0.029555846458968985,0.2455258937832663,0.05415810609960466,-0.039757712453016084,0.050449130814036895,-0.0714618121700554,0.42294929520811214,-0.05443848610811178,0.3146852176351029,0.13366456489927545,0.2729218864825253,0.08318852209991982,0.3341713406582176,0.1714924329252919,0.3776726857555457,0.12013973665748433,0.3829680719053976,0.2776493772279809,0.26963266244462,0.31842129722627605,0.3887206731258486,0.030262826438874606,0.4090521305495101,0.1421012835194747,0.27029167736749055,0.0603326449474637,0.44577888371836744,0.13210683209883153,0.09939930830690807,0.4101611218357175
002241.SZ,0.7425444993465797,0.5994666205605722,0.8063703572566494,-0.5483871412132254,0.6135793347048767,0.2830304998848201,0.10376177232176258,0.7025055862570958,0.0018249475949384346,-0.34272575780610987,0.8343755497199118,-0.29061926286995066,-0.2817613051406256,0.5180741351301469,-0.2388435153184848,0.7641537646021099,0.16389093931078716,1.0,-0.2343316991565296,-0.08812463492525546,0.7662464408630673,0.5925221658567408,0.8456485611338672,0.35786410003082975,-0.078415462744228,-0.1410975952923696,0.6371990004134441,0.0106463652959142,0.8009117267284974,0.7546866001112766,0.7890390123711649,0.8187072140686236,0.03389250812225613,0.4058846990385471,0.24155316988657738,0.8911129041353778,-0.13135700569961103,-0.04475581851392446,0.7042904613629682,0.7097139026405314,0.5076691678271724,0.293586770394026,0.7457480904077483,-0.715344020025331,0.7769914110098481,0.8605758483877054,0.7476559932035776,-0.30131704059850756,-0.038440907672568934,0.6380517129854879,0.3735882397644226,0.6946402041752763,-0.07525967618123013,0.464719119578384,0.7534474792375453,0.8217288547963175,0.8155319347173041,0.8177922432086248,0.5375167269104157,0.3426731736038376,0.8929239390871319,-0.024014888232133158,0.42594980369705554,-0.5352529493002394,0.7544267941171379,0.6555731313679448,0.7681181491965421,0.855663015664465,0.7832167405592269,0.8624653150135738,-0.40264432741596684,0.900241504631928,-0.11722357124162332,0.6872352946526709,0.7997206018740397,0.4608585506675709,0.12165548547023475,0.15528130456394398,0.7485676406118809,0.692157914898615,0.39887639994260565,0.8431186401023739,0.7414967984092112,0.14543855989139473,0.8495053144809525,0.67308337376556,0.7240212655770973,0.8475440261397497,0.7203402780551199,0.7180318776155491,0.7496533915407185,0.54922771405145,0.03378966604065636,-0.5666256196311888,0.759428519718024,0.6791961479657753,0.3798190239898244,-0.24620894846027716,0.606427576850033,0.8910959251489006,0.48052508758619145,0.024821654395350546
002304.SZ,0.21739832577734775,0.3414937166063899,0.02116397468112602,0.5384028957960448,0.08289772722090076,0.16871172967561712,0.8500815040619797,0.01643500569968799,0.12562041333884996,0.5986714390808346,-0.15197544372270208,0.8355190491021881,0.3037171001442315,0.048809560337436976,0.7632848144842552,-0.10342393245662723,0.44901488794963385,-0.2343316991565296,1.0,0.4192496430681765,-0.203575454656849,-0.0601947618751893,-0.10666023367613431,0.012224988394260857,0.4227052111304903,0.28417036563600373,0.05172313900502556,0.722910430503812,-0.13865935663766368,-0.29184980238965336,0.026027890582688895,-0.1540600061574963,0.2840835429000571,0.13388277926598335,0.2594970193607495,-0.24513687482798444,0.23879001579602663,0.3523675379315627,0.075986105015171,0.1543316503412447,0.18115283139340455,0.5959341812983452,-0.016323701450098097,0.2277882586523328,-0.07994067156886984,-0.008845902283431703,0.037983844863246026,0.3614140546163485,0.5275109990569782,0.3048492237639888,0.5319516039384993,-0.39969997762019704,0.7112205793522262,-0.03307651197911241,0.04545114000905059,-0.12458726313936795,-0.010778605602163835,0.06390981814613772,-0.1937331273736147,0.6468229162772423,-0.2206902405378449,0.2276936639160684,-0.05761971229613524,0.44081307567480543,0.04228556753345979,0.13179533088806306,-0.10002175527948663,-0.3061249427693143,0.04552883289475978,-0.1530977773724942,0.49310616493730075,-0.25622057540096227,0.13238592154283382,0.20125518826870858,-0.2935453659994635,-0.01520554837788504,0.04509718642580717,0.04866208090510358,0.13490545018430183,-0.2273024174175455,0.32610363712623985,-0.08795144443071083,0.053418043041989806,0.11681035566740815,-0.055380061658904356,-0.01745080463935818,0.07762650564281885,-0.27048611903710745,0.0002271370669137407,0.10385113104055355,-0.04380213102731584,0.18935526543149342,0.6224731416988708,0.23328864704270968,0.026278522211950733,-0.03619673691867042,0.04608719782915341,0.2848672078278969,0.14117586188495088,-0.24939462706361745,0.02030895814111223,0.26047841680227757
