,000001.SZ,000002.SZ,000069.SZ,000157.SZ,000166.SZ,000338.SZ,000568.SZ,000625.SZ,000725.SZ,000768.SZ,000776.SZ,000858.SZ,000876.SZ,000963.SZ,002007.SZ,002027.SZ,002230.SZ,002241.SZ,002304.SZ,002460.SZ,002475.SZ,002555.SZ,002594.SZ,002714.SZ,002736.SZ,300033.SZ,300059.SZ,300122.SZ,600000.SH,600011.SH,600015.SH,600016.SH,600018.SH,600019.SH,600028.SH,600029.SH,600031.SH,600036.SH,600048.SH,600050.SH,600061.SH,600085.SH,600104.SH,600111.SH,600115.SH,600196.SH,600276.SH,600362.SH,600406.SH,600436.SH,600519.SH,600570.SH,600585.SH,600588.SH,600660.SH,600741.SH,600795.SH,600837.SH,600886.SH,600887.SH,600926.SH,601006.SH,601009.SH,601021.SH,601088.SH,601155.SH,601166.SH,601169.SH,601186.SH,601211.SH,601225.SH,601229.SH,601288.SH,601318.SH,601328.SH,601336.SH,601398.SH,601601.SH,601618.SH,601628.SH,601633.SH,601668.SH,601669.SH,601688.SH,601766.SH,601788.SH,601800.SH,601818.SH,601857.SH,601877.SH,601878.SH,601881.SH,601888.SH,601901.SH,601919.SH,601939.SH,601985.SH,601988.SH,601989.SH,601998.SH,603833.SH,603993.SH
000001.SZ,1.0,-0.31759058760378384,-0.1407259933248883,0.26232713230711896,-0.1652417680331499,0.2599483291108801,0.21713321915391604,0.19377221531171615,0.1442914540006188,-0.131686375212668,0.16097281034294106,0.40933565152248286,-0.10443025693293638,0.06422747877601372,-0.3814273659118878,0.09097951820168244,-0.31527995402361214,0.016534548854482214,-0.2707129978790671,-0.1923091059889688,0.6158883890231738,-0.24445848409710955,0.6199625032114938,0.07735331700183133,-0.14291554917190508,-0.3169515131107982,-0.28407363300052696,-0.34054957804736957,0.6808456494276189,0.2438868186694236,0.4733964577060284,0.4114188514475161,0.49482607088879726,-0.019559040323971974,0.15069323151116135,-0.08245617646408955,-0.09052069132680944,0.7048685218146367,-0.2819764235118144,0.4158788213847197,-0.25309675949727967,0.41371997419744533,0.4130041810982461,-0.03260579393665419,0.02816736944947777,-0.33816515608969144,-0.3193769958533497,0.18591784968624778,0.006875696839017373,-0.05918732151019814,0.6253650577898408,-0.3755141983539853,0.1330071457595857,-0.32356415719321613,0.44416033877103644,0.37323634593742305,0.047556680899292436,-0.24604099815259653,-0.15661768616491578,0.42011216324509815,0.599010597608106,0.08336448511052202,0.6336952658889963,-0.16868378557236915,0.2130251878549344,-0.45424032780098206,0.7895460982703328,0.48615475214490433,0.03166271605672089,-0.1772607459228419,-0.12782724605206378,0.8124241100764449,0.6755600303004847,0.8073925156138269,0.4593976797288086,0.8122458163912275,0.786908051868387,0.8694866227565093,0.13428601934159792,0.7289409352832495,0.46974532954190923,0.42904326374149465,0.02364668271083653,-0.3022590983644862,0.020189491383335822,-0.06630240874896172,0.25895018197888015,0.7237306049512534,0.08902796176233439,-0.12403067910165781,-0.2616157882248002,-0.012607763283843767,0.637916136862242,0.06413317474723178,0.20901259035300745,0.7976956950252823,-0.23869265188695835,0.8216443726103048,-0.016640301595104046,0.4753837655418888,-0.29893053018028976,-0.2049856483796975
000002.SZ,-0.31759058760378384,1.0,0.8378425664842452,0.35599825399481705,0.7233010770668172,0.43359489513415655,-0.5635697228737968,0.32221262277421814,0.2939572978542141,0.6563000166074229,0.5669107481603163,-0.04126819783283286,-0.3917767972068871,0.04737282464609687,0.6750140586480969,0.54926507067385,0.7261701114823639,-0.3159117441176779,0.6156117524552814,0.6921028857076624,-0.5422414163562544,0.27828941124258255,-0.27368483292800794,0.13898225582154164,0.6126025643867148,0.724730928231403,0.6395065209144702,0.42321536088999273,-0.03409413603417803,-0.08941864129757256,0.4191256172864796,0.5211043947150141,-0.08205060467235582,0.6850470215506346,0.6405061446723609,0.7367560311944131,0.8302528468243803,0.15496515938836078,0.9522061395255402,-0.014922558547167971,0.5003707511708203,0.151742380865941,0.21025605318382581,0.4463363065520381,0.7226672264234599,0.7210726176727854,0.5635399669952104,0.6079714347035511,0.30046562507407526,0.607010495399107,-0.5615573263894368,0.6977941764679966,0.6167423696858308,0.3875397479904476,-0.10321188156250638,0.011122230521092421,0.39518740414552206,0.6631307187353649,0.568242584237396,-0.16620960388468728,0.3024521016838215,0.6015208455772468,0.14834005940243608,0.7038570140317161,0.6491914808643914,0.8180020987331195,-0.09782423544033166,0.33760136492897863,0.7137266397772128,0.7626131222097164,0.7297611262502013,-0.14783184398348326,0.17163325672538246,-0.5266374802990016,0.3394801187322258,-0.1783448298905024,-0.034754118747131885,-0.3750130143208201,0.6641449323933297,-0.3806430157196116,-0.14334103103400772,0.3575233796629005,0.7007751890245925,0.746816774335538,0.6716795492311073,0.6921313937156944,0.45891583671925545,0.09477556733579466,0.6701777613478991,0.6720128755453891,0.7002597778287023,0.615839246677622,-0.7396216795428066,0.5885862898543431,0.41201772501590983,-0.05175706659304463,0.7139852609605121,-0.13550918609012966,0.6065297177301193,0.4305725187648101,0.6584842414213031,0.8181928067279908
000069.SZ,-0.1407259933248883,0.8378425664842452,1.0,0.6888166008158426,0.7181705225909849,0.6210800112291074,-0.450549539399159,0.5946586223343223,0.20773890909531578,0.6467303328553176,0.6010707136635252,0.08909312637157119,-0.46148087316010405,-0.10040342907034938,0.5395319935883832,0.6613017684500513,0.6237767973026589,-0.5102637304503918,0.40367104047275343,0.7201442336987793,-0.5417121395850232,0.13535003523097064,-0.2161233921387126,0.12171674883582244,0.5877363627046238,0.7418728642681295,0.5712177483667531,0.20023351285263222,0.09830949243228561,-0.09586569904570545,0.522235690781046,0.6489456803651372,0.21235841558364188,0.7875925125942715,0.684397026218284,0.7631187419322005,0.8995335342032957,0.3867045052217502,0.8304830270426041,-0.19910782175605898,0.606138980624427,0.32254550475162996,0.48723479141749126,0.4246917851719602,0.7879916023791852,0.6395447279115625,0.417020581266067,0.6604302583923843,0.3561730949253834,0.6692832577155166,-0.3129866675303845,0.6335220411467004,0.8536262723075442,0.16360743488269902,0.1360011478656993,0.2945055609104155,0.5668567613057799,0.7014569991204698,0.8025132893061713,-0.08979465643486938,0.44421410816361817,0.6348469174049081,0.4669518421999799,0.6926897824315299,0.7244189461472851,0.7328971685275011,0.08278021818026428,0.5399459767387635,0.7989466404003477,0.7802765226711409,0.7385578207579669,0.08247268247268445,0.3388552699613439,-0.36836411237803546,0.5417280137365541,0.01160406193460918,0.22324054651664224,-0.22332208765956707,0.7359409364389865,-0.2910216516728971,0.1827291079136384,0.6001730978367377,0.8159755920987105,0.7103163149816151,0.7599480334922227,0.7252912090130789,0.7279107749421602,0.2630565423201684,0.667242727630372,0.6670410922197667,0.6930690623314631,0.7410970020611279,-0.6231620974479569,0.7069262676404469,0.6466914724674976,0.17907136519378797,0.7320586820912451,0.055975747281754994,0.6574805320289184,0.551639122649611,0.5719018882905066,0.8300244636026997
000157.SZ,0.26232713230711896,0.35599825399481705,0.6888166008158426,1.0,0.42701238460056007,0.810769602008136,-0.05093932025513146,0.8168634282345635,0.06960643304291748,0.3188454118733351,0.3728218166506682,0.5268670526850414,-0.5302648230934897,0.022485704434023823,0.2856351121012665,0.6761914120956108,0.12258443774659093,-0.6674880961224742,0.13715643470645436,0.4545443983935022,-0.2754284933025672,-0.1387843726443996,0.1386930657797095,-0.0006927986945911754,0.22815373456340884,0.3799584678628241,0.13856317255742726,-0.21031710198423714,0.33888962528422645,-0.13677551896893567,0.5874672887593374,0.6454528578307682,0.5190968029273141,0.6651654377343093,0.5957731878171114,0.4483073444981756,0.6448981629721195,0.5317763025200287,0.3394711007593209,-0.18897938739851705,0.3386841889771328,0.7238406595885919,0.7817447167314331,0.185750735975748,0.5826017224323797,0.4448052434051843,0.06264545444351792,0.5002491284197303,0.27808826659849645,0.6372926879432269,0.3064201575175589,0.11098822999802059,0.8631096316572454,-0.33406325379836144,0.5957041078727526,0.662493785119714,0.5824208097852056,0.29787895471181486,0.6875384467418516,0.3636272197119554,0.5781093856840507,0.45375579478845474,0.8050473495307823,0.28868121224395615,0.5733133686744822,0.3453493068960893,0.3492453035697595,0.6719235244009966,0.6253392869800215,0.43416389166615127,0.44089017290789845,0.4796416837072826,0.47374433886808637,0.12601431066515056,0.5875793929527887,0.4320040593548877,0.5133336015214911,0.20061084126991416,0.5952412802985739,0.04874046646929795,0.6177918562251891,0.7713276351604269,0.7104775674827556,0.28838713473080935,0.6026660625746776,0.41744673073550603,0.8551835763365866,0.48554962820054,0.4612406207227184,0.47322515152656885,0.33251391742598696,0.5282372119291473,-0.07223583497562548,0.6622816839088337,0.6291821554181486,0.42505902460090317,0.38064349202036857,0.395704140140291,0.4548540068132321,0.5588583748999832,0.21155604054934854,0.42229688939421045
000166.SZ,-0.1652417680331499,0.7233010770668172,0.7181705225909849,0.42701238460056007,1.0,0.46621519165556496,-0.6001898151312451,0.46039285506236566,0.6261094207913702,0.8713602502136791,0.8478682430666401,-0.025326151817025844,-0.39905704293944083,0.058451040735728654,0.6518653191293319,0.6916376974658635,0.8358184773041263,-0.1407963439639214,0.6714434122950167,0.8665854621082957,-0.34188751792105526,0.4946195103619703,-0.14233385473622398,0.385334998020767,0.8939892694386514,0.8153520137854054,0.9025517622375677,0.5260729558708075,0.03687581713319534,0.16072531946401578,0.570738908176848,0.5506539172205467,0.14908923564293133,0.8443378205809161,0.7564120733983214,0.7590439107997772,0.6416345032163061,0.26867388390541863,0.7198227480982083,0.1458269053382376,0.5974986466062188,0.2177757123691095,0.41257332010274794,0.7688772760406103,0.8029391300948828,0.6268864333375058,0.3387240010034402,0.7187438292387762,0.5869379056613195,0.6557351210340231,-0.4277267433918326,0.8199803017870965,0.6136559421819904,0.5061546415628287,0.14310651788862225,0.2319697382552273,0.4612372804550087,0.8052829304525813,0.6397196910174995,-0.17522540156753072,0.3613058406681309,0.6441266616015714,0.18802159382133832,0.5932255836058192,0.7538280289436966,0.6904162022335233,-0.1031714941105637,0.28238125656577545,0.8758577046826527,0.9565465922345613,0.8265079870086369,0.026936197196963867,0.2874783291982691,-0.4632842272842397,0.4562988374800711,0.017832315228257543,0.08858669474853771,-0.1843319000702199,0.76242235966797,-0.3425637980456662,0.1299600110787867,0.49499991727443876,0.8483645463656954,0.9258548945485251,0.8700398109908104,0.8506558549864588,0.6427298763932033,0.28425265201281325,0.7875820787434312,0.7445671318034108,0.952892309817761,0.9114778968828153,-0.5734328893985462,0.8693118545291295,0.6846163520172137,0.023492283778332426,0.828845609751045,-0.0075170011326795684,0.8040028077058555,0.4761285380458986,0.5930649748230947,0.8777507546349542
000338.SZ,0.2599483291108801,0.43359489513415655,0.6210800112291074,0.810769602008136,0.46621519165556496,1.0,-0.20718075011076345,0.7224632828236098,0.31135706202146113,0.47905811078268673,0.4970522408476146,0.45511324340988213,-0.515676521318789,0.04855442458225051,0.3647910867523152,0.7557177691530739,0.2801198278094638,-0.5159028075149096,0.25625647487143394,0.5705168289318082,-0.19824131892508712,-0.02806012996336273,0.2741589699540901,0.1684109553990101,0.3450653378363813,0.4390597492046351,0.26215855876601,-0.1733630269639206,0.3877170883412399,-0.024947004920843053,0.6677432505131496,0.7193217720129983,0.43510881379011984,0.7438926616152614,0.7148696532964153,0.5102778062391367,0.6533833266442398,0.5204926646727864,0.43054626298205584,0.05909685671829146,0.2989696732028175,0.5987400077422991,0.7295395474389537,0.3795079735367162,0.6316707064924035,0.4301800839500152,0.07540261558304369,0.6508087810569613,0.35316100764886676,0.6563396897876824,0.1133799787424787,0.24363110205354555,0.7738123305543096,-0.14926009678479848,0.43619415860718674,0.5813487990272291,0.5538392214540081,0.28526900059429156,0.5430844816875585,0.24560268040613442,0.6551725347048648,0.5279405250676942,0.7171007379162538,0.2928448621346192,0.6986357674517892,0.31750719269473016,0.3410248991283941,0.6610352641357246,0.6535458674171436,0.4609290803468374,0.5404296269896961,0.43821080933872786,0.5253723950912085,0.0051755402688889686,0.5293804243237115,0.44861575270507165,0.5074288030409161,0.2247467624169084,0.6641619991585135,0.07032760780215787,0.46906285066711745,0.6816689701633193,0.6906439050632275,0.3291456917524911,0.663352371566052,0.48528501678401254,0.7712788389553834,0.5639976390444688,0.6028878309269038,0.5636815733452784,0.3487595044126137,0.5341143925690538,-0.14261719004399054,0.6965344489266236,0.5614956573177025,0.4137869698435796,0.48374278727533815,0.44228005007849097,0.5757585750914552,0.6460079298076176,0.22937097693571215,0.5090651950333095
000568.SZ,0.21713321915391604,-0.5635697228737968,-0.450549539399159,-0.05093932025513146,-0.6001898151312451,-0.20718075011076345,1.0,-0.14268984207343371,-0.5345424146405021,-0.7214445106814455,-0.5926098295748121,0.5195961351938565,0.5329091382870274,0.17537566256529327,-0.2571513660105041,-0.3184469564431976,-0.6930940660290231,0.17957850758300412,-0.31849016931791446,-0.6233624713317251,0.279616269807599,-0.48098168109388095,0.08165253650896773,-0.4155650670197127,-0.5731837607493867,-0.47233002906688215,-0.656423200721514,-0.3674107883964029,-0.07763507581458874,-0.16936429771084724,-0.5226189713116512,-0.44503698092416016,-0.044094631738784966,-0.5453905407832774,-0.45103671772106413,-0.4735920023469977,-0.33716348877182756,-0.06544806734002001,-0.5530840072878116,-0.2367566360491373,-0.49724565123501896,0.054484799207714596,-0.0874608747289732,-0.5571823019453651,-0.5262760663253069,-0.2830616301335997,-0.11454960937925686,-0.6664379710015252,-0.5415921716353442,-0.2557305026226839,0.7318035426772624,-0.638418245700901,-0.21308858193123403,-0.3684794206735591,0.13472289716922026,0.025755216249252057,-0.45130957733769467,-0.3742636322023985,-0.5015627761959208,0.47365786777253027,-0.2215844747688127,-0.4294924462447764,0.009858069064859837,-0.30629764241991936,-0.5168885837641695,-0.4464694907149415,0.06351355639562568,-0.08775379174024601,-0.5851613389964964,-0.6086120550749025,-0.5016777212443444,0.08434503141277223,-0.24515190957857524,0.5107549732707489,-0.30585908923022437,0.04891824975245179,-0.01696431807281856,0.15982914232513018,-0.6679972515171358,0.40221092686274046,0.04921758628982057,-0.3044867542492679,-0.5893211907123423,-0.5334815670623968,-0.6473625264075885,-0.4313628146001775,-0.3720300113707143,-0.13173329005057538,-0.5983256808054246,-0.5624079908546001,-0.638304047102645,-0.486715337102739,0.6066441112184647,-0.4268628225177173,-0.3515094803584993,0.010582934151711113,-0.7079967683744911,-0.0015476815325330105,-0.6672847679622754,-0.3419473930782652,-0.4341954777748542,-0.7099484481205355
000625.SZ,0.19377221531171615,0.32221262277421814,0.5946586223343223,0.8168634282345635,0.46039285506236566,0.7224632828236098,-0.14268984207343371,1.0,0.27183290079391087,0.43964845052308404,0.44346965953052564,0.38043453454989656,-0.6271826977751439,-0.08719356454023351,0.251312582651796,0.6134863317520938,0.18802054747719046,-0.6387521201854608,0.22005411621846568,0.542637472435684,-0.22002408347720293,0.02486808494278933,0.3432754024952737,0.12556103396190574,0.27302694793700066,0.28782313076438765,0.20524796099354295,-0.1585220028022083,0.29936761380858573,-0.08405739243242143,0.6008033781048273,0.6180379625181797,0.41796658188827074,0.5759913485492648,0.5062466680638064,0.46023021201372255,0.5930298326037122,0.44195000140678076,0.30779934658429486,-0.11674418030861211,0.43818904100237194,0.701267794681936,0.9137955837593346,0.20580134152821608,0.5873628702973436,0.5467288109744266,0.02725935208371222,0.517160656298217,0.520295120381273,0.6384178970045828,0.2213775742708385,0.11094742964264641,0.6918236352211409,-0.30936643102253375,0.7636205274248603,0.7950258315439308,0.720810463309309,0.2305822250788044,0.6798441522300092,0.2847211713794773,0.47551353217428843,0.3517299204766495,0.6903053870517528,0.2560894884508256,0.5711667003351958,0.32011269906876133,0.28352062567506076,0.528964577947664,0.6030155620284727,0.459092341673506,0.4099906023757425,0.37855149010908823,0.4863127015441806,0.03984992120979812,0.5665021577921369,0.4238561271887386,0.49764168863483227,0.19808441776559702,0.6483149815925722,-0.10261571448854774,0.7724617785820307,0.7760255701060098,0.6718296306971906,0.3206948104175084,0.6485283660908414,0.380653180649305,0.8163682352612002,0.4638374782370391,0.43761638302741734,0.4983362147998538,0.3702215831967894,0.526524016344286,-0.14465784362519338,0.5701058915340056,0.6316645047065451,0.4222645313114704,0.4978169249571383,0.43872492213530495,0.49793704157719426,0.5103448364134145,0.3461474374211311,0.45756398462320086
000725.SZ,0.1442914540006188,0.2939572978542141,0.20773890909531578,0.06960643304291748,0.6261094207913702,0.31135706202146113,-0.5345424146405021,0.27183290079391087,1.0,0.6344237384606021,0.6308802822043117,-0.10548123414577186,-0.31490455930036393,-0.005411269732160162,0.25379172665522737,0.4191073651571881,0.5954687112093151,0.268676612089137,0.4174260865540822,0.5926154584245654,0.17007982642856448,0.49816220942068834,0.27213298549660586,0.6369497058224388,0.7350349324463319,0.2975722097971532,0.6288613571602023,0.2997105079733568,0.09713479178048585,0.19204276298298673,0.5213823595202299,0.3672237857870706,0.14942367449880106,0.4757614014134944,0.5044676190898748,0.3380955248787356,0.2149870953965424,0.2273898621619129,0.2668364171328601,0.5001177469984234,0.24864688118377123,0.12567471776957248,0.3110367297230893,0.7265420192289666,0.4188467850230148,0.2505992347424416,0.024511869793804635,0.5417304875061137,0.5878606068962619,0.35130280914451223,-0.24377578744408604,0.508727516412935,0.14919886260412538,0.5335059355963375,0.22357869066928626,0.20354492580658604,0.2634651758834888,0.2830987268929169,0.21001510689112776,-0.16426838298862143,0.2517427851235267,0.2868820551933297,0.0851385680245525,0.17105994571191327,0.4603835900322508,0.22752239333425558,0.006055865276090499,0.0757180140086373,0.49135109452089076,0.522604797604271,0.40238816690164975,0.18950200633434255,0.32517527285239917,-0.19071243312033034,0.2656102048442583,0.240044070488292,0.1387190489353977,0.09272713309268382,0.5098173200253994,-0.18743993131350625,0.1571662385588226,0.30760202269410747,0.4811771089075522,0.46649207780173985,0.5832755730360485,0.4223220302943622,0.31452764383585824,0.3190902602706253,0.6118391155143478,0.4915004649705403,0.5625020334170409,0.5001931050012708,-0.21311297528148102,0.5614095782491232,0.35697171929568755,0.10798406204391398,0.5099459503248462,0.189315984252131,0.5622555842769977,0.3257358601744083,0.31918707926163387,0.5210268239058282
000768.SZ,-0.131686375212668,0.6563000166074229,0.6467303328553176,0.3188454118733351,0.8713602502136791,0.47905811078268673,-0.7214445106814455,0.43964845052308404,0.6344237384606021,1.0,0.882491271146881,-0.16355156530635231,-0.4640583271582312,-0.011463376251535373,0.5372391528847764,0.6058610253442666,0.888953610111583,-0.18735206291212717,0.6810577530351482,0.8837996540926764,-0.27171464560092373,0.5467369250104607,0.040044794703151525,0.36151599952052876,0.8038682536232925,0.7247183965009764,0.8624032280555669,0.5356696188408835,0.18731427859747685,0.2035206997733678,0.6567711458867406,0.6240504111005664,0.09605435127322148,0.8397892424232293,0.741314256968236,0.7807527740753978,0.6284713533231256,0.24293381012333892,0.6945081437137822,0.24651862509880396,0.5580802482788667,0.13311392954393633,0.4385261899774923,0.7097421071105311,0.812508762883888,0.5547136853313203,0.2965189520280306,0.8294276650828469,0.6546726969776143,0.5538706281781237,-0.498682064361151,0.804541253860978,0.5495044840212829,0.4241223892974672,0.09507482274803915,0.2694313927894621,0.5239624781937812,0.669787078499226,0.6165158923820518,-0.3055479561621208,0.47948127081327346,0.6702202931291042,0.21331416907015166,0.5489282016137222,0.8267128087063237,0.576928345583405,0.013571659451266475,0.31645640439452527,0.8425903875509563,0.8746000189189402,0.8358593506066386,0.04853629780614597,0.439949593841511,-0.44633622919892085,0.5278802352164603,0.06025598462851878,0.2185878233832903,-0.07459757111810121,0.8354312347725458,-0.27386786822719594,0.15956098509403663,0.48301028964788584,0.7935730135405622,0.8151229555816876,0.8785693199596917,0.788007717514628,0.6013665425883442,0.39448919139734856,0.8047254049013395,0.7031317196619202,0.8498180168235078,0.797843133793641,-0.5661176320248323,0.7507759402036093,0.625001562022618,0.1581711085581339,0.9225314802447665,0.12137148449009943,0.928610837291091,0.5950621856061825,0.6795431394551873,0.9143895159823923
000776.SZ,0.16097281034294106,0.5669107481603163,0.6010707136635252,0.3728218166506682,0.8478682430666401,0.4970522408476146,-0.5926098295748121,0.44346965953052564,0.6308802822043117,0.882491271146881,1.0,-0.05786532389582932,-0.41074583631374145,0.01461433851924839,0.395982546862772,0.562486974036811,0.7323106828686355,-0.12814939777656778,0.5617861462319679,0.7436051562653939,-0.009240506141546622,0.4739059578821449,0.21605815626846314,0.3448878338634616,0.7882361000169781,0.6372035811999592,0.7749583072749499,0.433857510240572,0.424325497681825,0.33224058379779026,0.7495759116011432,0.7419457145317812,0.3207049314904592,0.7874511690865341,0.7583146434759557,0.7473246317680351,0.5803647719698666,0.4776801417805241,0.6213760856835301,0.39280300919324157,0.5211700976167793,0.19375712684718585,0.5087779133792439,0.656252865133021,0.7998717989662264,0.40059359697452995,0.2586955066547954,0.842735452027227,0.5789084156200618,0.5044152488669537,-0.33147514807421,0.6744089328472627,0.5657258394338868,0.3678231355199529,0.19760585002017583,0.30761088870472325,0.4698898045173178,0.7247382813835271,0.542106774125807,-0.19119880532009273,0.6314670830050183,0.7258532838963538,0.3549443346098428,0.511970414191593,0.8720710053062392,0.4580276369741037,0.30632970977393836,0.47609819341370013,0.8630186508099819,0.8649561427896435,0.7985150419378639,0.3197221458991469,0.6221298301658654,-0.16258608130671812,0.690852122599293,0.308759463528816,0.4629154523703745,0.20916395651782982,0.8455932307518935,0.010889974169519923,0.2488051038217216,0.6095274811298209,0.7735195250861125,0.7896367078013595,0.8603958830289965,0.7919759899357174,0.6486547831072449,0.6105141755083459,0.8070254132553852,0.6212440986033595,0.8195950258596946,0.8264468143911667,-0.3526072752496194,0.7452049434446272,0.7101784997412212,0.4222357978633289,0.7553693474545201,0.38333970012275803,0.8283696607702354,0.7270990797234274,0.5618688517505218,0.7941508968083463
000858.SZ,0.40933565152248286,-0.04126819783283286,0.08909312637157119,0.5268670526850414,-0.025326151817025844,0.45511324340988213,0.5195961351938565,0.38043453454989656,-0.10548123414577186,-0.16355156530635231,-0.05786532389582932,1.0,-0.060066416779139216,0.32879304920663893,0.19988228406139844,0.3461007372395632,-0.26163377462834897,-0.21416723590717823,0.03894416489188657,-0.02811745964962643,0.12596880545979466,-0.4349285294731768,0.25110910615747717,-0.14795052879329207,-0.11563727678880877,-0.005988585203352863,-0.24215115842955992,-0.30188249471266276,0.2009656757179236,-0.22741808314125053,0.13986575839187956,0.19740231606027803,0.2778005741728348,0.09217466739541201,0.23601147507690748,0.002419895282719043,0.21308414569079873,0.35579201680794753,-0.053641876026201234,-0.08168844260940068,-0.20671784348028918,0.5777086432419789,0.45347062040599145,-0.09175539196538712,0.06407553290808529,0.17406344372427773,-0.03491820464728566,0.021041869101295695,-0.147088130700237,0.3806985312718434,0.6678395721989667,-0.3124688058351502,0.4108906720354235,-0.3479515622406486,0.4387737940344831,0.40429127883115096,0.05863901779666506,-0.10767719688143586,0.010107683948163776,0.6090908961043885,0.32481541531364383,0.04355261663988554,0.5436329583786231,0.0006055633262298521,0.1239859733694999,-0.021543421699872913,0.30538018473816664,0.41988609336688404,0.045164550489767745,-0.08973344684806388,0.06349039851714257,0.4033995999363978,0.25587597009026913,0.4343617890612586,0.15599735733699036,0.4157617759495476,0.34888765951525874,0.29249621669498066,0.0047869428310336895,0.2659274402616307,0.3472019409836995,0.324207064629625,0.10288417467554171,-0.11263447866343006,0.009033387981308679,0.050037994118771405,0.2731487275251002,0.370856662904536,0.032887843870989836,0.031626457046207986,-0.18281774963800648,0.05441243395025713,0.39486060111163207,0.2441421345877283,0.14024148042556323,0.34315412746259977,-0.17547450681112275,0.3090622879900458,-0.05575596174602668,0.23239952519898885,-0.11923733028415988,-0.14203111113142516
000876.SZ,-0.10443025693293638,-0.3917767972068871,-0.46148087316010405,-0.5302648230934897,-0.39905704293944083,-0.515676521318789,0.5329091382870274,-0.6271826977751439,-0.31490455930036393,-0.4640583271582312,-0.41074583631374145,-0.060066416779139216,1.0,0.023530983459156492,-0.1662034255323429,-0.45465217959610665,-0.26980305226254064,0.6568663722057798,-0.25345514786302537,-0.49759788008861944,0.25928231837076143,-0.0496667205411673,-0.24079363719597982,-0.042495506574741236,-0.2039392678480952,-0.26599221705560266,-0.27729287156775856,0.03916031898326718,-0.2860083845778277,0.09789770384449653,-0.6574476720946162,-0.6022908318119233,-0.28563120352840327,-0.5005879913404317,-0.47721211250245915,-0.24973708684581566,-0.43780644504685334,-0.29919988071952647,-0.386520409247904,-0.11478178843527846,-0.3818435770118797,-0.5766208411868642,-0.5453884793108718,-0.18134166644464625,-0.4146198089416604,-0.45213794283326875,0.04411691079304473,-0.5959405130173178,-0.5261483201785686,-0.4705923472630316,0.09521180712527098,-0.17285538405002732,-0.484434899186213,0.24425959964229507,-0.49799507430441103,-0.457567842394673,-0.6875341491657901,-0.051977271628356476,-0.5912236054083805,-0.12449337791477287,-0.3762841142285047,-0.27583237742893346,-0.4962280406667193,-0.017935187622085107,-0.5235187312324547,-0.34884382448335655,-0.24911648270941503,-0.33908217974709426,-0.5562387324745741,-0.41081588361406807,-0.30830495701964494,-0.25402998518628767,-0.4549085171584712,0.05858571502032737,-0.5243996492248822,-0.3550053494861665,-0.35934865476639105,-0.18941605096169212,-0.7030666380912866,0.14439246201071934,-0.4149982975306424,-0.7165553577219391,-0.6520107196801732,-0.24450343307262976,-0.6179122369516821,-0.21021048897468683,-0.6436113246350815,-0.4051589532257997,-0.5022487966397607,-0.5842532904272897,-0.33343518336574446,-0.3293353808704404,0.2796936055585412,-0.4480855875425323,-0.3098590747774937,-0.2969519679610099,-0.5253162332973195,-0.35280328448520226,-0.5486030365990034,-0.46662600979199037,-0.3789184857289878,-0.4793437373050982
000963.SZ,0.06422747877601372,0.04737282464609687,-0.10040342907034938,0.022485704434023823,0.058451040735728654,0.04855442458225051,0.17537566256529327,-0.08719356454023351,-0.005411269732160162,-0.011463376251535373,0.01461433851924839,0.32879304920663893,0.023530983459156492,1.0,0.3932568267892471,0.2562822817862172,0.0017510247582790915,0.08363580641751706,0.35905126492991846,-0.0545321132455005,0.14869897729424988,0.10979895092418117,0.0302082940961807,-0.12582808250744673,0.04600879500622063,0.07196718917200957,0.027155271276803252,0.0921911310819467,0.12358770261311934,0.09070327312129771,-0.07578405449122907,-0.09882635616584663,-0.04702490958326246,0.07175362286866731,0.19840434608604693,0.0011779958942060075,-0.05221171553091067,-0.01092170299479224,-0.02566793678620449,0.40790245776290046,-0.21922504837667925,0.22866567796894732,0.05247540387543503,0.06361999563080295,0.0005536147007537453,0.2179304599651243,0.09535697182838176,-0.11548972018535564,-0.08375168356772815,0.2560965893010588,0.21583141325176622,-0.04110985273186743,-0.012871073827209778,-0.12973328119237446,0.10970545766988815,0.14337342593787708,-0.14351692099824553,-0.06947592056641154,-0.2139828822735306,0.3425891981013145,0.013424228290645926,0.057846201226780934,-0.029682022160037323,0.009758993054013525,0.05348357326402589,0.03241489418885516,-0.05956217219301883,-0.10955887767077416,0.08512961822382765,-0.00010645557934886353,0.10861439775122754,0.1884325554923739,-0.12185095423270347,0.20455973294501376,-0.1590147254880034,-0.04266900156722033,-0.1478028387732212,0.0256931663605595,-0.05716213698185779,0.11509276921405204,-0.04029958051844752,-0.057258720846303686,-0.008038900848168315,0.03363631541716839,-0.0015836894715928404,0.03829847409541686,-0.04298130560835861,0.0022977475448195347,0.17557289601070866,0.10294111222410196,0.023532356476140538,0.03634762700125696,0.07661204904199435,0.11563974491576841,0.01999985836284998,-0.1323904771490755,-0.04380695576032626,-0.12113962297457848,0.018854869755500304,-0.14274634924853288,0.08688693055418012,-0.09853572093453104
002007.SZ,-0.3814273659118878,0.6750140586480969,0.5395319935883832,0.2856351121012665,0.6518653191293319,0.3647910867523152,-0.2571513660105041,0.251312582651796,0.25379172665522737,0.5372391528847764,0.395982546862772,0.19988228406139844,-0.1662034255323429,0.3932568267892471,1.0,0.5756286949353688,0.672591632085191,-0.08927726177751495,0.7801769687832382,0.623311934609472,-0.4410851056717276,0.36043734305361247,-0.3233342569945145,0.08683785288883801,0.6092779158778356,0.7649050789735434,0.6302023423944657,0.5098485334317112,-0.19717591715024255,-0.061125690532362616,0.13896404047488367,0.24437848966175377,-0.19535000618537202,0.6090059918788,0.5335933317749204,0.5473825272739344,0.6149839929544912,0.017976285344178226,0.6721625525161797,-0.010948051989978355,0.3587063216098029,0.21569120379608453,0.16561698565854463,0.4920096849478435,0.48566365201829864,0.7775642092145003,0.545753796128261,0.3482673609364502,0.30125043642857235,0.7352843988832358,-0.29462596910075045,0.6331215080234357,0.502480131809809,0.4181480656494032,-0.028635681238272332,0.12654747222414445,0.24242162598287334,0.5525044443048451,0.38148458295541593,0.026762983348321678,0.1302586364081336,0.497482473759423,0.011578931723608821,0.4918234628308152,0.45155176647733875,0.706863684021485,-0.31733152227305433,0.1282261645792421,0.5596494002024557,0.6279388213992921,0.700862610861399,-0.2081726935391207,-0.06331901479028716,-0.4483060376180701,0.07582518360903094,-0.29198764947806755,-0.2369933706444222,-0.4224822812206483,0.3769905041191835,-0.43082065301247546,-0.11498234186584178,0.18346106553050726,0.5292081005654193,0.6995748746341154,0.5334255246092956,0.583445160726907,0.2911088797921033,-0.025633925702246273,0.500916746712253,0.6090698230793242,0.6246987310924523,0.5484856119159057,-0.47622739164681627,0.5600717921905455,0.28631276897999064,-0.2932161663921194,0.6313142171425122,-0.3288625808064702,0.4968816771883828,0.15653545351779682,0.5367421063036916,0.5902111996017338
002027.SZ,0.09097951820168244,0.54926507067385,0.6613017684500513,0.6761914120956108,0.6916376974658635,0.7557177691530739,-0.3184469564431976,0.6134863317520938,0.4191073651571881,0.6058610253442666,0.562486974036811,0.3461007372395632,-0.45465217959610665,0.2562822817862172,0.5756286949353688,1.0,0.5009689095959299,-0.3808584380888149,0.47828319166235084,0.6976542755523703,-0.30085584261281634,0.19119025895286287,-0.0924009014826916,0.37844967651511713,0.5786159068749003,0.6203828558211116,0.5188996507140075,0.1088817906638538,0.1644979380564471,0.03464171201228879,0.5836804735986015,0.5827303345320748,0.35579976316395573,0.820889751415018,0.8136226840424303,0.6224342101968253,0.6404812754619615,0.43103325651138835,0.4781278521211156,0.13919786266295442,0.4274321653698039,0.4743322691576746,0.6034157257739315,0.659300736532587,0.7354043566759239,0.5095548382197271,0.11160910722022828,0.605300145267324,0.517723276508749,0.7754723076134683,-0.03982693015263709,0.45121123758697584,0.7206316074975619,0.061363376002066206,0.3170735764074049,0.42969839629531026,0.5788814065630686,0.4421041149172587,0.5972763975966788,0.09456795077921225,0.4549066529200698,0.5498343346035107,0.5155398601039402,0.4311006305087642,0.7020919559106412,0.4624023137216375,0.017380508359178638,0.3876241199071213,0.7823155898186398,0.6759568444360579,0.6585353387984333,0.34328713893865315,0.332663962242755,-0.18758625127321224,0.402549716440241,0.2005159074849677,0.21478806086467672,-0.04154852180647348,0.6659530597531158,-0.19828982289016694,0.29168317817325695,0.5862283120322268,0.7972066813914463,0.5640872968378484,0.7652454595682255,0.683130362134242,0.7778364153994669,0.34994546101227236,0.7787266788516867,0.7164073336900673,0.6320265532487582,0.7314923495141116,-0.3494689262523391,0.847315451693842,0.6890191843936249,0.12227246477201688,0.6224822886446816,0.16852162807614415,0.6506092204081666,0.4485879578697775,0.33412295057605995,0.6478589575937997
002230.SZ,-0.31527995402361214,0.7261701114823639,0.6237767973026589,0.12258443774659093,0.8358184773041263,0.2801198278094638,-0.6930940660290231,0.18802054747719046,0.5954687112093151,0.888953610111583,0.7323106828686355,-0.26163377462834897,-0.26980305226254064,0.0017510247582790915,0.672591632085191,0.5009689095959299,1.0,0.04023127094485775,0.7438052115171,0.8391689795517133,-0.3813260962660427,0.5912132917655578,-0.24967228739131517,0.34533891774275105,0.8509936712353161,0.7852861893167504,0.9222209102509303,0.6586690047595968,-0.06807701202576454,0.13619287205682057,0.41790233575002067,0.4302992348764696,-0.11020721401647247,0.7386657914749564,0.6162106523584422,0.7126028903297343,0.6152399962389121,0.08991543106528044,0.7551931171968689,0.13481067792289117,0.5449415247716208,-0.07308223580033947,0.12462667195265849,0.7271265453191004,0.6715360589922922,0.5842685439435822,0.458207235300961,0.6801718253100578,0.5388257043370656,0.5108368662349493,-0.6159007681003,0.9421358163216191,0.43655806040440615,0.6924776993451781,-0.17093972525170162,0.011743467425534393,0.3509318307434179,0.7213018397874897,0.5039214121551844,-0.4134908078098514,0.26008936298225305,0.5905487723300636,-0.008995272275704921,0.598572083525086,0.6623398921356226,0.6728733075969341,-0.2012752564107245,0.14153746318980476,0.698528585952643,0.8527269688000159,0.8104162825075548,-0.17967117778054864,0.1917625211180238,-0.5855107563872807,0.296702749118061,-0.22139915205964192,-0.06187835763562016,-0.3191029353036932,0.6353316332871932,-0.4257887916266094,-0.1420270330529823,0.2369840639567342,0.6508793689222715,0.8636612138519367,0.7272551018875255,0.7607966770519484,0.36156810107583787,0.1284819453594108,0.6945932548096031,0.6288684381048939,0.8395395240598583,0.7192232310141167,-0.6680131409028451,0.656068848360006,0.450786242132887,-0.10925872839607072,0.8913024281559213,-0.15826867490457863,0.7883423405967583,0.38117550155774027,0.7129207713127862,0.8982795415368989
002241.SZ,0.016534548854482214,-0.3159117441176779,-0.5102637304503918,-0.6674880961224742,-0.1407963439639214,-0.5159028075149096,0.17957850758300412,-0.6387521201854608,0.268676612089137,-0.18735206291212717,-0.12814939777656778,-0.21416723590717823,0.6568663722057798,0.08363580641751706,-0.08927726177751495,-0.3808584380888149,0.04023127094485775,1.0,-0.03618066947393784,-0.2636593135519806,0.4485548607037684,0.23590253325770727,-0.013170501481685262,0.19936579981050048,0.16336360205482794,-0.1913794012889186,0.0297632979400138,0.2793313419186781,-0.2410714044686714,0.18109584331144632,-0.4024272538092067,-0.49699451486369095,-0.34068115075245986,-0.3599649318912374,-0.37105684040553316,-0.26948165053303025,-0.4982882060777059,-0.21638713949544328,-0.303257417115556,0.22013894368479733,-0.3466849234335583,-0.5303939778571366,-0.5200166707188508,0.155710956127984,-0.3751845917194973,-0.33556529863746715,0.016637425109784113,-0.35540105121547444,-0.17831748033309155,-0.4021391742633465,-0.058941574875264545,0.06917609553006647,-0.5754241876863897,0.5703475501542642,-0.4068699579457811,-0.44321370586525227,-0.6317338290057105,-0.05478006161859464,-0.6248196062120471,-0.1844784821380573,-0.34096804432208855,-0.26382610948068685,-0.5611203582280523,-0.0822176175232592,-0.3823474827383904,-0.2423770919400533,-0.2349920863800786,-0.40788463465121816,-0.41081019177942696,-0.22159779437392127,-0.20206874324944377,-0.2193805581551068,-0.29321115418886573,-0.013744025734873197,-0.40238555792838926,-0.27234204194621847,-0.33434607938964533,-0.08671523014707389,-0.4923542802407124,0.05495114189611056,-0.42799130449474054,-0.5837143035202882,-0.47995863141599093,-0.08383517710025022,-0.3881994801977628,-0.13331158324926384,-0.6339106552449839,-0.23992922862332056,-0.29046555612086467,-0.3520052521264767,-0.10971610234538387,-0.2190104573055176,0.20315425918055882,-0.27310476089608543,-0.3383604334572547,-0.2721607969786897,-0.31821697070679394,-0.2671811643166311,-0.32800080015031813,-0.35154409382879814,-0.1889716879335823,-0.2915794391363538
002304.SZ,-0.2707129978790671,0.6156117524552814,0.40367104047275343,0.13715643470645436,0.6714434122950167,0.25625647487143394,-0.31849016931791446,0.22005411621846568,0.4174260865540822,0.6810577530351482,0.5617861462319679,0.03894416489188657,-0.25345514786302537,0.35905126492991846,0.7801769687832382,0.47828319166235084,0.7438052115171,-0.03618066947393784,1.0,0.6487042232138674,-0.2922180073879388,0.4899368838612283,-0.14924467360551655,0.11913949684057244,0.6265785764193791,0.6345368831067943,0.6891185915532799,0.6316518793685425,-0.03974694135070541,0.14411107906619694,0.30220631143591975,0.3046767643718143,-0.18373629790156842,0.5885166077791452,0.5780514892534988,0.5982654973875782,0.5599085053436882,0.03801234123841918,0.6214188500616099,0.2018700753798107,0.3534969691890078,0.0969729475048532,0.1780003837510585,0.482853422733222,0.553115584720368,0.6909448868491331,0.5306566599475177,0.45159276445691604,0.4090460694886662,0.6004918267600341,-0.3194124058863084,0.6467862785928175,0.3910464594996683,0.4558088600495009,0.03715031221310494,0.08024971301144285,0.268960047873219,0.5302797097498292,0.34245313152394213,-0.09035320413663267,0.21520168850203306,0.5414778134258548,0.0020856577959238267,0.4636919635425527,0.5805212970894659,0.573558488151188,-0.20984558766875372,0.07145950710646364,0.5951913368277862,0.6795400755923319,0.7168832935174775,-0.14297244576063353,0.1016204234007757,-0.39288839950555915,0.2007847484151862,-0.1813590909621685,-0.11191677710277315,-0.23668353848896237,0.48599606903444276,-0.27235299860754325,-0.11376048552002016,0.20072308610876563,0.5223227024676208,0.7152950519975482,0.559057482443381,0.6242657993563427,0.2879807718710103,0.11936413574495637,0.5800518921027408,0.5373614583465512,0.6394027409961786,0.5283175347546835,-0.4666613175633132,0.5550638709582109,0.2981021090191683,-0.1540378360052612,0.6827551748332373,-0.17652228949992177,0.6332172142059702,0.26347691749524715,0.7213453991748575,0.6415210074006924
