,000001.SZ,000002.SZ,000069.SZ,000157.SZ,000166.SZ,000338.SZ,000568.SZ,000625.SZ,000725.SZ,000768.SZ,000776.SZ,000858.SZ,000876.SZ,000963.SZ,002007.SZ,002027.SZ,002230.SZ,002241.SZ,002304.SZ,002460.SZ,002475.SZ,002555.SZ,002594.SZ,002714.SZ,002736.SZ,300033.SZ,300059.SZ,300122.SZ,600000.SH,600011.SH,600015.SH,600016.SH,600018.SH,600019.SH,600028.SH,600029.SH,600031.SH,600036.SH,600048.SH,600050.SH,600061.SH,600085.SH,600104.SH,600111.SH,600115.SH,600196.SH,600276.SH,600362.SH,600406.SH,600436.SH,600519.SH,600570.SH,600585.SH,600588.SH,600660.SH,600741.SH,600795.SH,600837.SH,600886.SH,600887.SH,600926.SH,601006.SH,601009.SH,601021.SH,601088.SH,601155.SH,601166.SH,601169.SH,601186.SH,601211.SH,601225.SH,601229.SH,601288.SH,601318.SH,601328.SH,601336.SH,601398.SH,601601.SH,601618.SH,601628.SH,601633.SH,601668.SH,601669.SH,601688.SH,601766.SH,601788.SH,601800.SH,601818.SH,601857.SH,601877.SH,601878.SH,601881.SH,601888.SH,601901.SH,601919.SH,601939.SH,601985.SH,601988.SH,601989.SH,601998.SH,603833.SH,603993.SH
000001.SZ,1.0,0.7241887499976029,0.4448714407523376,0.21068235630775298,0.6075031963516443,0.09891106691226233,-0.02630635164639511,0.25616574534884207,0.540551191787953,-0.15784829579437018,0.6834450372232213,-0.031973533258229436,-0.06427619688879703,0.28221431312038875,-0.1981374482916135,0.580558350602224,0.40121795621296835,-0.45994309705769226,0.5410517612924934,0.13317563395700874,-0.0538660344323858,-0.06137844194488803,0.16323077856637103,-0.05336520287983981,-0.19555137233846678,-0.18346342382729927,0.7972489601461102,-0.017352019953432368,0.8461133528655703,0.5208231078796649,0.865899648937642,0.8646856080639997,-0.38082212269024573,0.7996302997652842,0.7963643202140765,0.7764918280744598,0.1665290366556548,0.589133043712487,0.7332302835467833,0.21579106368855785,0.4323096690617508,0.43035706896567283,0.699858825294832,0.3793496878655727,0.0297630123411627,0.6014273924422601,0.3716523339959122,0.7035824819894559,-0.2967127098985285,0.16469799057755216,0.2814883244326912,0.39883639817043326,0.3640412968776705,-0.18078799129720202,0.8336368592648724,0.5097119926036325,0.2834551910157956,0.14053511576039127,0.42517375397006507,0.36902386649864694,0.8094202513064341,0.8282146372341708,0.5846888770821033,-0.213374608357193,0.8014019342903875,-0.12240585404294091,0.9206991129323318,0.8296336097576864,0.7941596514835906,0.5316718685910135,0.8703062394726743,0.8463111070203593,0.8693689214961218,0.31661771561567814,0.9021351653555811,0.6315913362952558,0.8641800063298518,0.661719967924353,0.5807083173082893,0.887515264010851,0.6295096328208722,0.9083782661544261,0.6424102729913718,0.8363116519414889,0.8481325672830762,0.3367364814727744,0.6302250406518896,0.8432806543759829,0.8092302851132578,0.21919435978125687,0.11018492479076326,0.7453387613457313,0.06549852755778503,0.6723520789980371,0.3240204533152533,0.9226952281026047,0.43981206549689084,0.8435846365638732,0.14035403394544474,0.8472557295968607,-0.1559370384142116,0.6506762957013923
000002.SZ,0.7241887499976029,1.0,0.8699169340069876,0.5300326021658693,0.16755840979463874,0.6044843481654424,0.549657821990864,0.2963402996331587,0.2482095761377291,0.07010278012517487,0.19053197527452456,0.5166153005888411,-0.1721241937712529,0.5064096900621261,0.15264728795542523,0.25159225301563043,-0.014364482723529784,-0.36408099803966193,0.8025329676646189,0.11263600625744756,0.44107937907131695,-0.35138318088691617,0.4157934242776126,0.27420597304370103,-0.42395101409243036,0.27388461597960845,0.3622392069307132,0.3348236350987686,0.3635812218047844,0.09405736168076025,0.48239215341423014,0.41296358375022013,-0.18395172001816493,0.3593436077422754,0.33418268019129,0.7381952009503409,0.49940883877242087,0.8170086064851362,0.8841311986101029,0.05069363071016995,0.20603145035003603,0.0364088044222266,0.3740983244329023,0.1520109542811721,0.4698627394919228,0.5469228875078788,0.16712575934642357,0.33815958384222317,-0.1911061737975467,0.6460283654042961,0.6634074129028226,0.06413625408248871,0.71798924681837,-0.356357101320901,0.6162304642912234,0.10245613074058546,-0.10130490678832861,-0.21381893168662988,0.5324420941890958,0.7610563851405315,0.4016224802244986,0.40892531817073907,0.450928301394624,0.3234197222923419,0.4473944218853166,0.33341271862753435,0.530878635898798,0.36534426887662536,0.7554206736510308,0.08304103397402789,0.7351836201255489,0.38961416135740373,0.5209363286961628,0.6296932033560142,0.4878999575804519,0.7520606915518816,0.4407409939548852,0.5386015457248639,0.171634865894135,0.469646286683057,0.517677122822908,0.6179476184166297,0.4719125165578775,0.45150646990566184,0.45827979204025066,-0.22033609982260116,0.6305903480617976,0.4179837981268235,0.3892821564541302,0.3483708490144181,-0.19730491050377777,0.4633458408054416,0.543592025458521,0.3311507504211458,0.4973888118503111,0.573249566564762,0.2981650420352268,0.4158993327939588,0.48663682714532325,0.4649184489460115,0.38110659180549583,0.16480176908120828
000069.SZ,0.4448714407523376,0.8699169340069876,1.0,0.5477139192649485,0.015115126571021495,0.7663395201193036,0.7531559603751052,0.3170334380713373,0.058562939215178446,0.12955189665084113,-0.014156207528962536,0.7060889489276483,-0.17312924593038406,0.4505486663961847,0.2485430546595954,0.0007933770723842123,-0.20976245859973178,-0.238156489578546,0.8181141307960283,0.006174390951243308,0.5966477961245791,-0.4400929967350197,0.4145228742127587,0.4046195980337728,-0.37907816920003107,0.5336756820515005,0.11230316516922521,0.40567156567943935,0.06254469183955234,-0.12851501303495413,0.2049224074745891,0.09949305969923715,-0.093041806526373,0.06606392605049523,0.03540293226038189,0.5510499288346956,0.5486760230859765,0.7569299254073679,0.7173322664895382,-0.08022790659246297,0.21209881432521696,-0.14682820235188002,0.06820216180380216,0.033585456002215276,0.6281814660026842,0.349266294721792,-0.03898790143448643,0.15487901156903375,-0.14651682729062887,0.7811313270635986,0.7303494049866934,-0.06451431820772008,0.757400058048379,-0.2809810132406736,0.3468551045671977,-0.1277383633433565,-0.21837484757536507,-0.22669122912919218,0.5000728786625802,0.7804743141984644,0.1447651200753923,0.12502141551099233,0.3914593949114605,0.612967553959597,0.21943815666795521,0.41927977364635155,0.20944524373538687,0.07884917905239404,0.5741354753913664,-0.03854287278484513,0.5117699808719672,0.10403566522060902,0.23377178953550481,0.6168875380475292,0.17392735052943312,0.6628568836111625,0.16457580413064446,0.3957363832403993,-0.04403486136252632,0.15429329559206786,0.41585614026866297,0.34921045676027873,0.30093698871897806,0.20151346006323304,0.18928522892569802,-0.38700083628151977,0.49442778656710923,0.13232233535411017,0.10251631149851426,0.24275100870726007,-0.15811513189189844,0.32515579386214893,0.7345272265613598,0.20242303103865603,0.5770788627861496,0.2730740713580428,0.18124333938537687,0.13068032068619673,0.6184257766869137,0.15932467473931736,0.6134943078394851,-0.05171021188989534
000157.SZ,0.21068235630775298,0.5300326021658693,0.5477139192649485,1.0,0.028541089185633122,0.7550901867177994,0.6277849962882766,-0.0024363281141006215,-0.2585533197710289,0.4902657127705277,-0.03905279470648401,0.6130225771071848,-0.08719821814527755,0.7628011342721228,0.5042710767139864,0.2070896931559371,-0.255423179624146,0.008657892941530026,0.3733151392425799,0.5412668956882477,0.7060852171542636,-0.08160718357768093,0.73082639791873,0.3758633175249098,-0.05055385347630934,0.47432161659259425,-0.08534354396002984,0.6693346933220129,-0.17109298059730063,-0.37203651297940743,0.01287140621683829,-0.0763378709731824,0.42177253815024335,-0.015218644812677753,0.09854106040173538,0.27261562470563466,0.8555019325804077,0.33228116115448,0.6988288302951776,0.34151489428344,0.07974173453902311,0.20303904353036062,-0.2271308588428209,0.523666167238342,0.6034494468772552,0.4996790059442644,0.3024399954157751,0.1691132912917608,0.28489473440040664,0.5612095272951841,0.4857045605164236,-0.20834663010314547,0.377100136971263,-0.006625005050467388,0.13611174739640997,0.021622676812586197,0.12000597093128036,0.012665218800762554,0.6370073433739073,0.5565029635286575,0.060372657283169616,-0.05270557491035507,0.4299309937877929,0.35079607247225614,0.13201846859377542,0.7721917499712653,0.006952281471519763,-0.15254691444561994,0.5289472613908056,-0.17039640899915573,0.2290618522672746,-0.10889671450936418,-0.09173165638357363,0.6851398776927806,-0.005816155036596937,0.538137775644077,-0.13697323510633927,-0.0853688422546699,0.15783076599672427,0.02922049314676826,0.12184997482524097,0.2962423682389978,0.5274050203486557,0.11382663895994542,-0.0414764167094831,-0.3491552533227767,0.6382020213001945,-0.19115924742584933,0.05402513711519119,0.6089295621986834,-0.03990058435093341,-0.00210834680194924,0.3169583681911255,-0.03718788546047352,0.5223288729456051,0.07533998790076786,0.2908416759176675,-0.06263101853037643,0.26043947996740285,-0.12575410143533874,0.40429066963879734,0.04493989516376493
000166.SZ,0.6075031963516443,0.16755840979463874,0.015115126571021495,0.028541089185633122,1.0,-0.2609749221516727,-0.36657675752747826,0.17207061106706553,0.6055771390558083,-0.07732510291204653,0.9672292671768355,-0.44908457028701393,0.07300788887063663,0.09194644587335837,-0.42515928554141996,0.6005861741893174,0.6582647703698796,-0.25196273707581823,0.011873268306304358,0.06249983227686945,-0.31800739038289466,0.3319046449215956,-0.0746428208319226,-0.2598893342179988,0.34080185030626425,-0.1592328035235949,0.8561712063442566,-0.29059209912591366,0.6949540522842353,0.5495932183670691,0.7527398885211207,0.7235034237110408,-0.27183800067286074,0.822602212025509,0.7563724671188942,0.39181681585670564,-0.1515141308165834,-0.057523033072395986,0.21182540389313656,0.37103509124766165,0.8324648444560266,0.5264226531005417,0.5255636419268017,0.5343013302475619,-0.2841595862804512,0.2932127947208986,0.3084611241820267,0.920872056043862,-0.19548333160811135,-0.3276244256062122,-0.30431528658573226,0.7092382206113818,-0.07978699908696142,0.37901852897970073,0.5404846823065927,0.5397946541049401,0.7434644937137151,0.698222159606424,0.477725761507914,-0.1885923751702,0.8497764022831066,0.7649541408572208,0.7810879352735459,-0.4425614052955605,0.7019552965867685,-0.37474187885788224,0.6518634941933192,0.7485106287727493,0.573712970485968,0.9246928762824941,0.5186608381152483,0.8019595946006118,0.6268422738814262,-0.14168161573456084,0.6979902460198737,0.3722564670680754,0.6717379546491076,0.33257927576574864,0.7534331588353588,0.7499253196243226,0.5526075201984014,0.71319750468826,0.6655493528767735,0.8905984010154246,0.746030673833065,0.7644212026382794,0.5012177505091368,0.6851271655708625,0.8411989343547043,0.05687124161658869,0.7042152021494693,0.8522611617128631,-0.3595445082056133,0.9289403240549697,0.4253341992403477,0.6690174636314113,0.6797969107325815,0.7372808943795172,-0.14952504119824991,0.6681940940147494,-0.4630899140336095,0.9091295451129611
000338.SZ,0.09891106691226233,0.6044843481654424,0.7663395201193036,0.7550901867177994,-0.2609749221516727,1.0,0.8478565828110751,-0.017244290855438715,-0.34576723931081843,0.285543196543908,-0.32591171996373974,0.8256738847648784,-0.0809984926959065,0.6228237512056461,0.5130953374801956,-0.034077876487648644,-0.4065868083742857,0.041274607585153916,0.5628644925050169,0.18352326855843173,0.7759401005805621,-0.3231217218782746,0.5305132632923885,0.5395756091881231,-0.20081889652196305,0.6144063846735744,-0.2661859313854406,0.6305093754190907,-0.3070200372455126,-0.41227037846854886,-0.18255058865088414,-0.279560248940067,0.23500397299335918,-0.2745448595971299,-0.1837883746852956,0.17798698642275257,0.8194230101214232,0.4870829261753305,0.6238766217500987,0.04381568319922635,-0.004672039421043689,-0.062008069054064995,-0.32975103857429444,0.1069437618241283,0.6940166887162365,0.27087465918633463,0.05757376702615821,-0.10331188409769217,0.16361431310158084,0.7989828627035972,0.6557560938978998,-0.3434638304573983,0.5812949221833086,-0.13586486150680155,-0.0019983542258938205,-0.3313602115992927,-0.24945405687484765,-0.1882437528757308,0.4872101947292326,0.7190844051491103,-0.22659748061125462,-0.27859708545230255,0.27004936279780983,0.6250813858867288,-0.07122820320584546,0.7235694188720828,-0.16946631963901834,-0.33564165375161487,0.35780814654338483,-0.38179023243954663,0.12274510913696146,-0.319520049135494,-0.20587023799454066,0.6872343437204685,-0.18983163045073115,0.4718439488876778,-0.241970905097326,-0.019864295638648426,-0.1629861304569762,-0.191828440188507,-0.04377325088505981,0.06711405326284227,0.224361112185263,-0.15248943192519046,-0.22550056213280043,-0.5797786994906238,0.3606262814950513,-0.31213615243175546,-0.2090651956278804,0.3617386095499469,-0.18701163043951483,-0.062017068039457925,0.6306241081911875,-0.19337250575251264,0.47886273313323663,-0.09915917774831128,0.05463409632806313,-0.27955421242735273,0.4198243404896233,-0.2785381203173032,0.6818006901001706,-0.2838796797688651
000568.SZ,-0.02630635164639511,0.549657821990864,0.7531559603751052,0.6277849962882766,-0.36657675752747826,0.8478565828110751,1.0,0.0027015357451237267,-0.40825560346483253,0.22917122819282523,-0.4557063336697021,0.9422963714774036,-0.23864158549661696,0.5200746416412713,0.5223092471847793,-0.24514153619339504,-0.5210423585354627,0.03587943009411023,0.6378879680455434,0.1338249933128907,0.7231496643183001,-0.42974080209159204,0.47827631562927225,0.5227595484831468,-0.289096396434231,0.5610143506488791,-0.4029207359776014,0.6100162933561807,-0.46050633258230284,-0.5765920803285459,-0.28795025043245787,-0.40127317071374996,0.20576599112555408,-0.38283223043208975,-0.3693474546130144,0.24277855476413693,0.650345055731645,0.5418948165844706,0.49364442504819417,-0.13793395604387826,-0.14908483561639627,-0.32702233436117784,-0.35098240265726594,-0.040742515876038686,0.7801818056983035,0.18120645125952853,-0.07986807560118793,-0.28589775606959256,0.1182350089163026,0.8838848681082777,0.7764251019832233,-0.4229364923172274,0.6452820933322703,-0.2875489365044674,-0.02357500681449463,-0.4612742801758949,-0.4177081997825947,-0.3142382415899143,0.31117215363483197,0.7796152304070548,-0.3129578712657796,-0.33420394736980336,0.08339158799509126,0.7191355999961515,-0.21718975424385112,0.6996465554972855,-0.2646269907311919,-0.42672040291561175,0.2504871529770949,-0.4654328776277041,0.08885592490285955,-0.4136048100609311,-0.2902882830092817,0.6805199180693045,-0.3236441979785408,0.3357413051830387,-0.3407744294139911,-0.06086704690365081,-0.3871187975173864,-0.31505957379719157,-0.04479853981746724,-0.10666894353367744,0.03331989934267638,-0.24505662409283338,-0.3308937957937727,-0.6544950194400176,0.25378293117403944,-0.39383898963952196,-0.37121590229475093,0.28776030546607173,-0.33194908356179215,-0.1720140671766831,0.7590357644158842,-0.2947943031343171,0.4180185210493354,-0.2166362025246286,-0.0421477327373652,-0.3733622947572676,0.4324570947644015,-0.3348823788923862,0.6632639662468328,-0.4218005800426263
000625.SZ,0.25616574534884207,0.2963402996331587,0.3170334380713373,-0.0024363281141006215,0.17207061106706553,-0.017244290855438715,0.0027015357451237267,1.0,0.574082153043867,0.10644468783174345,0.20326931881380228,-0.10456629618216827,-0.1984181266302024,-0.23368813936098967,-0.46667988207142597,0.0991106312934215,0.09478001103261542,-0.3983742908244441,0.3150508526632129,-0.37313478708588077,-0.13796904244676234,-0.4025032223647518,0.10355260821503239,-0.3031607372220059,-0.478277167290535,0.04246217501499236,0.33517600950353593,-0.3516169261523645,0.31453913333789046,0.23646335508196994,0.34875654111652454,0.3218721499689013,-0.5348689371527696,0.3075144240652838,0.23051386990844658,0.23697264987510824,-0.20685916171516158,0.27704564873752763,0.05736358202587172,-0.3503666562842141,0.09508034350988821,-0.28517032713129253,0.41211418469069877,-0.31201791603681694,-0.12057071856713909,-0.1386369337894608,0.06218072928455675,0.22368210500729913,-0.5589144768375904,0.07481657152556312,-0.02623256496867975,0.18747976096314364,0.2677266594208855,-0.2055146653054841,0.33196818033112047,0.30839580599500255,-0.16030819694071433,-0.26461790101114263,0.08538982666794659,0.15821773196028463,0.21426216747031654,0.3967663111235355,0.09907332872536036,0.21281379511229584,0.46049998161831657,-0.3651242285530003,0.25159774172719307,0.36678306190599747,0.3293503953774694,0.20255254324443647,0.4769846186339304,0.3047012337802319,0.42397503102063855,-0.12941479278563348,0.3317317457421535,0.49827746811379253,0.3840134462544423,0.6936428955207935,-0.07930333358625194,0.2694210265243929,0.7413841893509897,0.2834153157262766,0.029779736316040622,0.2879357700003271,0.31641867606387797,-0.11642858468480179,0.32261602788825383,0.3733346006082181,0.2697330355297666,-0.3167587509318975,-0.2142081698550691,0.3148310972685164,0.1932496120885628,0.3644801233555848,0.12216259587050195,0.3543406755353968,0.22386209709237181,0.363086785961194,0.636036678532664,0.3620833130104555,0.2980396459942288,0.013523993268895876
000725.SZ,0.540551191787953,0.2482095761377291,0.058562939215178446,-0.2585533197710289,0.6055771390558083,-0.34576723931081843,-0.40825560346483253,0.574082153043867,1.0,-0.15138699337293862,0.6952411142420493,-0.4990440120937303,0.10232513414858484,-0.16271505796831687,-0.7193460581381528,0.3824353685453194,0.6800208653698446,-0.3322530309934593,0.09128962168361804,-0.3874105535817025,-0.35885115558479486,0.024780850531576287,-0.1623907559246516,-0.34853727009081514,-0.09738354079401405,-0.24000777817935215,0.8073239032635623,-0.5150798295011222,0.7379106160201544,0.7023608685995241,0.7573657753396916,0.7679941422988367,-0.6417602313868623,0.7490673332859528,0.6262038852648725,0.2859011247106382,-0.4211583168738269,0.08262239280751715,0.050901638484215354,-0.007755263640782421,0.4197079536745272,0.10958599747222646,0.795711888238371,-0.039047437018191446,-0.5272108919343,0.044151849163041844,0.18208164282083336,0.6283524474410803,-0.4790422077918584,-0.24751338234561382,-0.2705791355281487,0.6719684746748237,0.0128018736104852,0.12550234336276334,0.5670350363022424,0.44288993473885546,0.3141104080639751,0.17118133516408487,0.20647186008668253,-0.05830536545651847,0.6521654876953006,0.8001283060358019,0.37241392177790605,-0.32506347895952464,0.6673029713238811,-0.6494440187687948,0.6497758558196222,0.7803836743381689,0.46693060366964384,0.6671786281812566,0.6856519918949697,0.7656432236277028,0.7923834078641457,-0.3752576276404452,0.7163966665569884,0.39505365205998216,0.7669158902823111,0.641715691604947,0.43311120783390566,0.70578869843947,0.7696734993857519,0.623822092918161,0.3359393591264787,0.6803442870165087,0.7517448365050433,0.5010242255542842,0.3332423212527283,0.7853498501230644,0.7393779284466057,-0.19908665322674515,0.2288482497318324,0.7156124064888,-0.15636137432254796,0.7437655690608992,0.11721260590479339,0.6966534522242352,0.431730646105376,0.7704687357911998,0.16664865244681415,0.7875180918867333,-0.29244850222877544,0.5493119334737403
000768.SZ,-0.15784829579437018,0.07010278012517487,0.12955189665084113,0.4902657127705277,-0.07732510291204653,0.285543196543908,0.22917122819282523,0.10644468783174345,-0.15138699337293862,1.0,-0.10450442050560334,0.2825350952514505,0.04264673020771714,0.5153924971166052,0.4051062067691717,0.18210698145341245,-0.09386542779230113,0.28624028999244755,-0.03945324271024769,0.3871842889824056,0.46752220885320983,0.3656619233502743,0.421487305581643,0.18720759639565376,0.1389064414208513,0.5096763192474479,-0.195470740364018,0.5432827306734741,-0.2960387609212909,-0.3779462537402318,-0.15061838087468724,-0.23017341850811737,0.5937588524546002,-0.17067637505503117,-0.016533102852405165,-0.04082146578880212,0.4961271296625352,-0.01928371353946369,0.15816074559009513,0.5131157361841826,-0.07344055739415867,0.05642757819691319,-0.23976269315439333,0.2730039290015796,0.3120330383449167,0.4130745761120706,0.11529281587050975,-0.07603681395280432,0.5929808205341712,0.13531782244827267,0.12425293484085635,0.01220432534404844,-0.014179098307071739,0.13874132213043486,-0.18317555742932487,0.3288765111465626,0.2702080607505035,-0.03989046213236163,0.44698714782014465,0.10982688052995286,-0.052675186002805185,-0.22762618083536745,0.09429379164541178,0.20830433566926876,-0.04375617326978735,0.4625376630255149,-0.242188610203197,-0.27291554407381086,0.09491716839181501,-0.18620465285002744,-0.14071748569814643,-0.2795902128912675,-0.2820413331818209,0.36222462553067586,-0.21584950718104054,0.2136326115348817,-0.3112168061765999,-0.21282878519892368,0.0969963402733448,-0.1666655992651587,-0.044416847183530166,-0.0439413724599895,0.2409452979340537,-0.11684830420717852,-0.20233196322702052,-0.2261585404220231,0.31547348432392214,-0.31439571155812424,-0.128279837422862,0.6120105835732356,-0.030479129739949234,-0.2297705454042298,0.005964265062899691,-0.1832227068657165,0.16086121179562288,-0.19800798036651787,0.2164173693187583,-0.21042360042620303,0.36140808262745056,-0.3109354064843615,0.3468667228876769,-0.09989459334607399
000776.SZ,0.6834450372232213,0.19053197527452456,-0.014156207528962536,-0.03905279470648401,0.9672292671768355,-0.32591171996373974,-0.4557063336697021,0.20326931881380228,0.6952411142420493,-0.10450442050560334,1.0,-0.510439494681192,0.08384964887286445,0.0529538082001487,-0.46191345971534886,0.6674321556232726,0.6895128529791535,-0.2916720078140442,0.014512524785829213,0.056292391582749124,-0.36516857219202487,0.3287384983880373,-0.07712841245252776,-0.3223432214180399,0.254601483232243,-0.23248335886726731,0.9297333388342303,-0.32651963232440834,0.810490354494961,0.6448274751583668,0.8424291904166129,0.8352808085366167,-0.330346429020476,0.8847178141874488,0.8343665758536787,0.42650032258937665,-0.20062028278557545,-0.008923160304490918,0.22322189697820263,0.37487470019273617,0.7434053528809753,0.5371823438099693,0.6270696252294347,0.4981886257002744,-0.3581349184384695,0.33897252100080144,0.3833288865836477,0.9116151858425271,-0.22668228651832797,-0.35565998485956335,-0.29447338629618086,0.7393056227091827,-0.09452811681167235,0.2975509778201791,0.5996060869143981,0.6236404604017036,0.7213624361720812,0.5986607119715327,0.4341619238675914,-0.1929564125982446,0.8980101229587604,0.8434014301054401,0.7014858137768081,-0.5000560219336407,0.7609245577215588,-0.4509602075085242,0.7585873676150161,0.8437330708613486,0.5739578989344051,0.9076815033541741,0.5968923439267572,0.8810773326813947,0.744677620262288,-0.17091821975326563,0.8062220767646403,0.3812535904954435,0.7812233694470189,0.43870304052189857,0.7795959748929149,0.8407146297727337,0.5968360975165001,0.7737292095027305,0.6484751074531009,0.9235807223864922,0.8394192399240006,0.7786395919279343,0.49453605341513934,0.7969940035304871,0.8980519907244756,0.06577622502623989,0.6085036551260409,0.8496356821529991,-0.3851492741530682,0.9212868156107458,0.3394015869942795,0.7650931190427911,0.62699522746586,0.8375557094946302,-0.1318742989141075,0.7770963712814941,-0.5190060993098419,0.9114778941263904
000858.SZ,-0.031973533258229436,0.5166153005888411,0.7060889489276483,0.6130225771071848,-0.44908457028701393,0.8256738847648784,0.9422963714774036,-0.10456629618216827,-0.4990440120937303,0.2825350952514505,-0.510439494681192,1.0,-0.18017833037152212,0.5647348606048134,0.6420887224324657,-0.27495286779479616,-0.5447886993877403,0.1266586358823202,0.6058171340895934,0.21945114842559707,0.7613127461627158,-0.3199290072541304,0.47609197299645795,0.5708930496605473,-0.23468953729142308,0.5492279762033697,-0.4620121930490743,0.7208817755233771,-0.45836833546536737,-0.6257872987371761,-0.3225968413763727,-0.4183349292706065,0.33481554157386434,-0.4310174190395961,-0.37215538154987843,0.21884477022262105,0.6922960974802822,0.5490756018687457,0.49834962376201736,-0.05305937225336351,-0.21718033267025907,-0.2799373302548972,-0.39851174947594714,0.004872749736159886,0.8089467361148649,0.26473589945997306,-0.061622660115814964,-0.36024206339457093,0.2454434363477053,0.9095798353141576,0.8383853080524583,-0.45886461121050875,0.5876823957795194,-0.29683658840755517,-0.06689096292711594,-0.4029240815723018,-0.38705142765774486,-0.34904767701453815,0.2593829766554086,0.7885349828093645,-0.3425978342461413,-0.3943287101830187,0.02302246747365257,0.7271216115275889,-0.25967245153689694,0.7580629716023517,-0.27766303985633184,-0.46690237267065954,0.18583874744066886,-0.5304605958602668,0.01515145353486568,-0.45139569070395497,-0.31479928060292445,0.6947162205394731,-0.3543464585595805,0.23097553226013967,-0.3637928188982622,-0.11743421621096613,-0.3657375344952232,-0.3346360053029071,-0.16423339590199446,-0.12961265990733858,0.02385672013407805,-0.3180026828044153,-0.3650972419216021,-0.6805140281706676,0.20107089270278003,-0.4315006571010103,-0.42620867598998147,0.3882860839886883,-0.3429295993277206,-0.25474137806346797,0.7501364101578201,-0.4040807904695947,0.3281970408772475,-0.24299315565878485,-0.11583667856865938,-0.4053513501055909,0.4012696033535849,-0.37461126423537877,0.6711588745538081,-0.447076261167366
000876.SZ,-0.06427619688879703,-0.1721241937712529,-0.17312924593038406,-0.08719821814527755,0.07300788887063663,-0.0809984926959065,-0.23864158549661696,-0.1984181266302024,0.10232513414858484,0.04264673020771714,0.08384964887286445,-0.18017833037152212,1.0,-0.12136457009480058,-0.0599753063388934,-0.09579399126968206,0.5411897067363132,0.538062162378489,-0.15589708697944246,-0.22642664028095072,-0.012758048995994087,0.45117650089688704,-0.3144857795187013,0.5290042286790134,0.5266193585415196,0.10735234029920537,0.06131858158566622,0.0010009136183581901,-0.030001906721867127,0.3397760297090792,-0.05586708873282096,-0.03383417550805495,0.12403459396977295,0.04914189880149141,-0.06493734971075642,-0.31920535751420154,-0.06841133187917492,-0.2719777849997692,-0.19000806389930225,0.25740081370848206,0.19999902049023258,0.30330233447066024,0.03122551038428371,0.07933589133259862,-0.2679997812803232,-0.04410848290106232,-0.17461356159891847,0.10730686362068853,0.24627092929417296,-0.1818327005411633,-0.23065696364735574,0.3586885132795601,-0.4017919961728335,0.6544383249169196,-0.15479922358942125,-0.04857453035929313,0.3951941230465243,0.35359345888837734,-0.012865945749227272,-0.13303780864811454,-0.08084710432949686,-0.04275050060087455,0.09894357214216011,-0.15421166142582954,-0.1783601304067399,-0.04071316263161331,-0.09943271935203002,-0.01613584198092906,-0.1633831293189437,0.25394244314768705,-0.20345142892620657,-0.003460029793705096,-0.004440915101882233,-0.3218601183408077,-0.07378652214132606,-0.2436200751410014,-0.028959327553899877,-0.22614224603868963,0.19979185405097144,-0.05015459732412388,-0.08492534730510064,-0.0330724639340349,0.10143186534556921,-0.04909150941676976,0.0018123684826867419,0.3608309227425142,-0.22415094495956042,-0.003572122549597323,-0.01374010967960107,0.0018285501104726338,0.440997157246833,0.10034148024672046,-0.16631414938699426,0.08042560096340408,-0.10606165000824007,-0.08516670833189165,0.05966175780844044,0.005287644983925699,0.0023746608753972137,-0.06006610194450881,-0.05018232596609295,0.10186943089208807
000963.SZ,0.28221431312038875,0.5064096900621261,0.4505486663961847,0.7628011342721228,0.09194644587335837,0.6228237512056461,0.5200746416412713,-0.23368813936098967,-0.16271505796831687,0.5153924971166052,0.0529538082001487,0.5647348606048134,-0.12136457009480058,1.0,0.5456491490707746,0.33807632014536243,-0.14162969249668006,0.08988812794273722,0.294213118973396,0.5787221374123541,0.6956925654991418,0.19591215626952696,0.6127299255266673,0.323608165850022,0.0952540141484997,0.41510828115295667,0.01206081178670639,0.766738774782541,-0.04273996569016784,-0.33858100414040954,0.140348731911938,0.028896940331302922,0.4855033053868231,0.05448809770182933,0.23084660141894264,0.3454077485156361,0.7963789936309791,0.3709803930245268,0.6753712564792714,0.554829295983262,0.07555704257537664,0.24231938447918663,-0.08409550337109044,0.5522547689738208,0.5557792315800244,0.7118984489081986,0.3032371156025005,0.18229379442569504,0.48439647335346075,0.5260256199838008,0.5243251209043244,-0.0616123042820595,0.324141090075045,-0.03356696670059058,0.17514239342187524,0.1316884193949576,0.2422984707374,0.0860581811312263,0.6746129952252021,0.5437742963243903,0.22114264042522724,0.02736149016896683,0.44081721076224595,0.17411260689997773,0.16977116214656252,0.6895731194807339,0.13265169476478803,-0.08694220617545804,0.5402711621564856,-0.12710100355274828,0.2790085021144258,-0.021195438236707904,0.0012460350962130347,0.700659038829886,0.06693312272236591,0.46102459555806424,-0.034316490942411515,-0.11615948244475438,0.31534952604465655,0.16731232312966923,-0.0030280227762417705,0.37416871430620374,0.5851993754317394,0.18580347496013647,0.06602825048982963,-0.1901357823230905,0.6026392219125071,-0.10268291888999466,0.1747223086283566,0.8566030674154009,0.026065917903987174,0.05583129988708083,0.2748025275788667,-0.016834287087089127,0.48290248848185224,0.16641103888999376,0.3083717487051519,0.044676765810026046,0.04743332694196389,-0.015402218725488174,0.14363200417017288,0.15399543042899858
002007.SZ,-0.1981374482916135,0.15264728795542523,0.2485430546595954,0.5042710767139864,-0.42515928554141996,0.5130953374801956,0.5223092471847793,-0.46667988207142597,-0.7193460581381528,0.4051062067691717,-0.46191345971534886,0.6420887224324657,-0.0599753063388934,0.5456491490707746,1.0,-0.1068158345735722,-0.4902091543737421,0.4318248705228332,0.15870611456028885,0.516332520440507,0.678115832868205,0.14146473744866686,0.3810493847057372,0.5028557102011753,0.1381926249811191,0.44578512649167185,-0.5277537903997241,0.8355817142189984,-0.5038862632199652,-0.6684989777572451,-0.4414652206685672,-0.4946629909726458,0.739666609923125,-0.5040200030958024,-0.358586034840469,0.009307780330676264,0.6506454585876548,0.24959603667834795,0.3258544319921729,0.2830186031611228,-0.3073969078506206,0.03261454597365878,-0.5513026188365381,0.2439823275144036,0.666248348065554,0.39472359859836265,-0.026937177732162212,-0.3755242583944851,0.6121700495669787,0.4708618707650827,0.5642565175327562,-0.47938769288851285,0.16141536614036314,-0.11038724797706166,-0.3472497917029221,-0.2505776860355433,-0.127904258764515,-0.09970140035952757,0.14223993521857223,0.37467985848628543,-0.35287317958162207,-0.5557036398857587,-0.11445886321484615,0.3887421704389638,-0.41148990845763134,0.801335630846241,-0.33946632506879637,-0.5554349498479101,-0.10402392184086294,-0.5373768928639159,-0.3104647286027064,-0.522882563412608,-0.49089907978565334,0.6373082048871488,-0.4376515868079067,0.015004129627845439,-0.5276940137872987,-0.3971780973681078,-0.19692916590106294,-0.3867295552016882,-0.46298929216183593,-0.27433142268279154,0.005890435075483841,-0.3655608717584007,-0.4634317984181491,-0.43898621777985564,0.014135709546992142,-0.5332215404815983,-0.4597449581805075,0.6034661176366671,-0.1846464459165288,-0.49773455322403803,0.331136227749614,-0.5405382638483124,0.18860087083773924,-0.36297323416300337,-0.22576842703979583,-0.4887598049842752,-0.008466037247416685,-0.5094598170588605,0.3067734023303163,-0.3580033517325298
002027.SZ,0.580558350602224,0.25159225301563043,0.0007933770723842123,0.2070896931559371,0.6005861741893174,-0.034077876487648644,-0.24514153619339504,0.0991106312934215,0.3824353685453194,0.18210698145341245,0.6674321556232726,-0.27495286779479616,-0.09579399126968206,0.33807632014536243,-0.1068158345735722,1.0,0.38071759803266764,-0.2050628031121308,0.08129386878264146,0.27652542691766707,-0.10098548916755812,0.38473128497374104,0.14094479646829763,-0.2664998697652811,0.08793408135103938,-0.1171896990667592,0.657580438526202,-0.03017709488761247,0.6260124685912983,0.3528265449710752,0.6436819806826805,0.6301984376382717,-0.03211306835705726,0.6743125087306202,0.7901975569763476,0.386673152308254,0.19111038354657342,0.10508172872140847,0.38555814547745165,0.5921861194935817,0.3160353558082969,0.6386415257743551,0.4632848068494699,0.46626238091328326,-0.1350009550484333,0.5204383343644899,0.6107541664018125,0.6090341900019729,0.0453503709601033,-0.1962326213189374,-0.1370506035731156,0.46332361028795765,0.0447374795613277,0.03126308109415113,0.5069486197187604,0.6207103382156883,0.56809197573354,0.31719847202529944,0.5492781137208783,0.001816711610484199,0.631622183606723,0.6045681859416941,0.48725557368772604,-0.44849176165548066,0.7168012831202185,-0.12704719099356007,0.6004113251465907,0.5971602117559262,0.582351003228499,0.4301216543390161,0.49920201883133397,0.5710712642321175,0.5105050815758959,0.19019662420680827,0.6547072648761205,0.4778739311484466,0.553816295088721,0.33203635163724093,0.6472894309131018,0.672320369185008,0.36973512975278017,0.6768197246346362,0.6245760204023998,0.6796715564743243,0.6535687939228201,0.4158563986270873,0.5264383452612343,0.5533987935596301,0.7123893834296785,0.31729353416354983,0.20910649346861376,0.4487107271301991,-0.30478919115791664,0.5066528407430682,0.28848573037418,0.6299473952204747,0.5268680668756679,0.6205458671753961,-0.16006461852869003,0.5270792217610174,-0.40921256117123445,0.612546909682176
002230.SZ,0.40121795621296835,-0.014364482723529784,-0.20976245859973178,-0.255423179624146,0.6582647703698796,-0.4065868083742857,-0.5210423585354627,0.09478001103261542,0.6800208653698446,-0.09386542779230113,0.6895128529791535,-0.5447886993877403,0.5411897067363132,-0.14162969249668006,-0.4902091543737421,0.38071759803266764,1.0,0.1944832415387453,-0.11705182313244288,-0.2601410433092108,-0.3668064552230024,0.4999851521462804,-0.3642678631345459,0.015207172069353589,0.4752004472574822,-0.2738472994633227,0.6934613784820165,-0.3782016920067124,0.5666926787837361,0.7227539416899115,0.5623900212661591,0.5719487695252855,-0.2775376138549918,0.6483846600475239,0.4937602771088844,0.06776005188542254,-0.35382332763949026,-0.23835293391140264,-0.05659337244459172,0.34376939739611806,0.5574166959791298,0.5018907655326306,0.5954084562471648,0.19177377445367536,-0.5583323760247685,0.10204566893711532,0.1141740347177241,0.6298554129875028,-0.08436675317722443,-0.42387668486293234,-0.4344254053853027,0.7346024785622579,-0.3133689793832524,0.5877237278986566,0.36912377593027906,0.32947673606513295,0.6501872362437494,0.5838781550379283,0.20698534994886364,-0.2625661281280475,0.5315483706245065,0.5957812816623673,0.4649739353067788,-0.537262519954388,0.4194193444010807,-0.4866696207162276,0.4509579136732694,0.613777939781035,0.27149156108599964,0.7590735508745522,0.2849787221342491,0.6254974443658562,0.5170151493113485,-0.43798107726448215,0.5283517189698411,0.04804448529065819,0.5472591380604604,0.15743141880812941,0.6050055900961461,0.5447730489176896,0.36664200119922213,0.468793883837554,0.4167787449619282,0.5567336790003795,0.5972580039055547,0.7875115119337878,0.12461997877585203,0.5856552303605159,0.5972655873223907,-0.090760166301827,0.6127994491096221,0.6159604831413721,-0.3830271158419814,0.6573161471819725,0.09257803219630896,0.46828376314816395,0.48730522048654773,0.5767847415575463,-0.16422651565719626,0.5283055560826232,-0.4484233265447508,0.6490809747619388
002241.SZ,-0.45994309705769226,-0.36408099803966193,-0.238156489578546,0.008657892941530026,-0.25196273707581823,0.041274607585153916,0.03587943009411023,-0.3983742908244441,-0.3322530309934593,0.28624028999244755,-0.2916720078140442,0.1266586358823202,0.538062162378489,0.08988812794273722,0.4318248705228332,-0.2050628031121308,0.1944832415387453,1.0,-0.20141201553655594,-0.08410514002234744,0.28638155603572635,0.5743431193968698,-0.2193200926199499,0.48406628182871914,0.7000648638768975,0.28517123257115934,-0.37663080856157477,0.33280527846193914,-0.47958022450706245,-0.25184919118754445,-0.4498411530134514,-0.5012047467616869,0.5895958373399298,-0.4182347037717318,-0.4281242799316212,-0.4999233872495288,0.12264259266992823,-0.3049260184145499,-0.3461582206371061,0.3233522734488939,-0.11318838711337044,0.09126212871579166,-0.42558827843232777,-0.05845002081783529,0.019879072476484096,-0.05337778469055259,-0.2037486002469191,-0.3163477424675076,0.5961245874783462,-0.02375291370502622,-0.03716456615501325,0.021441668115401446,-0.2859060906649835,0.5112901245518011,-0.5596893612508179,-0.3079538565627779,0.2345390167175417,0.3191053101766687,-0.11632106980511768,-0.0932619017624967,-0.45205267806132987,-0.5042164134429558,-0.13970715120720892,0.07084196001412525,-0.4975547835264879,0.2878878885405817,-0.5276031546666919,-0.470680023670891,-0.4687837739998719,-0.13404747061498726,-0.548094645106894,-0.48309895163090005,-0.5043403039225208,-0.11006683171238957,-0.5294095402234201,-0.33757759057900744,-0.5106751872584651,-0.5748894291872437,-0.15332680793031195,-0.4518930892949828,-0.4421130588165188,-0.4830107343499883,-0.20100391137610155,-0.43514200845444023,-0.4832209501031366,0.10587112718937292,-0.45072328954739427,-0.48832488033979465,-0.46046996805007373,0.20165144578828154,0.287093633104328,-0.39346854240957785,0.018508610190946895,-0.35039896093256134,-0.032918524977733406,-0.5153348372382206,-0.1746515312308856,-0.4529287912109318,-0.1860861894497425,-0.5373801206128469,-0.006391874449558993,-0.28416139843467425
002304.SZ,0.5410517612924934,0.8025329676646189,0.8181141307960283,0.3733151392425799,0.011873268306304358,0.5628644925050169,0.6378879680455434,0.3150508526632129,0.09128962168361804,-0.03945324271024769,0.014512524785829213,0.6058171340895934,-0.15589708697944246,0.294213118973396,0.15870611456028885,0.08129386878264146,-0.11705182313244288,-0.20141201553655594,1.0,-0.09643917191355277,0.4116542855982164,-0.37130581406859653,0.2325007379518199,0.3694034441172236,-0.40672787610145716,0.23246731613520147,0.17569294299324015,0.23616716836521534,0.19119496532602875,-0.04874850754663509,0.2647192423274909,0.18416499296946176,-0.20106086842744317,0.17654264514613915,0.1159511636970203,0.6436016711327203,0.39196645771207755,0.8201522047133349,0.65256563216376,-0.13596643777917855,0.08667323656788216,-0.09326023988920773,0.25077586575127836,-0.07524194949297051,0.5516186324741054,0.3392077705201954,0.017886724983344687,0.11683956797332039,-0.23401819842879978,0.7188575586226436,0.7657242004467814,-0.00862648825806099,0.7411776581470862,-0.4208753592593286,0.4577373605517195,-0.06490328501005231,-0.26841544007965296,-0.22534093039065275,0.2761837254762262,0.8127000415483746,0.14374304986072528,0.22832398460536907,0.2535626723286302,0.4680692177394668,0.3203952830985113,0.27944473786834384,0.3076937999249047,0.19168659456981785,0.5312294416712429,0.0013083957275867423,0.5851177245262683,0.17518395984930102,0.32573317833168436,0.5490596284920053,0.2566102954708093,0.5552535096802971,0.2967254567419573,0.47415525082226634,-0.09835573054483561,0.2466610204007057,0.40838971523163675,0.35731309391813,0.20178967210704132,0.26984612864501484,0.2610201631114543,-0.2930264426913734,0.35954732603158396,0.25560062807620354,0.12087679413875761,0.14841203344065831,-0.2584549314139338,0.32245572912990095,0.6898223844978405,0.1851429941778264,0.4410412666187213,0.37207845607898626,0.09448202997773714,0.2039294291124757,0.5480126880184334,0.250073421683831,0.3937601740687295,-0.050296916476343156
