,000001.SZ,000002.SZ,000069.SZ,000157.SZ,000166.SZ,000338.SZ,000568.SZ,000625.SZ,000725.SZ,000768.SZ,000776.SZ,000858.SZ,000876.SZ,000963.SZ,002007.SZ,002027.SZ,002230.SZ,002241.SZ,002304.SZ,002460.SZ,002475.SZ,002555.SZ,002594.SZ,002714.SZ,002736.SZ,300033.SZ,300059.SZ,300122.SZ,600000.SH,600011.SH,600015.SH,600016.SH,600018.SH,600019.SH,600028.SH,600029.SH,600031.SH,600036.SH,600048.SH,600050.SH,600061.SH,600085.SH,600104.SH,600111.SH,600115.SH,600196.SH,600276.SH,600362.SH,600406.SH,600436.SH,600519.SH,600570.SH,600585.SH,600588.SH,600660.SH,600741.SH,600795.SH,600837.SH,600886.SH,600887.SH,600926.SH,601006.SH,601009.SH,601021.SH,601088.SH,601155.SH,601166.SH,601169.SH,601186.SH,601211.SH,601225.SH,601229.SH,601288.SH,601318.SH,601328.SH,601336.SH,601398.SH,601601.SH,601618.SH,601628.SH,601633.SH,601668.SH,601669.SH,601688.SH,601766.SH,601788.SH,601800.SH,601818.SH,601857.SH,601877.SH,601878.SH,601881.SH,601888.SH,601901.SH,601919.SH,601939.SH,601985.SH,601988.SH,601989.SH,601998.SH,603833.SH,603993.SH
000001.SZ,1.0,0.7595629108775638,0.6988915998213246,0.6952339172279371,0.2510073310170027,0.8829914264026938,0.7283552910802027,0.5242803590724515,-0.24837623085540886,0.00257501107448338,-0.138523414319416,0.7370534482302099,0.7161171308402908,0.5603015664202967,0.6627954823846868,0.5590728482071331,0.011661394948811543,-0.33182637724522546,0.6073257973243598,-0.3162826919151782,0.8740991008514244,0.67035968213656,-0.44333770234145603,0.5708387629185233,-0.5679086782394248,0.515613075896031,0.35967336217039514,-0.4360738866280425,0.8252507622976761,-0.4957002506171895,0.658162079715506,0.8412337899898142,0.6319985322818791,0.6924377828257322,0.8099053219713591,0.3836039523731805,0.8314006066450239,0.9027129179903509,0.4849300498459717,0.43256533791797863,-0.5544233247944491,0.01637656599699369,0.836277474689607,-0.5728000984074337,0.6259038192193115,0.7023693724718932,0.6179750393727922,-0.3028257381746922,0.5344732994461754,0.6565942942567228,0.7138164189630974,0.7575671850527144,0.8884534523733886,0.7362802757659659,0.8343595925506074,0.8292535701548521,-0.31519073718536034,0.8149083140259773,0.5588272779902949,0.6901965374172955,0.7417928037587499,0.739963884575768,0.8718877350819496,0.6617867567270839,0.7131894463776045,0.7462040500977393,0.8927102538227962,0.8514758559020151,-0.6636739921121441,-0.07693504192278844,0.7742346140849593,0.2828801758322614,0.6999482954135751,0.8838362979878848,0.8063661526681555,0.21323123885828774,0.7324226213211428,0.6780569367972445,-0.7109295336684439,0.7143765613647095,0.8095876594751547,0.7904872202135867,0.144820907722181,0.8435221950899789,-0.6078180977319846,-0.2236896535424909,-0.6839731281128062,0.8576981227931374,-0.1736387654034164,0.8028966721281905,-0.14782176735491717,0.21411347501433275,-0.4189279409733045,-0.542568065638725,-0.15203468607112533,0.7948662789373379,-0.05112787739720028,0.6367310059373812,-0.4880298915823898,0.8101786906025842,0.8044197994747121,-0.024681485235429443
000002.SZ,0.7595629108775638,1.0,0.875653978300619,0.6445733340865775,0.31578407473438924,0.7311399660733057,0.6172978236128465,0.41868573280337423,-0.3719058050125976,-0.07607028168315962,-0.2735559331728029,0.7235574898232294,0.6426130776069691,0.3590107734069495,0.5327679790116225,0.32110052858172283,-0.07135951151049498,-0.4915910444580856,0.44175514772881413,-0.4809440141086398,0.6701432352967277,0.42029530307641855,-0.34657501813028097,0.6990886683330824,-0.4597613027508835,0.38139198469920005,0.23392982394653447,-0.36985086195099764,0.7584595870220262,-0.5236113664908203,0.7916640175263637,0.845480094954176,0.6053363370179367,0.6007946412090471,0.772465015520626,0.2958106617329473,0.769872344259697,0.7243019807146514,0.8266228037932759,0.08164570281450664,-0.5070820054226993,-0.10257302410612396,0.6918747910257227,-0.5062037841624436,0.48963273897145715,0.5737169143526926,0.4682858807031199,-0.21930643656425022,0.4359311539773885,0.5542149776179796,0.5637623924085641,0.7123084740288834,0.7330358003535803,0.5402577440179722,0.6178644350305269,0.594752724252153,-0.3944618942523239,0.6560050324411049,0.4804946537123335,0.44270092859593363,0.8597581918441146,0.6991766571582131,0.7829780451924302,0.5377951587604699,0.6636085735996317,0.8822090331458229,0.8913007479975853,0.7683045468883319,-0.5537612818239054,-0.016296364589510434,0.69944303887398,0.4945492994133158,0.7101953612947022,0.6925414256900592,0.8067462107900206,0.28258173787621177,0.7477353198449933,0.6043322940535354,-0.7314054211510954,0.6655984966276511,0.5991075941461771,0.8066067283954285,0.12228922334182575,0.7417325058810277,-0.5122640389230503,-0.292548341491609,-0.4768376196249933,0.7911010498072059,-0.09246555592656824,0.49207268845519914,-0.3084707223583013,0.05778105171444737,-0.42674722594558495,-0.4716776606172397,-0.32352706572106965,0.7954886860835081,0.235383808673051,0.7356371789415883,-0.4276748533713565,0.8397705790020398,0.6585929879509173,0.03255960212536166
000069.SZ,0.6988915998213246,0.875653978300619,1.0,0.4707715705116348,0.3922943595150581,0.6073315974082321,0.39818970488448224,0.47179994674436476,-0.2577981314873005,0.040395066714446544,-0.21451999113409528,0.5092617824970113,0.5993517846128628,0.17363064210659637,0.31226803906415085,0.23876089335703554,0.09641328305021075,-0.35081556106694406,0.2656098938365238,-0.37193298816730214,0.6392251648139956,0.3610273210115964,-0.13712529340023508,0.5667199110668159,-0.27489414978001997,0.30806227323609564,0.20408821207951147,-0.3010586961859432,0.6128593368031751,-0.4812366988716374,0.7853885783171796,0.74825059765436,0.66067086658522,0.43534303913477196,0.697238373239666,0.35477251380366964,0.5783587246773785,0.6145876938723734,0.7610918847063021,0.05089268347724369,-0.3058418334239623,-0.12800552849210767,0.6058561301173426,-0.37212190439873044,0.43837765545396995,0.3986097644928764,0.318847776395916,-0.16815125042427426,0.4143489877648894,0.332453480673796,0.34008429254086997,0.5420892213696017,0.5978561831450827,0.5173480605816597,0.5700284643931474,0.5029814682566855,-0.26063681253828147,0.5926590526732431,0.23582672714371364,0.2754277143503074,0.7820718725914925,0.5812371851950988,0.6361449896638932,0.397981025916873,0.4770617504870314,0.6945245953249742,0.7974596103912995,0.6871635315106844,-0.4589575511407995,0.1867362685611975,0.5167871750585132,0.4492980883488156,0.628420451529239,0.5613912680776528,0.6859727972060145,0.13624209735227868,0.5818041867621969,0.39896513747177,-0.5806878345776586,0.45414186505522175,0.5866610662262042,0.6201742749436397,-0.019399774062717094,0.6313629306843634,-0.3587250969934408,-0.171739100764194,-0.38662615881615103,0.7015556505138663,-0.007434454552153996,0.3560979904447672,-0.23202394557595427,-0.07228997187853714,-0.3567698094680189,-0.2505151454153604,-0.19454473538663597,0.6254782421022561,0.41338884749425747,0.6472488696866686,-0.23872895684349996,0.7546839022932025,0.49450840366647847,-0.04529349334867033
000157.SZ,0.6952339172279371,0.6445733340865775,0.4707715705116348,1.0,0.20929545765689264,0.7909006158592451,0.7735785215827793,0.589224615633318,0.06426739052680606,0.11190340247165408,0.0605609287138788,0.7521686194151102,0.7049678451530975,0.5688387692614565,0.7046334489807468,0.6644092313792661,0.13113064985203132,-0.1746830290500072,0.7724016478549638,-0.10336080791803122,0.6395925616463283,0.6934766554011396,-0.42356251305957326,0.6647435814348649,-0.554242963331159,0.6104543216821819,0.45487658792406466,-0.14661814442012114,0.7933248201920026,-0.38366539398184635,0.5780903096506974,0.7342656576631644,0.5153894406485758,0.8314832068504119,0.7297942084383441,0.371486732280696,0.7957816555198525,0.7101796791767067,0.3250567288196416,0.5122878789414785,-0.498972936262798,0.11715030559043606,0.6702426871069362,-0.3820358997066086,0.6153355118640991,0.7541619668564837,0.6839546457903508,0.008620771175913311,0.6247244632360441,0.7861880107063995,0.7778509812237723,0.7456875934060596,0.7389632517501833,0.6599638818238637,0.7262122526528202,0.7270411528540901,-0.1530213798780417,0.7485200971214206,0.6853776771786596,0.7144473597622696,0.6439844406776242,0.6176364297503573,0.7270251927431272,0.5538712576698472,0.8127895548062111,0.6853571933727093,0.7608311514311108,0.7146399211557216,-0.5727437268391385,-0.17188429533901764,0.7940172512821211,0.19271587993997982,0.5123981385077336,0.7055355301653335,0.7369412817378401,0.06767450161521818,0.7182322896559347,0.642083814812465,-0.5336428869582016,0.7286379028592606,0.6429175825300518,0.7422121830932557,0.429153383911999,0.7528739249394091,-0.6089126737280228,-0.11579898324756928,-0.493212656050994,0.7573358416060142,0.03451096394510855,0.6829492876631554,0.041452747814497475,0.47510449850621184,-0.20910795931297965,-0.3814395176879079,0.08515589483551385,0.7575675213632396,0.015030418694733733,0.5338475280968958,-0.383380238663453,0.6955391023573506,0.8006453094055427,0.3226772281300738
000166.SZ,0.2510073310170027,0.31578407473438924,0.3922943595150581,0.20929545765689264,1.0,0.05605595857707781,0.17179844024742122,0.2413950307141349,0.30490840803297653,0.5287227941354243,0.3672189033354165,0.11263664795802891,0.3725475914661949,0.29966725633107977,0.1906204591844389,0.23664995492220456,0.4117303865004735,0.15726061326425456,0.13754389055147076,0.13453331905765,0.1628814039824885,0.17803535554780595,0.3378047085996458,0.2221543789700439,0.4590413771480992,0.6179429548106882,0.7608809779676206,0.1764659207960567,0.25920801621122574,0.03655124706644043,0.5178066873259891,0.37487072202600086,0.38666393751838046,0.18217857120462277,0.338501201741753,0.13413227917145268,0.10789703719943365,0.24757732628811283,0.23290188382077034,0.17615077143148572,0.4449788726668385,0.057963593244081145,0.2315135211477792,0.3109022016282697,0.15735073866974117,0.23815677639752322,0.2285274759065521,0.23464071221400543,0.3839961838127874,0.16355140029750181,0.12423026978985037,0.17172654459933887,0.2651930933950947,0.3361662882753053,0.16292117957103316,0.17002054130386482,0.12304071491103802,0.6097988590402061,0.0675028091109481,0.10888684570895486,0.4516452762676178,0.1651904670779033,0.22681661382548426,0.1717014276813326,0.18155915548492338,0.1609859701547791,0.29430861684576004,0.34646796452124007,0.1357383927227598,0.7055488587868255,0.1073782929954179,0.3353723681051923,0.2406366089291824,0.2817595730446431,0.24668227523775424,0.17449152982697694,0.1385568068574585,0.2635266259025986,0.04150805710496022,0.07043449998577365,0.12369635562547977,0.22996341676029364,0.25907623809698965,0.5228518056412428,0.15288251667026262,0.6370536711057785,0.13727614588564244,0.3481927476758799,0.29425282192330693,0.13931928041355482,0.5236295611454937,0.40388203047471655,-0.007196688882553798,0.26547901726847717,0.1572810059006978,0.17105391344125476,0.47964768928410423,0.2684467125579666,0.41591459035817674,0.2824094314283017,0.0890522937283158,0.3511633433651837
000338.SZ,0.8829914264026938,0.7311399660733057,0.6073315974082321,0.7909006158592451,0.05605595857707781,1.0,0.7658264807059725,0.45590967859584336,-0.3025411742720426,-0.1670074809391767,-0.22248157537526236,0.8237904040616536,0.6449539986053937,0.484925254456729,0.6599512837733118,0.5025556516974649,-0.16634486477355895,-0.3980940360413839,0.6452381448851985,-0.3534108661778161,0.7779248808977353,0.6308177744239256,-0.5637541210478975,0.5968064221389006,-0.7374056305297664,0.4054913198972079,0.21547726835126393,-0.4468272204272356,0.8386029517277036,-0.5408797215683009,0.6350670896273084,0.8045943514027011,0.590763914981634,0.6994628415713326,0.728708436765757,0.32240041522933854,0.919063181889372,0.8186721654948376,0.4897141887466936,0.40428834908302497,-0.7494110755803289,-0.0033508904803549754,0.7918034515439558,-0.6674587034426245,0.5791374929228852,0.6835742689255458,0.5925375053055906,-0.313083687103786,0.4297525354384175,0.6683707754269016,0.7329772067423698,0.8038393454414482,0.8428002631632513,0.600246429405726,0.80832256236701,0.7842467963567193,-0.4065200234026638,0.6803669165900333,0.5993660457960932,0.6901379725441054,0.6965829258161905,0.7391931140525388,0.8318172707160199,0.6018846574530642,0.7648080673455243,0.8138620714900938,0.8640447701978554,0.7870386730030562,-0.7490283589436281,-0.29308099960048367,0.8681523924914281,0.29472781940328124,0.6664658408539875,0.7749368632540848,0.8321254024410528,0.19972780191323336,0.7955116880162164,0.6751762172041174,-0.7602264201193418,0.7732430068488675,0.7785880397174334,0.78257780353567,0.11906149033711072,0.7313206744378157,-0.7210195604823482,-0.4100270863292729,-0.7344557117936996,0.8558755828805434,-0.24688802240464588,0.7411887469126883,-0.3098510567875437,0.1610669251200038,-0.47223463938983423,-0.6498254197223362,-0.25440068825232226,0.8270190221237548,-0.09815601269239423,0.6436198990276351,-0.6478616753233825,0.8425974258533167,0.8342926024235253,-0.01904564518624809
000568.SZ,0.7283552910802027,0.6172978236128465,0.39818970488448224,0.7735785215827793,0.17179844024742122,0.7658264807059725,1.0,0.3554113026784364,-0.14199776670001424,-0.03172519186118601,-0.02780053019415965,0.9142057246598805,0.566811352947794,0.7715996440620767,0.8277076067424987,0.6198964646463058,-0.07023730205003069,-0.31352293879553855,0.881818832189703,-0.15580794873453951,0.6909815180665656,0.6912213477710633,-0.4953860921665298,0.6488679686309597,-0.5367157323519578,0.578223411149933,0.474057696749073,-0.19177737140274145,0.7908249610209026,-0.36171456189569157,0.6033020152778663,0.7704009402696123,0.4502718040576917,0.7785860681615785,0.6867359624988464,0.2824657818783604,0.8248606777313757,0.7827431607114107,0.4158442841144541,0.5240901336159722,-0.5750177787302982,0.24203347002532502,0.767099368255474,-0.4678525196123225,0.5774233430171919,0.8872830490494638,0.6855193231222029,-0.1691821148413747,0.5675946692729106,0.8704186285221297,0.9152202984053318,0.7968941350922846,0.8154118832307241,0.6667978910066169,0.7462032440762933,0.774216487126155,-0.23211563519980005,0.7412270137514083,0.7788201288053228,0.890064907896389,0.6570924827456099,0.6347524245537861,0.8049210875405773,0.6995375779968137,0.8466671943427083,0.6992423016389889,0.7711258653000526,0.7578383687529929,-0.5985931585202239,-0.25525046649968125,0.8284975108771181,0.20521493395384693,0.6492508062313314,0.8114396266278812,0.7762014997059592,0.29645625249579566,0.7862025086811343,0.837384556255889,-0.5664150333367021,0.8100381437602585,0.6838287278444047,0.8046218847491443,0.4394453066058342,0.7904572645555036,-0.6758368324994057,-0.18389838534077488,-0.544514504355594,0.713988507294205,-0.13793855823124782,0.821559564718989,-0.01659649792024635,0.4708705838674325,-0.31617682092940796,-0.5441330636533254,-0.10115232008472819,0.8299238509802492,-0.1828604817916535,0.5969484019368975,-0.5281577032433059,0.713719996108335,0.8095570779370814,0.2697087433154382
000625.SZ,0.5242803590724515,0.41868573280337423,0.47179994674436476,0.589224615633318,0.2413950307141349,0.45590967859584336,0.3554113026784364,1.0,0.3785471989186336,0.36755620688118046,0.22235468961842794,0.29925064237986093,0.5274050672916976,0.2750938656679514,0.2898353039582505,0.5595227391607456,0.44182311415599806,0.12772341517004707,0.49851319859801385,-0.050820990354625374,0.5617399846467207,0.6102245661509095,-0.15394191825127138,0.2914148203203068,-0.19431363692338954,0.4304567605170677,0.31163175669792026,-0.07298123887386296,0.41743177591894237,-0.27677261966171035,0.29686654115751504,0.37849802852356235,0.49144534802671197,0.5759371103112433,0.6618888597817443,0.7174996826925956,0.36475119644287163,0.44628054386296495,0.06418335361033455,0.5541601526332653,-0.11815769240094892,0.06956620477710541,0.5221113343761926,-0.14133045065143837,0.7196640577003673,0.3916301887455295,0.41512519087380545,0.213616413193047,0.5130989933594151,0.4500635688196947,0.4641242673408248,0.4534628856119427,0.517768530640876,0.5107800290595909,0.6028435782401877,0.5953643466302577,0.06591764999404484,0.5616850663977108,0.18124289694953263,0.516447637996376,0.36994458304063343,0.2999919990789193,0.3316065166748613,0.22226695399889396,0.42501298082945427,0.2670989823819117,0.4479797430013557,0.4527518729519131,-0.2540595205664134,0.17209876232390128,0.3653175468070598,0.12466280530382591,0.15759862633658087,0.45434188197610625,0.4209991736090462,-0.1857696841036314,0.236538289229868,0.20876273218078747,-0.278666908138956,0.29021419497305434,0.5909818244605918,0.2905840410265481,0.17420966442588223,0.5017667179420225,-0.23300228138995652,0.1768687800537837,-0.26651520253872435,0.4902763129147703,0.3054330093321859,0.4582057489436153,0.28987930439700443,0.25823611785894957,0.09634923604221313,0.025113869983445485,0.46939078528597994,0.3013324278457813,0.26008189476141846,0.07075680897986382,-0.042791935946328886,0.3755241064060509,0.48842398296415696,0.1479640934198703
000725.SZ,-0.24837623085540886,-0.3719058050125976,-0.2577981314873005,0.06426739052680606,0.30490840803297653,-0.3025411742720426,-0.14199776670001424,0.3785471989186336,1.0,0.5800240945235625,0.7053396072361765,-0.31031968135040816,-0.09715267087818287,0.08442224852034835,-0.1371335733859651,0.38727661725565254,0.6074421435804249,0.6988797446413381,0.17056146649209172,0.5897078441957252,-0.16825900955393466,0.17111736322920693,0.3065520245331818,-0.25039428909444933,0.4872730412642279,0.28653888527584054,0.381950051942128,0.49881253906997736,-0.22697602156118327,0.3988756169162609,-0.20252482692274754,-0.27725552138001,0.029205312147347087,0.0803616750713962,-0.06795201413244499,0.32682237087203986,-0.3684672127803695,-0.26600489964293644,-0.5283767153215038,0.3652290431180372,0.567026641411128,0.23548116618770945,-0.18430996588223678,0.5914945281801857,0.1618738462443934,0.01474436810753564,0.07435575108871659,0.6574250224193162,0.1685522594435874,0.04962899329413734,-0.048877822030950674,-0.20812679367706868,-0.1311523806334143,0.042614811925478426,-0.06621055971604503,-0.09085783169553052,0.5340811974851585,0.07346232355686498,-0.12853769757019412,0.09023180243885048,-0.22422549456120042,-0.4029067708530361,-0.32768439260158727,-0.26947301952142927,-0.13472429177540093,-0.4809663628370318,-0.2915580641174759,-0.22576557028375457,0.4535737551171937,0.4568408299398883,-0.2232681387921083,-0.01960234069281235,-0.46235914266486816,-0.17503387498360332,-0.2537831950027009,-0.35160145523903674,-0.3740477682634818,-0.2676530733767735,0.5418706819267528,-0.2871621422803966,-0.16853595344921954,-0.3316485387937387,0.3207947369159982,-0.06237033649794724,0.42196453676511475,0.7428559343755837,0.4411615757579636,-0.13831826452196075,0.6487893702139492,-0.06449926952045747,0.8083504987310701,0.49760501278162655,0.5849812100473513,0.6605379074211958,0.8579932179465287,-0.35039846661983803,0.2927041691399821,-0.45975384310108686,0.5585962521987887,-0.27078936650612334,-0.1427382202890892,0.46802293196601097
000768.SZ,0.00257501107448338,-0.07607028168315962,0.040395066714446544,0.11190340247165408,0.5287227941354243,-0.1670074809391767,-0.03172519186118601,0.36755620688118046,0.5800240945235625,1.0,0.5737580453129905,-0.16446082433356216,0.25627447466629355,0.13807508949768169,-0.0372726706818892,0.21791916792402108,0.7381475614060676,0.5763117163717053,0.10648511586384345,0.5662447922372266,-0.0008886478069814555,0.08037657621368545,0.4656856600347223,-0.07992854866355627,0.4747234826287086,0.5444474608514188,0.6287655173799594,0.36602007704295364,-0.0290396058861269,0.30411918328101223,0.13789894885695564,-0.006847049213307828,0.22159292725849578,0.08222994293673665,0.08400947904699085,0.30398366724266435,-0.12790162450312353,-0.0013489598975556516,-0.21529286026391137,0.3978448961667225,0.5834116782767008,0.17348801642720268,-0.020258551878117828,0.5814148512470058,0.23380258011343205,0.06479189351349547,0.1059733454048916,0.5336055303773959,0.5289752173161087,0.0206575136587538,-0.04456926401358521,-0.051594141758431016,0.03659181015588551,0.2625632364557245,-0.013515552215517137,0.02808260275635255,0.4641590582365089,0.3228618626080986,-0.0773493590710975,0.059798649072567996,0.005374799764621648,-0.07345065619516351,-0.042639539761370054,-0.02678638976666775,-0.030182130279319323,-0.22185755308932384,-0.037878080571087616,0.07254177730027571,0.331500679116565,0.5662970491517112,-0.12458769902127642,0.037239477408498624,-0.12747813083041823,0.010229695542351369,-0.1267939357342678,-0.14676935890043027,-0.1753649491033268,-0.07630483525730146,0.37080099659965104,-0.15229533883242716,-0.05047479597238539,-0.0664431382172425,0.4149609283085516,0.17475499866712607,0.3298897995652923,0.7223754472257221,0.3333062469226551,-0.013886530635016088,0.5217861973413253,0.012606652483004724,0.6966929445115864,0.40853093769585236,0.28839174717243704,0.4620704859326217,0.45949664216349756,-0.1596601937886154,0.4885678963484752,-0.13318762035722712,0.6893166743139986,-0.11032934585497721,0.021449017478908556,0.5023057932799061
000776.SZ,-0.138523414319416,-0.2735559331728029,-0.21451999113409528,0.0605609287138788,0.3672189033354165,-0.22248157537526236,-0.02780053019415965,0.22235468961842794,0.7053396072361765,0.5737580453129905,1.0,-0.2101074065486406,-0.1895311067482671,0.25429935514124613,-0.16016313375338057,0.22200943240320078,0.48544134943224115,0.816886352955271,0.22712703595725248,0.6231322825680442,-0.1663229368626764,0.15630606466010885,0.12887973227994606,-0.3397039828417418,0.4955546091505502,0.41668785893437227,0.5622052974638609,0.4366687477779758,-0.14376534289613307,0.44827402058642024,-0.07256865594709988,-0.18220792183524823,0.07023848927671857,0.0964321675252201,-0.08893494549281979,0.3319813869178802,-0.20913015940400448,-0.15037915502685692,-0.4983216567760101,0.4226736758197913,0.5598433630217168,0.2296666827560816,-0.18278496023667015,0.5368644763437932,0.1880497806024353,0.1023220363247092,0.3350377661058981,0.7163447634002073,0.09831702315930058,0.11717351307134811,0.025780076203157337,-0.10503421912821048,-0.05064942687012671,0.02912501391671546,0.01617625269949101,-0.07274727166970911,0.502854816008236,0.17932070432395317,-0.09968852797821566,0.1336827610926321,-0.0525575664913982,-0.3744983995893387,-0.2739154137643133,-0.3146940619915595,-0.20003265540358964,-0.2979259468795942,-0.19221621702743966,-0.1852153437030014,0.4532566713993224,0.5405135208704134,-0.14691846129733682,-0.025474934402459626,-0.47625091603690506,-0.1084703785738416,-0.15426228316683893,-0.2649008913733388,-0.32963870223495123,-0.23543240719769978,0.43065370359087113,-0.2414645261061935,-0.18884602912349338,-0.27505158361048015,0.1903859670869693,0.03267795549969197,0.3581407548845423,0.8281061016600632,0.4183428087109413,-0.01549746695022646,0.6764931881241415,0.001170036180770324,0.8263545127761343,0.5820394114162598,0.6360211002628078,0.40839117106148465,0.6520726945842144,-0.30284216565954475,0.23324337672499248,-0.4424175961153323,0.45253144605923157,-0.23129159685396763,0.036528909746730294,0.5113598757321659
000858.SZ,0.7370534482302099,0.7235574898232294,0.5092617824970113,0.7521686194151102,0.11263664795802891,0.8237904040616536,0.9142057246598805,0.29925064237986093,-0.31031968135040816,-0.16446082433356216,-0.2101074065486406,1.0,0.587792885360077,0.6033509156053508,0.783110255033869,0.49316836464795183,-0.19781153523908612,-0.45190957996693815,0.7573541936465157,-0.343826411175858,0.7303382579653545,0.5998853120147707,-0.5269368293402391,0.7550512462475897,-0.6569474921781384,0.4463699039839379,0.2972789837388919,-0.3629267865480093,0.8444062280605306,-0.51201429294292,0.6575054504109035,0.8306884559162815,0.4971153195058468,0.7821400037577978,0.7402981277917499,0.26569087951267417,0.8645871259770428,0.8403081498683996,0.5339793790495032,0.3909662498445758,-0.7197736747455078,0.14367583731241576,0.8051590717808632,-0.6050816963753263,0.5464809555029243,0.8244255894656997,0.6406035934809508,-0.25984087230362185,0.4975596137029055,0.8161267031920908,0.8666648112954557,0.8059408972209666,0.8256956127969586,0.6139574455374123,0.7480976413126443,0.7559095709033289,-0.4109505561505542,0.6688702265992377,0.7597441714700096,0.7775890157313521,0.7152187306491643,0.6605820133720129,0.8589823150658198,0.7008660209626778,0.9101652580687326,0.8050550885919843,0.8506114691224055,0.7876175438219836,-0.6941435374942949,-0.2921209458718526,0.9395745791987964,0.33649796695308015,0.747092996686543,0.8106059857329536,0.8503864818528878,0.29688543494455705,0.8987410373609936,0.7657247809887363,-0.7046977012483454,0.8364953834701208,0.7200834041896097,0.8425077911466322,0.35803846103002507,0.7688135767352096,-0.7486149702662898,-0.39060192737970695,-0.5897106455922735,0.7597842829564185,-0.18372581733838564,0.7083205753433908,-0.27145755611313066,0.28295963979445476,-0.4520705324725985,-0.6412667072216954,-0.2758033220042045,0.8971007920032,-0.0601704913312985,0.7268070860517142,-0.636620849745153,0.8272237397400191,0.817434273533019,0.1496954238056899
000876.SZ,0.7161171308402908,0.6426130776069691,0.5993517846128628,0.7049678451530975,0.3725475914661949,0.6449539986053937,0.566811352947794,0.5274050672916976,-0.09715267087818287,0.25627447466629355,-0.1895311067482671,0.587792885360077,1.0,0.3730504898243871,0.61545936694452,0.42104318122845735,0.24063983428703542,-0.35617354203455626,0.4721029906800771,-0.24945799037033392,0.6916989693735084,0.5540140246493356,-0.14394944155399014,0.7144217773226503,-0.38728063594477397,0.5800331399072954,0.4257357883408163,-0.33925085381687947,0.7247727291277478,-0.5071811092428272,0.5544403124775407,0.7148419830366807,0.4229097715574364,0.5955158046343886,0.7835293529781516,0.2789258624797334,0.6796087263603448,0.7504288164618572,0.42376115363310224,0.4269268802110715,-0.33791667486123894,-0.039206481960779284,0.6688315969311684,-0.35265095038661776,0.4996027336882029,0.5048291158874876,0.4303075076138698,-0.23843547256517947,0.7710734360091118,0.5126606985992718,0.5476315351200968,0.6429598030091851,0.7027267094325227,0.7559979088389511,0.6871588478775134,0.7321752348052623,-0.2841263410853656,0.7766070030863137,0.46683643248008955,0.5161723945243061,0.5960103389212935,0.7377532120653397,0.6872403076653023,0.6705206642951071,0.7149945040400211,0.6217099182550353,0.6961275589090724,0.7483432982611982,-0.5374843404145985,-0.04624037794281575,0.6198463278734782,0.15707686053462444,0.654590171294379,0.7315666644090064,0.6453754620309156,0.19913177040993113,0.624980847314889,0.6130899802004016,-0.5459201848428756,0.5745307286250984,0.6651307098101605,0.6829325633983583,0.34028344631313456,0.8135059979224019,-0.5007644849853897,-0.11895257535478632,-0.5619177494486624,0.6293514965361374,-0.23056176955207972,0.6455234791512412,-0.0203908628469243,0.22218674648760572,-0.5054114329783983,-0.3084743036568612,-0.08923646116351973,0.6450436818852511,0.12016514424856777,0.6135547240916243,-0.11578000410294075,0.6199017586779904,0.5645593176992976,0.10761750823855791
000963.SZ,0.5603015664202967,0.3590107734069495,0.17363064210659637,0.5688387692614565,0.29966725633107977,0.484925254456729,0.7715996440620767,0.2750938656679514,0.08442224852034835,0.13807508949768169,0.25429935514124613,0.6033509156053508,0.3730504898243871,1.0,0.7476726070144197,0.71534482472698,0.04601232308275741,-0.0804707257491279,0.7188828582202901,-0.02623662867497026,0.5227210833423126,0.722539104495077,-0.33548359813349,0.4587090480478801,-0.19524324776366628,0.6214783876867851,0.5862565809858699,0.09148101876484539,0.6076236442848953,-0.1290139456178153,0.38779921002773743,0.5273829611397657,0.20472357394096805,0.6490881259284021,0.5252184515231957,0.28226258491840345,0.5149336118041551,0.5721894714175413,0.15848374338876328,0.5813757168809089,-0.23154693338970436,0.3345321090711317,0.5497639622425766,-0.14648615304013202,0.5183186958108096,0.8295589660950119,0.7710829600684629,0.06670719581711679,0.5429196075698354,0.7985316267523336,0.8026315382525856,0.5674063001920125,0.6778358754906287,0.5924607855669679,0.5922356995758719,0.653500841306669,-0.11885105666476577,0.6673639678387503,0.7094937977102882,0.8046875516902708,0.5025099240541481,0.45038915042508615,0.5681951377194224,0.5622258429348118,0.5887069563803656,0.421535955266325,0.47993835852874356,0.5541519243968606,-0.28241067352799926,-0.05427090000121274,0.5646027309639325,0.03160152741627818,0.38281539590172975,0.6944836426565701,0.5165352271712599,0.16634803354724084,0.48983030667003696,0.7669922468988685,-0.3232462302923138,0.5688170775505366,0.5237860917009073,0.5716129049888193,0.5147178415992961,0.674738557176562,-0.43418484015408837,0.1769634218119739,-0.31923210182368117,0.5649540590136949,0.06860475939452067,0.792860582975435,0.32290912651384024,0.6868704492076821,-0.1023600367693021,-0.23749081452897416,0.14927046148501164,0.558645910863862,-0.22001492691885846,0.3074869742076796,-0.2701466745376573,0.4200125458732132,0.60113786649677,0.43876379449219294
002007.SZ,0.6627954823846868,0.5327679790116225,0.31226803906415085,0.7046334489807468,0.1906204591844389,0.6599512837733118,0.8277076067424987,0.2898353039582505,-0.1371335733859651,-0.0372726706818892,-0.16016313375338057,0.783110255033869,0.61545936694452,0.7476726070144197,1.0,0.6974555017975183,-0.07179251392452,-0.40932308815347523,0.7161178616538462,-0.19768502761435092,0.6280457693819512,0.6928397029616464,-0.33930994828643907,0.7335523537689741,-0.45358705068682587,0.5354995106478898,0.4262805850821776,-0.0018865040549714274,0.7437992840775866,-0.27505571984849886,0.4970994344621767,0.6862902400717944,0.2937704645112304,0.7038155621516239,0.6504782160880439,0.134535418706341,0.6645046446734444,0.6867668361575535,0.39193210679444174,0.433729593837415,-0.5240163463580866,0.2544660431475058,0.7180311757036765,-0.3958895532188984,0.44055572171866997,0.839815370920303,0.6152107292444929,-0.25128156001089275,0.5721594804031452,0.7623457886864126,0.7891351567653034,0.7144869258280168,0.7234181078256444,0.6341207191046704,0.6563163784215839,0.7369194246383249,-0.24019637826343232,0.6784066388218006,0.8227695225573468,0.757441675886744,0.5922515112594459,0.6837688569187638,0.7739114280225957,0.7509127902137186,0.8033263981234402,0.6390470921188328,0.656608050180797,0.7009630831092486,-0.5686324251504655,-0.29765347229711586,0.7644998185665233,0.11534204879824905,0.6638385619505629,0.7894540944510554,0.697519255376399,0.33058410062277455,0.7397272717175536,0.8591809488586386,-0.5498769412441037,0.8313422202963783,0.6506802524189146,0.7396441598923644,0.5394059851390219,0.7267606649877479,-0.6570373396948859,-0.2033603933301835,-0.5522996663876368,0.6534835408404776,-0.21020454765598326,0.7958998258680205,-0.05343605196578715,0.44201836373136855,-0.43393049168776293,-0.47961101334322453,-0.14060717831474168,0.7616482728819954,-0.24001242613862325,0.6186225406713053,-0.4339701322950355,0.6017699877765565,0.6806667357536286,0.25640190765744136
002027.SZ,0.5590728482071331,0.32110052858172283,0.23876089335703554,0.6644092313792661,0.23664995492220456,0.5025556516974649,0.6198964646463058,0.5595227391607456,0.38727661725565254,0.21791916792402108,0.22200943240320078,0.49316836464795183,0.42104318122845735,0.71534482472698,0.6974555017975183,1.0,0.24051466327785376,0.010745795315221601,0.7336044473999771,0.10537376734237848,0.5512034610627345,0.7741146264652227,-0.2608031496689786,0.3775375986517806,-0.2673203312758838,0.5555188202663248,0.45990829410714446,0.21486870582690584,0.5247336169359348,-0.11318246462181843,0.33416259859123637,0.4540449012097496,0.3864847997522914,0.6688143967768365,0.6144612874747003,0.3524661583860522,0.4206345593935923,0.4907214657656271,0.09046269895675545,0.541064301217826,-0.24516245204709838,0.3482805641295905,0.5748177087580342,-0.17279986118082727,0.5200157867163943,0.7566512860160155,0.6636036122768567,0.0791614214932112,0.5542126175542933,0.6745317928863219,0.6667418405764284,0.5471751982976848,0.6361246873979817,0.6081641339797417,0.6186790872854552,0.6716670691216811,0.09192366470517123,0.6164444176504995,0.5857784507827286,0.7263595426057257,0.41750457595115537,0.3608588130358182,0.530463736828254,0.4843043139992718,0.5886935465676393,0.3179456803961085,0.4805196550073673,0.5236087030707915,-0.3282889188856322,-0.055588580167606594,0.5514178739116719,0.016946113752239148,0.26202738800673336,0.6503557663015732,0.47983971671813536,-0.01593686961270163,0.42325465814392516,0.572683863178254,-0.2806497693432278,0.5410709870357632,0.5722884525002442,0.4573304444497593,0.4792400478129934,0.5856774526401987,-0.3715228466760381,0.15698111941709716,-0.35633582766415767,0.5677637559800943,0.20682341643438448,0.6999909698567263,0.3260056528881657,0.5346805646820519,-0.021893793164443603,-0.09459396625909146,0.4081612128412028,0.4715094210308139,-0.05458251742750168,0.2310914669746061,-0.23345715653864826,0.39439983195085765,0.5883977352339409,0.3204090381024034
002230.SZ,0.011661394948811543,-0.07135951151049498,0.09641328305021075,0.13113064985203132,0.4117303865004735,-0.16634486477355895,-0.07023730205003069,0.44182311415599806,0.6074421435804249,0.7381475614060676,0.48544134943224115,-0.19781153523908612,0.24063983428703542,0.04601232308275741,-0.07179251392452,0.24051466327785376,1.0,0.470024841170757,0.11810453361675181,0.379877117457722,0.10271903987256181,0.18021641249683085,0.3445266392589086,-0.0851162758098782,0.34463842960827695,0.4392057593312695,0.42618736898109716,0.3294880112664908,-0.10218505253451667,0.2654829367194259,-0.024192588863968092,-0.10000920091952387,0.2342569082225936,0.05051212099432697,0.11738962276351718,0.3908534461121092,-0.16482564384590662,-0.045887827783481196,-0.2767942175653782,0.3401475162119814,0.5021789406637371,0.13177793151323552,-0.10831920397412516,0.42167416569072924,0.2737562899356591,0.033906138967572046,0.06382278299625144,0.4151111539553564,0.5222225444116844,-0.003039117599128236,-0.08416726557630964,-0.0038917057675965073,0.021299668332257476,0.3422669237656142,0.0377327832935644,0.03953998824009162,0.5455176584398265,0.22410541016612984,-0.16514544511654158,0.035735525626335314,-0.07543791737723561,-0.10261636488938157,-0.15307799905421218,-0.16690066323082822,-0.017264554983449667,-0.2487114548099525,-0.06638766776837667,-0.011381498427837228,0.20492359262953283,0.5019614319103319,-0.13546352800135247,-0.09151564390609841,-0.25695694138073005,-0.038207889692483434,-0.11819122946454441,-0.3876268351136008,-0.2689426172980032,-0.19153357278248204,0.20786445254402497,-0.17411623133040754,0.010465319414037824,-0.1761120156753393,0.24679394119282894,0.11617187930197127,0.262186812932856,0.5863537000227947,0.23138043616556306,-0.05734523482719838,0.44650819982986795,0.05040626190821015,0.6369519424113385,0.27704451437671307,0.3772715065306815,0.5408586809114658,0.6119386143695902,-0.21007709353388268,0.4531956111232301,-0.29224827132423664,0.5848116642326763,-0.15358596451791126,0.05730093670319331,0.23002716822885635
002241.SZ,-0.33182637724522546,-0.4915910444580856,-0.35081556106694406,-0.1746830290500072,0.15726061326425456,-0.3980940360413839,-0.31352293879553855,0.12772341517004707,0.6988797446413381,0.5763117163717053,0.816886352955271,-0.45190957996693815,-0.35617354203455626,-0.0804707257491279,-0.40932308815347523,0.010745795315221601,0.470024841170757,1.0,-0.11373532174353751,0.695903019754737,-0.35804738975705436,-0.1496676642224464,0.3412373215710964,-0.5026303627412329,0.5524838635070316,0.1288004804937289,0.2998342489204269,0.4086224406770919,-0.4311414501716669,0.503856843139381,-0.2944504761624654,-0.4538632795223796,-0.06045617313632126,-0.13336284326086087,-0.35213189429423847,0.16533325531220447,-0.45065119481570065,-0.4127684171620461,-0.5693629305883524,0.2736125553603405,0.6443714183584932,0.21119937790206167,-0.3411702765964672,0.6362605264971636,-0.05345286280422031,-0.17574184189179265,0.009023304135324706,0.6293203496305886,-0.08903534724659086,-0.1596489226129242,-0.2534663733997984,-0.35417867918944274,-0.3211197946221432,-0.2066506432001464,-0.24083994574957565,-0.3076900309888807,0.5279138011780901,-0.1088904772357525,-0.33025368845841213,-0.13114276632709607,-0.41240850353835623,-0.5981699297413453,-0.4390917075776571,-0.5398437018568286,-0.3907950466865194,-0.5427323451832645,-0.43063450835714906,-0.4317600535947776,0.5362062273109779,0.5086494240422637,-0.35953898119027944,-0.12438604753015033,-0.6135256407916688,-0.414262106124817,-0.40103982889980844,-0.48195134232688247,-0.5280530761744041,-0.5189477061362092,0.6147515764087416,-0.50095252964144,-0.3280846976739228,-0.47853333858354735,0.11101575970841095,-0.27394707216828357,0.5105577755281598,0.7288289796683313,0.5921377903022376,-0.32608702364270453,0.6737878664353248,-0.2858950741811953,0.7061377024613469,0.3114311123399132,0.6745262623309226,0.5859808465583868,0.6374735037144892,-0.531226571246412,0.2546188609199732,-0.5883408839347323,0.5768476307702625,-0.4125009713699665,-0.22900926490795293,0.3599908554262676
002304.SZ,0.6073257973243598,0.44175514772881413,0.2656098938365238,0.7724016478549638,0.13754389055147076,0.6452381448851985,0.881818832189703,0.49851319859801385,0.17056146649209172,0.10648511586384345,0.22712703595725248,0.7573541936465157,0.4721029906800771,0.7188828582202901,0.7161178616538462,0.7336044473999771,0.11810453361675181,-0.11373532174353751,1.0,0.09198812301634761,0.6145871245339863,0.7815641517968417,-0.47063150477836974,0.4756482745195066,-0.46010249508146855,0.5965200882413343,0.5045670662909345,-0.026335713787714706,0.6973880725198383,-0.163462529798078,0.46144257156218677,0.6294652312235468,0.42505628089060415,0.7839280385399068,0.6522774205507664,0.439233939521887,0.6665604899732488,0.6769395145528087,0.1310332777108071,0.6659174424831972,-0.4409792962713918,0.2807119463015669,0.648763002878532,-0.33746409204204103,0.6756174160723162,0.8156956229192285,0.7331955127457305,0.03555862501320651,0.5640133043099751,0.8107247578997052,0.8371265675476013,0.6687794772388228,0.7369076649138772,0.6376035962871506,0.7197645506437657,0.7396587018453372,0.04644299491835512,0.6779012702124154,0.7067144846656669,0.8992806674511772,0.566670762459269,0.48648255910401955,0.6290417762703752,0.598599972410601,0.734781931081403,0.5139265289873857,0.6476851486553975,0.6641368811144248,-0.4905899473657984,-0.23368383658291358,0.7147909629128387,0.11500380947082905,0.412448844004609,0.7396133986822423,0.6680482876710275,0.20827892924762978,0.618048538378737,0.6591471854851111,-0.3884376569654026,0.7334669984804131,0.6104860975881202,0.6143715606787781,0.4748921195388412,0.678045233350924,-0.5719546030044058,-0.0026275279153497957,-0.4954618667094593,0.6473004842176767,0.06922127637917398,0.7601786934458427,0.19872193912384695,0.5763251183703284,-0.10715909128247102,-0.39215561757082984,0.22305084208305362,0.661594621840032,-0.17295344286507752,0.3596577015157312,-0.40651555892262875,0.5305129271081735,0.7729867917693655,0.35395964714186023
