,000001.SZ,000002.SZ,000069.SZ,000157.SZ,000166.SZ,000338.SZ,000568.SZ,000625.SZ,000725.SZ,000768.SZ,000776.SZ,000858.SZ,000876.SZ,000963.SZ,002007.SZ,002027.SZ,002230.SZ,002241.SZ,002304.SZ,002460.SZ,002475.SZ,002555.SZ,002594.SZ,002714.SZ,002736.SZ,300033.SZ,300059.SZ,300122.SZ,600000.SH,600011.SH,600015.SH,600016.SH,600018.SH,600019.SH,600028.SH,600029.SH,600031.SH,600036.SH,600048.SH,600050.SH,600061.SH,600085.SH,600104.SH,600111.SH,600115.SH,600196.SH,600276.SH,600362.SH,600406.SH,600436.SH,600519.SH,600570.SH,600585.SH,600588.SH,600660.SH,600741.SH,600795.SH,600837.SH,600886.SH,600887.SH,600926.SH,601006.SH,601009.SH,601021.SH,601088.SH,601155.SH,601166.SH,601169.SH,601186.SH,601211.SH,601225.SH,601229.SH,601288.SH,601318.SH,601328.SH,601336.SH,601398.SH,601601.SH,601618.SH,601628.SH,601633.SH,601668.SH,601669.SH,601688.SH,601766.SH,601788.SH,601800.SH,601818.SH,601857.SH,601877.SH,601878.SH,601881.SH,601888.SH,601901.SH,601919.SH,601939.SH,601985.SH,601988.SH,601989.SH,601998.SH,603833.SH,603993.SH
000001.SZ,1.0,0.732214118285202,0.9215959600924961,0.8411051846135273,0.9140589676404138,0.7308421217382585,0.6928302698473953,0.6718235180750477,0.7241843958469186,0.8709596504095941,0.8791439089809714,0.6526954813173044,0.842969432984224,0.6006744852802316,0.7684648784045645,0.7267543978818543,0.8557839847488418,0.7856350964123785,0.5873447746007356,0.808909772325075,0.8319190528435989,0.7952532666097357,0.8081166588131555,0.6876219228470849,0.8975589272893697,0.8285175028074631,0.8658665450438168,0.7748025153360398,0.9562791095083333,0.4962089509903063,0.9521510402780322,0.9540692240678447,0.9294474743835134,0.9256436199694842,0.8388956841442713,0.8899748171415428,0.895572966078911,0.950881660055093,0.7891295595059811,0.8308202928003156,0.879002365042458,0.7079323644954788,0.7706647511459915,0.8888735578547008,0.8673562051007341,0.8299796606033015,0.7016193389619555,0.9134997989259083,-0.1930707717676119,0.6964078520309376,0.6874567346715547,0.8236845768139841,0.7672589195283487,0.8988710256381247,0.6134979108729411,0.6227406415939037,0.7032326873092462,0.907119622959495,0.1346269823941415,0.8073379927385882,0.9428856058156457,0.8623882928789658,0.9067667636989843,0.905700202557139,0.8303534901418503,0.788170453128219,0.9616352515717465,0.9519577802709313,0.921885226345725,0.9239595868003687,0.8826374974946202,0.9542646381549845,0.9003186888411788,0.9474426462120826,0.8950101028363789,0.9419746863916116,0.8587546756663653,0.9161372103357724,0.8567577989608653,0.930668517758564,0.7749577814610727,0.7484917129552525,0.8457887948484135,0.9186536640763164,0.9225565088385613,0.8775950425654186,0.9121052723055735,0.9250835146409336,0.9048071961886862,-0.004413067508797867,0.8832162101580924,0.8490335965460675,0.6562931044653731,0.914224131699982,0.89603756249786,0.8680445321810909,0.9206642753501781,0.9576869138362257,0.8888901613801997,0.9579290905435077,0.7690677313600786,0.8637327978402457
000002.SZ,0.732214118285202,1.0,0.7959696125089316,0.6079526039204475,0.6310604813807175,0.649543346306167,0.48892006289528456,0.5319362056545355,0.5024445245006602,0.6084228871663465,0.563534522228334,0.5544796584842021,0.5564031855517336,0.5410306257466685,0.6104720360794147,0.49064673807488135,0.5623413733447183,0.530649845832219,0.3645537262339797,0.4439020475270994,0.6091340848869441,0.6174518483894214,0.5673967152409286,0.5267374263966703,0.596849131904473,0.5568881980489407,0.5665734960778414,0.508272058012703,0.7479834315098284,0.1338664314243936,0.7185924134897901,0.7051396290716582,0.6452028380641865,0.7560405712730258,0.750294178454007,0.6506127006816347,0.6924874889548462,0.716738499741448,0.8970228191120816,0.5534463252299346,0.5683487044792911,0.5735080943475442,0.5509478435024371,0.5919511065318416,0.6260061236493697,0.6419469859912948,0.5506631719081201,0.6776293084799411,-0.05641647537909448,0.5549895572351297,0.6195032011071899,0.5972372649677963,0.6418870908362523,0.597035098071368,0.5828314076194517,0.46158464887896905,0.22898315951952722,0.6351090358303552,0.2409778931833362,0.6041692513849702,0.7354651671948433,0.727462681220402,0.7180195906572097,0.6116738437071522,0.779905139936285,0.688855125225707,0.7846216600410195,0.7414262714664354,0.6641689896377536,0.6758417761106142,0.7389503210188928,0.7756257890956789,0.8345323944047344,0.7356732629633704,0.8629347887030563,0.6803749616311157,0.8494118050252283,0.6890627526134369,0.55018366724568,0.6594246892135021,0.5423279898506911,0.797977544779234,0.5777941498741224,0.6729694077693124,0.6577401597423228,0.5710844950527617,0.6624634379202686,0.8377045558070416,0.6811994146620616,0.23013404693925624,0.5707096023671646,0.5713613386230606,0.39488809543343084,0.6065991246311832,0.5614415906600613,0.9041096230015494,0.7135555645658785,0.7849004522317987,0.6044889905306675,0.7102046812595054,0.5170899475005448,0.6402949313844628
000069.SZ,0.9215959600924961,0.7959696125089316,1.0,0.8613844670328453,0.8890200092624255,0.7714484952947691,0.7048932023098974,0.7210473970604206,0.7904028105939038,0.8950842022006603,0.8731977050017038,0.6666039573288751,0.8653601139213696,0.6690282632727523,0.80714285810735,0.76056967959076,0.8559816767629246,0.8273466376233873,0.6117904460442539,0.8298190144066252,0.8480729343604683,0.8360359031406276,0.8288796712012019,0.7711826590267385,0.9030095944913886,0.8688400830968708,0.8464435151744037,0.8059136501510311,0.9194745372319127,0.5162582435131429,0.9252470046878294,0.9209666369777739,0.8997886123576192,0.919606923109396,0.8588915376060414,0.9061885759359929,0.8834233240925297,0.9008787041350942,0.8588618628425474,0.8435198786407924,0.8687891671372947,0.7713322440072211,0.7540142238598534,0.8787451498965679,0.8889007827713171,0.8462732847151719,0.7110045625961648,0.9247092391491526,-0.19058130769446202,0.7620348237107629,0.7102749584438132,0.8190870293695074,0.7985583975892113,0.8974270074083303,0.6743914305565323,0.6215463922361472,0.66640425571194,0.8914434606509659,0.18294647729977687,0.8345934530460183,0.9151699976171953,0.8707646069302094,0.8766693773008237,0.8922178653874394,0.8505082363528057,0.8094332823918543,0.928430997705937,0.9109946016977813,0.923773639824471,0.8831548579132207,0.8536286059846097,0.9136364831036577,0.8605207592502322,0.9179559648226799,0.8690746537346081,0.9312421474934748,0.8235025831634436,0.9206831563084633,0.8459935996814333,0.9297921163801178,0.7641638595476268,0.7406253592462934,0.8406506754303127,0.8895180847871922,0.9028945507299072,0.8831310638382077,0.909493529422391,0.8899651736132332,0.9223507392061764,0.043316412600765485,0.8798721347028048,0.8615810539726776,0.6383424220735103,0.8737876531679719,0.8814274451287695,0.8494956522053537,0.9167021605857362,0.9180943741160905,0.9100905502952061,0.9017187496180156,0.7122943099200536,0.9128252568392461
000157.SZ,0.8411051846135273,0.6079526039204475,0.8613844670328453,1.0,0.9275276806915239,0.85734043024961,0.8888533195682499,0.8001354986621502,0.9228982667082679,0.9483339608013807,0.9312274076863232,0.8420484374121223,0.8844494250398104,0.8131815833317565,0.8788927144989772,0.9076540998508373,0.8638034812466232,0.9587034895616577,0.8245512239666207,0.9123119613733831,0.8982855608195085,0.9165148407498189,0.9361855702969492,0.916049290760093,0.9149528058901694,0.9225202649064359,0.8624695308007112,0.9252828909486359,0.8621004454099929,0.7069279138090506,0.8952934282733055,0.8468959364899787,0.919298006434222,0.8928024434400658,0.9143865384753513,0.8460386194934028,0.8994736021406015,0.9161902271770487,0.7805651926227449,0.8814852893603456,0.8830097225734969,0.9192943996072137,0.7791348754197998,0.8715370551670714,0.8299461192769004,0.8992540360634443,0.8691151105280612,0.9390176078710609,-0.0012721286555825346,0.9289789030847412,0.8678513719624513,0.8423856674071898,0.9270086631993478,0.919198134266165,0.8448415478415434,0.49095974199991593,0.759917837407449,0.9519421104245501,0.34709219536649116,0.9261758054680977,0.8596930650392293,0.7676068322107086,0.751063361768301,0.9061991320946735,0.7071823718824005,0.8243989096095329,0.8384797265700108,0.8432205070640874,0.9338210410714279,0.9242966713744604,0.7145610010253022,0.8345002146876147,0.6933239685060957,0.9332082876097698,0.7461467651497102,0.9114845285587866,0.6592791324195143,0.909605590140674,0.8169201732997493,0.8768860354966549,0.865414848368268,0.5798092758733662,0.8040646177311865,0.8610051539562757,0.8984922148833294,0.9121560417893416,0.9349848541354516,0.7457586738678351,0.9656414645390381,0.1453058933202324,0.9226050758691128,0.9445316141078982,0.8313525981705808,0.911782907978019,0.8928424774449902,0.7220434002835776,0.9048484319035008,0.8340171279707024,0.9092896824837106,0.8093932832853713,0.6758393942797792,0.9583637785188172
000166.SZ,0.9140589676404138,0.6310604813807175,0.8890200092624255,0.9275276806915239,1.0,0.7361862769376611,0.7497081939425048,0.7215337455203334,0.8374919105157366,0.9241792699620741,0.986504987671824,0.6878310048487436,0.9372464712184816,0.6568155779288221,0.8027348862460874,0.8253006937128906,0.8732297550570917,0.8890270991473503,0.6597315688221871,0.8932452314766112,0.8976187158697506,0.8613609551234479,0.8676747375285222,0.8121541614709012,0.9842311315542785,0.9457773929815382,0.951614461923616,0.8488035162015657,0.9383409297590591,0.5812475394023462,0.931139528070612,0.9220373946503768,0.9291725356550528,0.9236617687488619,0.8530454113193743,0.9386815783232524,0.9346437939736406,0.9475665162429348,0.7527782334024188,0.8732099757504467,0.9490158719579403,0.7845038239878631,0.7404824327343918,0.9158361218727354,0.9278129767387152,0.8433447700990678,0.75310453504281,0.9681833036089574,-0.09282004297297426,0.778107811158475,0.7076755024286645,0.9050754494737919,0.8005124960400388,0.9538613948892594,0.669628907357823,0.5722923457324947,0.7745677241522011,0.9847298247053619,0.17858327113800068,0.8430804428443621,0.9210661562516479,0.827971408982799,0.8196847276117993,0.9501525899925207,0.7696781028197507,0.8010621571933831,0.9035794367598884,0.9193684280394985,0.9371890646814839,0.9852186920704945,0.8338279546240367,0.9209487516727343,0.7925929726647217,0.9540980843166608,0.8379837426127894,0.957519401350849,0.755905160282448,0.9561847488212393,0.8591645951844463,0.966891382114269,0.8395416339731762,0.6540984653995525,0.8514420626363705,0.9749093891309532,0.9234960114516819,0.9753270137680725,0.9286320092878566,0.8422008019694468,0.9354294176832778,0.013048051166030195,0.9830958798213018,0.9562193704534586,0.7075929384863678,0.9853224026589595,0.9385664372703165,0.7720492220265935,0.9300456944843053,0.8978526446973126,0.9311130393334652,0.9101927044862381,0.6922277271499698,0.9341705952372891
000338.SZ,0.7308421217382585,0.649543346306167,0.7714484952947691,0.85734043024961,0.7361862769376611,1.0,0.8004612998027744,0.789066388548333,0.8086497643870804,0.7851571927678771,0.7397101480252198,0.8280801920417136,0.6910628309240558,0.7631045174203481,0.7219005609166946,0.8435522377126211,0.6276371591906521,0.8478066944713696,0.683311209565754,0.6891201816929123,0.7894106633775002,0.7816671421886173,0.788903269770186,0.8555366684206468,0.7103939803929942,0.7294522608299109,0.6319314967398484,0.7183918778505404,0.6752146722553684,0.5717012839757637,0.7258776852261555,0.640580608335923,0.7623386007869057,0.7366881870343605,0.8485330449140166,0.6640093868412545,0.818275422431205,0.8035321871344255,0.7855693379497669,0.6830830265492023,0.6483107744839224,0.82262484208894,0.8369647832374579,0.621641666710841,0.6625508709168088,0.7424350419657871,0.7992988630776061,0.7561332899499701,0.11219724457029372,0.8947191722958164,0.8132275358113988,0.657224094612373,0.9313756782174218,0.721662177210658,0.8722304700791185,0.5273865123516867,0.4989321167310079,0.8026919838864969,0.4179235599483242,0.7519213737342758,0.6732457095125617,0.6887813305784464,0.6228361101844468,0.7359333515089407,0.5879518368401345,0.7123384399670587,0.6892702008001529,0.6600098854067665,0.751665728805183,0.7713772646057103,0.5694561558665384,0.6847537975882406,0.6144977044676866,0.8334528220780054,0.6387729392818481,0.7425329161420008,0.5916985306892946,0.7868923283341083,0.5612000057303962,0.6871588025426885,0.83175181187868,0.5086517950848753,0.5533645628055733,0.7071095369326489,0.7007938484573683,0.7052474357376051,0.7413427545302649,0.628361388016819,0.8123842983546775,0.30760492817875723,0.7258406669180527,0.7480065479131438,0.7397629182495186,0.7293838527684139,0.6425387654448447,0.6968395443025118,0.7190674388478069,0.6848619281527725,0.6871704359833104,0.6329899087648024,0.5983942431058896,0.7911793557455725
000568.SZ,0.6928302698473953,0.48892006289528456,0.7048932023098974,0.8888533195682499,0.7497081939425048,0.8004612998027744,1.0,0.7164409100649093,0.8366021731486363,0.8210388531965666,0.7510695087669236,0.9180989288605081,0.7112355690352888,0.7675085993369657,0.7961793735637158,0.876277898136646,0.735561539978185,0.853583436553799,0.938202211411213,0.7561684501576605,0.8117313927148669,0.8070526533459886,0.834651239992135,0.8233867929253247,0.7285459114772589,0.7899562646663618,0.6905717084037722,0.8501672733577229,0.6944592151656446,0.6408032122145512,0.763639159665877,0.6812601759973655,0.7776275055091485,0.7289900133219228,0.8311194980408504,0.6570808360562538,0.7664939241277463,0.7958316463223806,0.6647415988945456,0.7873867165060019,0.7316864710310303,0.8400185451159087,0.7295279809183458,0.6904840469547789,0.6420540443548365,0.7923710235888,0.8197610145161042,0.7737038381896341,0.01596226263053563,0.9012563835974968,0.8984908379757931,0.7194623576926196,0.8830131406696786,0.780809194415066,0.8380274100998513,0.38488448831108335,0.6015906820123725,0.8018936045794612,0.35794434002944886,0.8523124861930014,0.7319799777471935,0.6372481052571147,0.6055198259798035,0.7275766261920588,0.5446914018598165,0.7594310837202958,0.6909533344267622,0.6870775836040025,0.7764469874121728,0.772741089517599,0.5594827395387693,0.6910933048311727,0.5278973860064536,0.8009787696911325,0.5888664513762167,0.7662911055710749,0.508977497865479,0.7676172546990374,0.6635780857733099,0.6939282856486712,0.7312732830473833,0.4224027898573873,0.6216077456996024,0.6644802046355617,0.7259329733296318,0.7404837013709006,0.7929452114393497,0.6143805236508907,0.8324836788506493,0.11525545018431826,0.7345999848254129,0.8002495044185777,0.8766985405928632,0.721632200408011,0.7079079751291375,0.6057348448351119,0.7351581912073324,0.678527204632859,0.7492597846438288,0.652333769961278,0.6020714371535375,0.8187790509268688
000625.SZ,0.6718235180750477,0.5319362056545355,0.7210473970604206,0.8001354986621502,0.7215337455203334,0.789066388548333,0.7164409100649093,1.0,0.8225886703994169,0.7969525390267957,0.7373564069133415,0.6982763563182063,0.7192674484994178,0.6878091751636455,0.7172440179121335,0.8519496232442839,0.6512939844232494,0.846966014320071,0.6734247341210553,0.745800902533523,0.773812143675286,0.814149411367123,0.7835699181329147,0.7624835299243927,0.7150140323578311,0.7472456929358819,0.6646496137792247,0.7455450802822571,0.6444259989109385,0.46821128759512637,0.6913779087710986,0.6164398224639581,0.7163086056735913,0.7039319749230645,0.7410667239268661,0.7476355076569918,0.7803150358240697,0.7359279090958196,0.6986110657441755,0.7299410169340198,0.6668088851410069,0.7786628715998395,0.8209058155402422,0.6464462528653938,0.7574247539183997,0.713766635645756,0.7295287897349225,0.749321835334595,-0.054621825334714304,0.8229629672671077,0.6828470327205521,0.6780195417776538,0.7748140038428448,0.7119966573340143,0.7460797654666512,0.5887704509189379,0.527077059381424,0.7662836415903979,0.31686411610902226,0.7101924513917788,0.6498575078628834,0.6206632676410475,0.5771071567286092,0.7550146610748607,0.515030467821854,0.6930380071146285,0.6257831622894096,0.6398170307326378,0.7288111827781331,0.7373191908458924,0.5372664798459056,0.6354709308241344,0.5350629858288636,0.7518499379694882,0.5700271937980995,0.7031233627052692,0.5048436290439207,0.7499769389599175,0.5847515493951239,0.686833773902289,0.886166620855242,0.4223454389684658,0.583137071727634,0.6932618561753469,0.6813196910245273,0.7128401455789163,0.7223372909459016,0.5600159924653897,0.7730199286148922,0.12255009561535528,0.74050744675507,0.7685774032509589,0.7671984465252212,0.718510831998473,0.6529439164787882,0.5749392170938461,0.6889565655614409,0.6380476567187391,0.7036603412624389,0.5876918973750719,0.5446369952842803,0.7908300054990257
000725.SZ,0.7241843958469186,0.5024445245006602,0.7904028105939038,0.9228982667082679,0.8374919105157366,0.8086497643870804,0.8366021731486363,0.8225886703994169,1.0,0.8964242988275105,0.8542601951338508,0.7822037978659009,0.8229620604858513,0.7722448038037811,0.8245557050405532,0.8966399241149342,0.7957625107409031,0.9301411956081109,0.8103979419183104,0.8848847135701523,0.8549539851393942,0.8805616537571864,0.9109676188877588,0.8916102258689218,0.8551276609173057,0.9002695642676014,0.801663095269692,0.8551994727563251,0.7422206553818818,0.6801261224112305,0.7787456201254894,0.736037045179032,0.8150934006021616,0.798475861215064,0.8181394027466635,0.7842740682994761,0.7972278123298749,0.812686747468134,0.7115725930756284,0.8539725357689966,0.8265209514832743,0.8780896272814407,0.7612080205155975,0.7997231419887446,0.7798135244450473,0.8396110758413583,0.7907666887542307,0.8627929380594943,-0.003430073177130788,0.9074872396863128,0.7623321570855929,0.7894433220514072,0.846728488105283,0.8242254833913312,0.7858253525251708,0.5033534480425195,0.7122280863713483,0.8621216864370758,0.295968666733274,0.8470096617176902,0.7510368642491606,0.6724929177229234,0.6593566785601698,0.8289697924621007,0.5963001609960134,0.6887324586099792,0.7086775893132392,0.7278235287047798,0.849529939962395,0.8125143636473715,0.6033269115169587,0.7212748368942729,0.5628599448085748,0.8075399549769466,0.5996744662654709,0.8058250929270572,0.5164901158486056,0.8307852242626729,0.7575657741134658,0.7786367298790506,0.8166426336806211,0.47538993625301185,0.7378195833503093,0.7730314162086852,0.8108847063090153,0.8594718679121865,0.8439601645006897,0.6149446474339832,0.882202893864942,0.08234288062891036,0.8590645995359988,0.9361452537458521,0.7729314567983518,0.813063974534332,0.8058208652281834,0.5667906208086667,0.7992083797560782,0.7077854673091516,0.863172126071341,0.6845271552370815,0.5669708518510559,0.9142419962983315
000768.SZ,0.8709596504095941,0.6084228871663465,0.8950842022006603,0.9483339608013807,0.9241792699620741,0.7851571927678771,0.8210388531965666,0.7969525390267957,0.8964242988275105,1.0,0.9340961730986357,0.7715819837546406,0.9085174581858374,0.7573042041841749,0.8439791776685691,0.8895089708121117,0.9005347370113692,0.9402621033187418,0.7687189753960522,0.9270586865542999,0.8927191482676226,0.9064897481760515,0.9106356437840474,0.8695382283411696,0.9338157356513137,0.9356256942369449,0.8959738207064306,0.8984658926260084,0.8928609013759438,0.6714725543972383,0.9316523790217267,0.8887500567723107,0.9178778447588954,0.8867509581318331,0.8766052187602189,0.9132918403966283,0.890509756778143,0.9178641732815925,0.7592813158080522,0.9423489822939413,0.9223970283912092,0.8772135650606266,0.7806580278696867,0.895899397927541,0.9020802628124982,0.8902022879472998,0.8158567142769219,0.9534092615783599,-0.07866633476160373,0.8674609105575476,0.8104617976698751,0.8355684622875423,0.8418056064818321,0.9214478946906448,0.7650900309284724,0.5458154761648571,0.7854972439243512,0.9444515825723455,0.2765040998413994,0.9238248647140382,0.8983003085951503,0.7753687087484331,0.82163739076912,0.9178394218629368,0.7396037316856408,0.7624565553528381,0.8752296965569415,0.8875645004348547,0.938947531370439,0.9196844771757783,0.7713001111373075,0.8724484520802837,0.7325907868332814,0.9191031565876457,0.7673031597986921,0.9185737738906719,0.6947415831809081,0.9250521150773171,0.8683246939863559,0.9091418823416832,0.8545453841873139,0.5937638154898898,0.8396607416121791,0.8815543342879222,0.9206233190771768,0.9345905300746616,0.9349981413871443,0.7892102822478427,0.974787985165951,0.058274789328202826,0.9355837413060176,0.9416773833231938,0.7535083144673057,0.9159799750088031,0.9253847788895325,0.7240824598346279,0.9096467767750253,0.8648699782482107,0.9630190508570728,0.8632750394777826,0.7030263619243766,0.9620151068566388
000776.SZ,0.8791439089809714,0.563534522228334,0.8731977050017038,0.9312274076863232,0.986504987671824,0.7397101480252198,0.7510695087669236,0.7373564069133415,0.8542601951338508,0.9340961730986357,1.0,0.6825247116411747,0.9413004164676183,0.6513143520539609,0.7880972563556615,0.8445152340765251,0.8557595371203962,0.9206038767645697,0.6731904208682106,0.9165648564828089,0.9000676469316953,0.8583884101321434,0.8719322538687156,0.8278665656612532,0.9838808628389007,0.9528413845203324,0.9378347039211842,0.8540061778193534,0.9025254134625157,0.6343667815366202,0.9053745481526353,0.8904647211734332,0.9171138755609087,0.8951698179255682,0.8301073644471638,0.9294261202835812,0.928457213369342,0.9229702915271621,0.7020267530343237,0.8709860357071119,0.9342811435024959,0.7975884278308532,0.746899114250623,0.8971916187640919,0.926346177620915,0.8165819806684795,0.7532173246089445,0.9588395770711936,-0.07830722585364995,0.7944373329861903,0.6899471533063603,0.8770881066206947,0.8018735835236915,0.9515097828754785,0.6715161540996538,0.568471340943555,0.8009871405893731,0.9822048815980375,0.17929206221342264,0.8352852440342157,0.8835796892165444,0.795015133429635,0.7825769088554693,0.954058083229612,0.7300723689938734,0.7582217388995502,0.8604102506575728,0.8830151656118428,0.926997090509378,0.9669373627338474,0.7818140589513227,0.8787428074166678,0.739057300203482,0.936150355059601,0.7759854389110269,0.9448636752239036,0.7008806805072988,0.948306625601503,0.8404781729700135,0.9554292357674337,0.8544822140280579,0.5871763423907083,0.8280029173821561,0.9543689795173601,0.9046515477084703,0.9758277688302314,0.9111556484865376,0.7857698699243579,0.9339780648711594,0.011600949807631378,0.9895769307821926,0.9584318298881621,0.7211178397399141,0.9809416252072282,0.9340216258904418,0.7133265455072778,0.90588192743716,0.8556169306942277,0.9272825971100133,0.8712684130134184,0.6766888762916513,0.9382542599399301
000858.SZ,0.6526954813173044,0.5544796584842021,0.6666039573288751,0.8420484374121223,0.6878310048487436,0.8280801920417136,0.9180989288605081,0.6982763563182063,0.7822037978659009,0.7715819837546406,0.6825247116411747,1.0,0.625706236079468,0.7723929900223835,0.7465216940104749,0.7948193015475913,0.6857305279334533,0.7908055532222953,0.8700543472393084,0.6605870128705359,0.7650853035655012,0.7959222842848629,0.771314503276365,0.8014308815821596,0.650588183899754,0.6955212386580037,0.6064062868229684,0.7606410749901222,0.667613795739701,0.5498625212867118,0.7279891278347413,0.6350817596848991,0.7728735347052522,0.7094344230155188,0.8843100550858484,0.6048802464285581,0.736132400423103,0.795815276291664,0.6995674056958925,0.7221464761415254,0.6400694006121151,0.8145703834364665,0.7233504524505894,0.6244023851216152,0.5830419346944044,0.7677109381408785,0.8995605172303192,0.7270849388062052,0.020031411362503675,0.8785343014086858,0.9067429991236198,0.652954284512586,0.8897454418139213,0.697273155522396,0.836076890632444,0.3012901119204332,0.48542714201171727,0.738933757790604,0.361478154931511,0.8130479201155639,0.6872384292430543,0.5742201085766369,0.5760603434305797,0.6705923520578932,0.5523370859159594,0.7417927314935726,0.6744835767177341,0.6525070453595759,0.7243231110093263,0.724939368754919,0.5906736133741473,0.6627418472648011,0.5253766250100637,0.7874610271860877,0.6038475837858466,0.7282648327573785,0.5215377633545722,0.706252045177867,0.58894605418949,0.6350961389180438,0.7579561382831796,0.42080214642436037,0.5598316644618452,0.6075933583361565,0.6785816875298312,0.6539197149048519,0.7523232288738781,0.6059262505113475,0.8027114850359597,0.1683305581761693,0.6573202543311444,0.7319032132960362,0.8457751332241429,0.6687969261984502,0.6353382719825754,0.6369418344179815,0.7249258749367188,0.6668028316241518,0.6857555199175693,0.6155218992888196,0.6002341754000695,0.7625681663346814
000876.SZ,0.842969432984224,0.5564031855517336,0.8653601139213696,0.8844494250398104,0.9372464712184816,0.6910628309240558,0.7112355690352888,0.7192674484994178,0.8229620604858513,0.9085174581858374,0.9413004164676183,0.625706236079468,1.0,0.6307294704231178,0.7795466894589174,0.8308984073266222,0.8495199256596112,0.8703337387205679,0.6137699279194309,0.8789952751358516,0.886537001823258,0.8483220748271849,0.82808723103894,0.8408879151083203,0.9608215711285079,0.9470046430844699,0.9443207013519056,0.8254677851289646,0.8681762796804938,0.5751572919469262,0.8678729884967903,0.865180675403936,0.869273442259098,0.8581546023293841,0.7786375268340727,0.9303375890266871,0.8790352795288129,0.8665698275745917,0.6765388738496498,0.8525241872860669,0.9306239687456955,0.7526775321981359,0.719049512919414,0.8910387472248495,0.9288415574756156,0.8155825397467482,0.7038868042604856,0.9305633897205885,-0.20679925235743513,0.7370106633460457,0.659005465527248,0.8806765551544137,0.7524841957792189,0.9162817864316256,0.6223915299178366,0.5490686480722838,0.7251648764633045,0.9355764191203079,0.11389131978392997,0.8175589248604517,0.8531325185313614,0.7750890723891976,0.7388157355339278,0.9033505204417073,0.7460588714149106,0.7803730629113077,0.8326094329429142,0.8459916160955291,0.9062432962339938,0.9077355611036054,0.8054391473428312,0.8478663209196559,0.6941952895018422,0.8780276155260518,0.7434066840812007,0.8976407345910521,0.6634942076332219,0.894344242622431,0.8627748791753391,0.9229945456405164,0.8218920151147803,0.5661012078020103,0.8423260804360267,0.923751389018813,0.8745861036583955,0.9557852126395295,0.889690897078666,0.7599283347519762,0.882934761660234,-0.08784960118155961,0.9445433817888458,0.9124639946275671,0.6555328025578593,0.9248941216679568,0.909757617018457,0.6804367777529664,0.87520147963494,0.8199959371156491,0.9077426448257021,0.8518469465126493,0.6289515982868354,0.9160508332363024
000963.SZ,0.6006744852802316,0.5410306257466685,0.6690282632727523,0.8131815833317565,0.6568155779288221,0.7631045174203481,0.7675085993369657,0.6878091751636455,0.7722448038037811,0.7573042041841749,0.6513143520539609,0.7723929900223835,0.6307294704231178,1.0,0.8903051130881456,0.7627124423553671,0.7103701110722498,0.7673113679750404,0.7461989876706623,0.7093632982276818,0.6487253483218427,0.8269032954291129,0.8355336803216223,0.7436341376052682,0.6416091230307658,0.6933196353129693,0.6124533886821597,0.8142092371815822,0.6380468785166555,0.5881156325464473,0.695437152457162,0.6087083445743836,0.7145228194184353,0.7045671731805939,0.7478751666517662,0.6009787935996512,0.7084750110193699,0.6831025339385031,0.7487930747496363,0.6931117182661023,0.6468083859187979,0.9208191870711161,0.5636702064010608,0.6708930694148453,0.5745509078133664,0.874818957653627,0.841761249723937,0.7131060457076153,0.1974314946316331,0.8515201510268873,0.8863137790668402,0.6389425375025302,0.8159448308271885,0.690694772998497,0.9172483376547528,0.32729230212726557,0.5164357706556242,0.7156050900642774,0.6669368785220905,0.8649622100302065,0.6505626683524613,0.5378019290114318,0.6338805900553692,0.6541805427938058,0.6027218427305198,0.6702989581966302,0.6232595012184236,0.6231932147712216,0.7416019076995465,0.6939558615474274,0.5143788008375412,0.6229541627119053,0.534282119760901,0.7188144511388369,0.585361914721574,0.6883047317397878,0.5455083214843935,0.6792161546378713,0.6231928719544416,0.5923892922105426,0.6691044056778029,0.5543507402225772,0.6465546610164985,0.5923866920280134,0.7103141778037599,0.6545926275366045,0.7617930912984762,0.553479396068965,0.7850993143448023,0.47823856945633797,0.6724221046003721,0.713440444304816,0.6762817688535908,0.6566394520796502,0.6778572312129026,0.6116624502537172,0.7286866742963154,0.6444622116497393,0.6945612638473523,0.5587316515721612,0.5772876393226803,0.7729249277674679
002007.SZ,0.7684648784045645,0.6104720360794147,0.80714285810735,0.8788927144989772,0.8027348862460874,0.7219005609166946,0.7961793735637158,0.7172440179121335,0.8245557050405532,0.8439791776685691,0.7880972563556615,0.7465216940104749,0.7795466894589174,0.8903051130881456,1.0,0.7759606554388143,0.8699253219372937,0.8190681363432327,0.7572771418709731,0.8361701167735234,0.7581059092016774,0.9044212976544476,0.9033501047098879,0.7430241668244206,0.8082371541902162,0.8387604004661772,0.8068971598813984,0.930530916240741,0.8165729088898829,0.6152723333452114,0.8377712474305405,0.8103632191368931,0.8527620361900395,0.8695054327921476,0.823625884948984,0.7626751048972024,0.7954446184671121,0.8071439990465289,0.7656088055875375,0.7988631202405095,0.8157327591613659,0.9028849125944071,0.62439155443215,0.8681669843799251,0.7296134168531959,0.9618984827022213,0.8268555312616047,0.8549709038078013,-0.001468530895514945,0.836062744544361,0.8335025635429517,0.8283530958012405,0.816202661400515,0.8411122071226188,0.8121701322743474,0.48289904957955354,0.6894043245988556,0.8281106343759475,0.47069131758108557,0.8993503071371287,0.8097167851729595,0.7115582163652739,0.7715993370103454,0.8087394294892108,0.7782491244668576,0.7853010741256007,0.7930441449796467,0.8023895006096903,0.900103327140906,0.816467963135899,0.7176053608911244,0.7911047504785147,0.7064622736059802,0.8203804580877443,0.7357496936422021,0.841276658007947,0.6893334378414969,0.7945626617478586,0.8223697624656641,0.7738648077230229,0.7186661101701178,0.7037183967658951,0.8499729471031022,0.7602713503469168,0.877063244742638,0.812192529426595,0.9100466252625891,0.7259424529368413,0.8806173163115373,0.2625562352750571,0.8208250685532757,0.8358970558558111,0.7218660258794904,0.8034036766788145,0.846844709151223,0.7103868486248112,0.87690744602917,0.8147174468081531,0.834842786181471,0.7517350512563375,0.680192425943741,0.8862343771681654
002027.SZ,0.7267543978818543,0.49064673807488135,0.76056967959076,0.9076540998508373,0.8253006937128906,0.8435522377126211,0.876277898136646,0.8519496232442839,0.8966399241149342,0.8895089708121117,0.8445152340765251,0.7948193015475913,0.8308984073266222,0.7627124423553671,0.7759606554388143,1.0,0.7308243923268914,0.9382430796103938,0.8034375194580027,0.8482945331651998,0.8457287686072076,0.8586412829309173,0.8803010137320054,0.8827913364228968,0.8153042492988473,0.856740298614008,0.7616540841325589,0.824300960264361,0.7134935392191711,0.6356905637110041,0.7805078159726816,0.7022246105067254,0.7837365588023029,0.7483279196104311,0.7909451189676046,0.7899496548686956,0.8470452815010518,0.8247955927572349,0.689825143917291,0.8220875647564395,0.778417947831758,0.8753314305869654,0.8289118915005323,0.7209324617862513,0.7955634956717179,0.7891904972566124,0.7628983852649113,0.8294532674107594,0.06712531349041263,0.9107740618967531,0.8058307153606892,0.729931742251742,0.8754916048587669,0.8467312297457067,0.8501668019454952,0.536607633796948,0.6454925576088723,0.8742061689156367,0.3817948751030547,0.8345572824889379,0.7344081413999187,0.6488262109219634,0.6378301608954925,0.8209391983458888,0.5596768046456639,0.6836600643601174,0.6902359161666575,0.7102090954132284,0.8111899863419726,0.8380216472252164,0.5849092937778254,0.7140823142655313,0.5517515086593002,0.8318429072400585,0.5954229976327482,0.7967621742316283,0.5258923107547013,0.8305578657533418,0.6767908115840435,0.7540921824038955,0.8512342989444531,0.4353860097983791,0.648568310639808,0.7785823780311238,0.7684624310063012,0.8217601215236993,0.8022043821744241,0.6125530233921435,0.8564252906136801,0.1610232922508353,0.8355118936661778,0.867254371208364,0.7899711968441907,0.8073513124979143,0.7609261698555169,0.5926257766094809,0.7610503220425479,0.6930051186401274,0.7968923530507613,0.6730739992376908,0.5844768433242379,0.8689652367931558
002230.SZ,0.8557839847488418,0.5623413733447183,0.8559816767629246,0.8638034812466232,0.8732297550570917,0.6276371591906521,0.735561539978185,0.6512939844232494,0.7957625107409031,0.9005347370113692,0.8557595371203962,0.6857305279334533,0.8495199256596112,0.7103701110722498,0.8699253219372937,0.7308243923268914,1.0,0.790091110411407,0.7108648444698705,0.8909288928122784,0.773081800526835,0.8490415017151913,0.877652582940478,0.7234908422497316,0.8966823880285487,0.868889525617555,0.8895380998818201,0.9036643697550941,0.9043044606167342,0.6531155144973112,0.9285486230539691,0.9199926795403591,0.9152897979742622,0.8911377226113922,0.8101988885744263,0.8522664290522978,0.8142076386793677,0.8662401387602693,0.6910173501788294,0.911808163796473,0.926421139755539,0.7886447774263944,0.609519161317179,0.9492540363787678,0.8122967771049397,0.9251434323208141,0.7495065680686929,0.9039507392610949,-0.13252279426366942,0.7318316436699654,0.7420497841554975,0.8587733256013866,0.7219861537529404,0.9057893132717728,0.652901227525181,0.5023901973134767,0.8342313595705909,0.867875104296319,0.24923527522329136,0.873476743427438,0.9178402378725719,0.7506282784790993,0.8501944936225181,0.8568573597900655,0.8032354145264261,0.775920237458597,0.8856251901573499,0.9028234621785236,0.9376734857718296,0.8616178674327667,0.8272594499758527,0.8867114442321605,0.7563764782250842,0.8523207384615629,0.7824775760636266,0.8911339817077342,0.7293784597784373,0.8390598884688764,0.9619036895874541,0.8856690991806203,0.7076439472810235,0.6764629019347167,0.9439540340940061,0.8464624832642155,0.9266835125167336,0.8824677808343644,0.9468432766025155,0.8083809128890902,0.9140013214159293,0.0219466766193299,0.8842520015679552,0.8914368468044107,0.6895767003775997,0.8685297347755725,0.954424428696116,0.7288696917600183,0.9156495960348817,0.8891845615011365,0.9379837809495087,0.870566887998467,0.7446015256169147,0.9008558200495417
002241.SZ,0.7856350964123785,0.530649845832219,0.8273466376233873,0.9587034895616577,0.8890270991473503,0.8478066944713696,0.853583436553799,0.846966014320071,0.9301411956081109,0.9402621033187418,0.9206038767645697,0.7908055532222953,0.8703337387205679,0.7673113679750404,0.8190681363432327,0.9382430796103938,0.790091110411407,1.0,0.7866982920466272,0.9008627553229099,0.9096624017648122,0.8783865767804158,0.9012977900634858,0.9064367115871423,0.8925006628786831,0.9173547581651507,0.8234393073787493,0.8695512184232667,0.7855502395172578,0.6812121221113618,0.827868298737024,0.7710088515824008,0.855278115615314,0.8252838660865588,0.8499300356371751,0.8352764254399219,0.8808929259122683,0.865770436624932,0.708818028962253,0.8633289053778063,0.8371193157222999,0.900387428628037,0.8221017526045924,0.7987811669012643,0.8369550450713058,0.8211223862637693,0.8223778484156137,0.8972896740379478,0.022534935533098783,0.9282475022466817,0.802768376670803,0.793047128401417,0.8940313982882507,0.8839221535315507,0.8172877431470059,0.5167847112894903,0.7203495803166046,0.9238450425149457,0.31408049270302424,0.8716797775304794,0.785221171007536,0.7181766956529443,0.6884436755342903,0.8901574462373313,0.6186280784187201,0.7313058713995586,0.7559182395626832,0.7765204133471856,0.8802443387242244,0.8825639002315473,0.6390033759700292,0.7653434204665643,0.6125958135368549,0.8864738352635992,0.6546551964517356,0.8623135511514834,0.5707427708763257,0.885760533528886,0.7402615714023595,0.8349488483287599,0.8866495791657151,0.4704886255362312,0.7221272878875746,0.8333198597913719,0.840012299210397,0.8947279412986551,0.8679548580284918,0.6658638571795772,0.9277204515070756,0.13273447417735468,0.9126394363045783,0.9280029433662725,0.80160072130885,0.8877497364827716,0.8360018752549593,0.6312849505371388,0.8357672253099225,0.7511463988209205,0.8656745061695273,0.7431216014297032,0.6180789253419288,0.9387248323750607
002304.SZ,0.5873447746007356,0.3645537262339797,0.6117904460442539,0.8245512239666207,0.6597315688221871,0.683311209565754,0.938202211411213,0.6734247341210553,0.8103979419183104,0.7687189753960522,0.6731904208682106,0.8700543472393084,0.6137699279194309,0.7461989876706623,0.7572771418709731,0.8034375194580027,0.7108648444698705,0.7866982920466272,1.0,0.740484437026863,0.7084733469845421,0.7849314249986019,0.8186891260531771,0.733776383924154,0.6425005430739645,0.703751105103395,0.6067130774213236,0.8387774114458818,0.6122901692055144,0.6544601967466317,0.6927036906688174,0.612325448766507,0.7165243111439187,0.6526766997175156,0.7327243558286588,0.5757025250115289,0.6565318463323332,0.6987292821719445,0.5715669617300186,0.7464182668407853,0.6554717306911014,0.8174102245604736,0.6107501558131683,0.6468511143615033,0.5623938532424115,0.753095383285593,0.7650717514230356,0.6975222176246101,0.031243708200359297,0.8389728797426458,0.8475727918756962,0.6319096602245543,0.7843608657743184,0.7161406229731901,0.7693715254625059,0.3120044109699856,0.6323169438272112,0.6951952698217925,0.35396446294026473,0.8342056477634411,0.6600706110085834,0.5191429247232914,0.5516685666577082,0.66402138688346,0.48193776841557723,0.6717708630979775,0.6044581962958698,0.6096145141649258,0.7104257323278119,0.6668624733809295,0.4538203203319487,0.5904538506245898,0.43141039744375953,0.6990935016540233,0.4788855875161713,0.6885176250099069,0.41407851828148995,0.6546014341624166,0.620323927983098,0.6012819452844839,0.6382505106932059,0.35002865794496,0.5889768815813105,0.5518377124385526,0.682752318659133,0.6468605626247618,0.7332266296480099,0.49837129484820736,0.7708554986803987,0.12630640443967886,0.6567964148790553,0.7558016782094475,0.8545684534215904,0.630672068481066,0.6680192525743408,0.485699649007928,0.685741237082286,0.5967205867840386,0.7117741710968007,0.5525944505742971,0.5847662684333759,0.7553858972824129
002460.SZ,0.808909772325075,0.4439020475270994,0.8298190144066252,0.9123119613733831,0.8932452314766112,0.6891201816929123,0.7561684501576605,0.745800902533523,0.8848847135701523,0.9270586865542999,0.9165648564828089,0.6605870128705359,0.8789952751358516,0.7093632982276818,0.8361701167735234,0.8482945331651998,0.8909288928122784,0.9008627553229099,0.740484437026863,1.0,0.8390476003508761,0.8756912535690757,0.9270615018628184,0.8104138789310736,0.9152903464115926,0.908569069459168,0.8683910952871821,0.9029120665459199,0.8364863175444439,0.7560591644531175,0.8650494999492425,0.8517494364398579,0.8951813391722164,0.8564074812237169,0.7703543594136232,0.8711741812061929,0.8101582018144519,0.851188193248202,0.6454380711186779,0.8745503936042772,0.8879996973799994,0.8435922522080679,0.7239907120215211,0.9213233836670797,0.8595232178034212,0.8574532743490941,0.7398892083868978,0.9276359801757063,-0.053720598577686574,0.8080839649815248,0.7038601388004517,0.8123452383200749,0.7685345901854416,0.9319023203612834,0.6942133396724598,0.5707053368553184,0.8904934140902601,0.8981540631810444,0.24771768229667437,0.8615073454628023,0.8251361542075385,0.7148064978253935,0.758804410645414,0.9154843866876279,0.6849926146961138,0.697744487968678,0.7866300681701737,0.8228094872471536,0.928504788844727,0.8661159322925989,0.696217525656258,0.7886340961536767,0.6492957947803452,0.8497633544500632,0.6561037494509047,0.8793454637373118,0.593702614621566,0.8780938891913173,0.8795479217504559,0.8798741658476402,0.8033008638871273,0.5384732414477323,0.8693176214011177,0.8402225029740545,0.9064735076833422,0.9069702217820733,0.9158880037146755,0.6889696523317888,0.9109439096487554,0.04063134391261939,0.9237763624318335,0.9192741268942629,0.7510322915219487,0.8887615015305509,0.9334180804355584,0.5968494810916788,0.8758921733255027,0.7941791718565859,0.9415933273784322,0.7816088862306921,0.6763714889449223,0.9493597150094738
