,000001.SZ,000002.SZ,000069.SZ,000157.SZ,000166.SZ,000338.SZ,000568.SZ,000625.SZ,000725.SZ,000768.SZ,000776.SZ,000858.SZ,000876.SZ,000963.SZ,002007.SZ,002027.SZ,002230.SZ,002241.SZ,002304.SZ,002460.SZ,002475.SZ,002555.SZ,002594.SZ,002714.SZ,002736.SZ,300033.SZ,300059.SZ,300122.SZ,600000.SH,600011.SH,600015.SH,600016.SH,600018.SH,600019.SH,600028.SH,600029.SH,600031.SH,600036.SH,600048.SH,600050.SH,600061.SH,600085.SH,600104.SH,600111.SH,600115.SH,600196.SH,600276.SH,600362.SH,600406.SH,600436.SH,600519.SH,600570.SH,600585.SH,600588.SH,600660.SH,600741.SH,600795.SH,600837.SH,600886.SH,600887.SH,600926.SH,601006.SH,601009.SH,601021.SH,601088.SH,601155.SH,601166.SH,601169.SH,601186.SH,601211.SH,601225.SH,601229.SH,601288.SH,601318.SH,601328.SH,601336.SH,601398.SH,601601.SH,601618.SH,601628.SH,601633.SH,601668.SH,601669.SH,601688.SH,601766.SH,601788.SH,601800.SH,601818.SH,601857.SH,601877.SH,601878.SH,601881.SH,601888.SH,601901.SH,601919.SH,601939.SH,601985.SH,601988.SH,601989.SH,601998.SH,603833.SH,603993.SH
000001.SZ,1.0,0.8589328720126197,0.8543789820359149,0.8157465133502408,0.8531121239895376,0.7103720709356763,0.3225088052684633,0.7924422384315232,0.8525374621958309,0.47192790521043176,0.8667155903151628,0.29012540661086655,-0.5552470726543172,0.8027155169452188,0.47459565780763907,0.7584212984293841,0.7195726352818937,0.0951657470041094,0.8006344365454711,0.7196496149299949,0.11154420001691406,0.7204949292896616,0.6818234959020099,-0.47353661860478363,0.8729239825498301,0.8447016405028314,0.903088089041391,0.5810356748320021,0.9470897828507033,-0.38765124658053046,0.9381657816979679,0.8849480421146131,0.7255977120054017,0.6520905452245283,0.9101111753447237,0.8785203191809399,0.47592421989688266,0.93640922636113,0.7189726872308636,0.8560059070499467,0.5621077614466435,0.42643043572447276,0.8526610072347682,0.7914890815645284,0.8491921663354679,0.8594386735865397,-0.07436162730026367,0.659277195018363,0.48914426399382943,0.6209225411856335,0.356633667776373,0.6956199539661373,0.6193040897736201,0.22991286707057348,0.7659873097593212,0.1608401613077193,0.6620169161518733,0.8725024798814199,0.3089891487911021,-0.002588581636690327,0.9006242367955979,0.8148641549243866,0.9539139202432371,0.8576858142582543,0.7931054206308935,0.6723780843917605,0.9520230556562912,0.8865744221707096,0.8032411493826692,0.8010616913921442,0.7506772472371649,0.8257865439513573,0.886245976138723,0.6457649675884826,0.9465969352065428,0.8823335276873016,0.8986505625345819,0.916716209921047,0.7801254181588194,0.62679341216095,-0.3019169444187662,0.8436077036413941,0.7838091807496214,0.9145090255701488,0.847358921463406,0.9003078769091327,0.11994482250471589,0.8798215292718051,0.8936055712254317,0.7658918101980526,0.7496024389196002,0.8263343283482255,0.1945019532246409,0.6218699619243399,0.8337463636756542,0.8740181790787173,0.779418166848841,0.9349700070459953,0.40542952900477863,0.9245137904320994,0.7204922148566012,0.5275075134107957
000002.SZ,0.8589328720126197,1.0,0.8553857771132991,0.7488508944996518,0.8116924745811988,0.7312555613877608,0.3049016970236132,0.7530540913591444,0.8779740638840159,0.44779311763463586,0.840838898890487,0.22465942020411656,-0.5635392039979191,0.8432784220873756,0.3865423282778717,0.7818892582042453,0.7571645919822302,-0.038584075714166464,0.8451966857279222,0.7566977722167398,-0.05783340086659511,0.6955790405102444,0.7756777829108205,-0.46563386500903897,0.83189082813978,0.746944796275681,0.8208827520237251,0.4884631776013811,0.86528192389114,-0.46760786427124734,0.8702376939566885,0.8006194926612883,0.63232300664433,0.5856693528966381,0.8219117640529968,0.780779812529781,0.494019691822922,0.8222689909118085,0.7797284751709544,0.7780989494629118,0.594143928444932,0.5147179669256564,0.7104965939263593,0.6949494856405757,0.7494725647836974,0.8565630312551362,-0.11874419736461554,0.6245915365864233,0.48504347605914994,0.6607204331005244,0.26382639037681815,0.5483454936841032,0.6382370519997332,0.09160523033913621,0.6890720647453303,0.16602494355049133,0.7587410524180834,0.7923167474294813,0.2503703303129407,-0.060521493868008085,0.8094134420569706,0.8330490236501067,0.8699146666261403,0.7942252744453446,0.8195903920652053,0.6622143406087363,0.8257514746757838,0.7977098489792304,0.8052238713729842,0.7111284734211957,0.7299146877176876,0.8773001546651922,0.8402428962503573,0.4975680315443951,0.8730926246828871,0.7593908496372664,0.8506952466726037,0.8287655784310758,0.7050110212675262,0.48996412641176895,-0.42252533770477513,0.8596293588844128,0.7033976094355543,0.8561579457749146,0.7898918575192941,0.8617951191655382,0.0676897930878152,0.7489098698638688,0.8376433947241274,0.6971001504235458,0.7809783733178893,0.7895811988759873,0.19507517507369135,0.6944662531677236,0.7846895222027003,0.8090771270923464,0.6826453129463589,0.8966061623385267,0.322034189671081,0.8177292843249494,0.7939497154879754,0.5201376994763921
000069.SZ,0.8543789820359149,0.8553857771132991,1.0,0.8231889670009117,0.814985353774692,0.7128610935919144,0.41415612835896115,0.745059005984882,0.750142104860716,0.33368467742116775,0.8476699764648917,0.3427507711513085,-0.59111727832482,0.6909045793405864,0.5020662659461623,0.6498271097832343,0.7512040664040988,-0.07068122288166101,0.7515696582894233,0.6845455040616496,0.003332911031628902,0.6929103998342243,0.6652143051132337,-0.45177083903626025,0.807958383996649,0.748888531488468,0.7945280937473184,0.5549096298475281,0.815873527987755,-0.5025645001323817,0.8576115538261689,0.802763043884766,0.5563504533809981,0.7560126216690244,0.8918792594176849,0.8651635218271393,0.5586722357970374,0.7744421155740868,0.8815840051024978,0.7893538456858226,0.6522747255284876,0.5072510394049045,0.7940623284598733,0.7401740157096214,0.854725192202972,0.7592899884460714,-0.06940841149144275,0.7341706868816616,0.3910072807238865,0.6385346819756434,0.40970355745834514,0.6006647128227621,0.751093069887455,0.13614195987130068,0.7796442966650755,0.22315833438910962,0.5988653778092293,0.841228899621724,0.4116590130844438,0.13444505925755704,0.823202229730949,0.7289196672401766,0.8676881981717594,0.8547179826719692,0.8708362515773014,0.8256521938577145,0.8159513958580887,0.7968795860302792,0.7953972287689481,0.7732737510591621,0.8763241886327603,0.6891555791086948,0.8111075752618847,0.5375289860971254,0.8676735265548198,0.8063563170072462,0.7659811656972576,0.8273097188187806,0.8181547183250797,0.5807272703505394,-0.370559080954545,0.9292731523367209,0.8067991983243216,0.8574712198687583,0.81387995978873,0.8586486343058802,0.1862128134970281,0.8044688472106384,0.8198371647122401,0.7396604593274582,0.7148977535922278,0.7249186594747391,0.23948969831618908,0.6928019008631616,0.8329986011140796,0.7324466844602919,0.6468392821953366,0.8415279020805824,0.25223063024450143,0.7789591370868568,0.7125900392585187,0.5821640669983326
000157.SZ,0.8157465133502408,0.7488508944996518,0.8231889670009117,1.0,0.6566821359169001,0.7611735415795929,0.2263081986270449,0.8981713295528856,0.6567402698369632,0.24178206950198133,0.7135544585346058,0.1768368742587484,-0.6947395930148786,0.5972968496501355,0.4764298644937068,0.6583288128826866,0.6971842539629395,-0.04299385624414564,0.6948857565663706,0.6457428333401544,0.0049567100736941485,0.7017906924308482,0.6456946963302728,-0.6035688578201718,0.6537379353293652,0.6750807622672176,0.7176599401220525,0.702836454089021,0.7808824389509702,-0.6451424916837047,0.7535585896211501,0.6791994838195091,0.4327380801906214,0.5911205098425368,0.7502618391976337,0.8092939120705499,0.6512773092767704,0.7609324257375382,0.6738456678319822,0.7232984759011942,0.485846705024578,0.48482435811087177,0.8250406356627892,0.6256939525767694,0.8748920772662522,0.6952285056589883,-0.1876029505795098,0.7090179333430409,0.37420382755218484,0.653652441330331,0.24845855948550213,0.5538278164061552,0.7055833334450038,0.045420566786241845,0.7745307441899801,0.12467942314869329,0.43020372172315174,0.725466957577024,0.2746111164537331,-0.10478686772576216,0.7819272864762142,0.6966094809285729,0.8002929806656461,0.7390283552820281,0.6583524514408668,0.7344773746524006,0.7918501786600656,0.666734659941234,0.6711317164646822,0.6284962624563765,0.6604656236971559,0.638067582916427,0.7488211614887371,0.4095368641251184,0.7698739707337565,0.7054741186911068,0.6760850208471937,0.7966205799687839,0.620213718912479,0.549024896521971,-0.3638960216730523,0.7419663070469413,0.6435667334963678,0.7450573709150862,0.6186591663027292,0.7352198575587284,-0.04962142329960526,0.8354874941650233,0.6893521320462194,0.7920824196143457,0.6908911576080142,0.5807964255284943,0.3137205121691545,0.6123760305284566,0.7593483604562014,0.6086143752186873,0.5923963807571727,0.7078377975750585,0.11667898563753741,0.737821532960007,0.6666320219235089,0.5587491845730237
000166.SZ,0.8531121239895376,0.8116924745811988,0.814985353774692,0.6566821359169001,1.0,0.6167321261427939,0.5900018320650559,0.6325984906496985,0.7723096878184412,0.5908140022327929,0.9650727905075178,0.5381141451910554,-0.3961664410370009,0.8221214545470225,0.45382720033971885,0.7143648085850193,0.6953749280967162,0.1431311462620373,0.7556140968360759,0.6679896135501484,0.1814796087798222,0.5666183692976926,0.6938943937776735,-0.29137859821039475,0.9820881633153973,0.8351313759935016,0.926442672731499,0.4526660506756816,0.8931854876101144,-0.28600915370330116,0.9257853610067318,0.907057006442083,0.7621112632949725,0.6885485351722501,0.9085863011479836,0.863776023738347,0.4569547888508129,0.8109929749517102,0.7801683543106273,0.8639978105533404,0.7297177170601166,0.43305220285898316,0.7025031373424646,0.764447283866088,0.7904733742348707,0.8020299533446676,0.0006649577304774964,0.6248603477765569,0.41461119486366504,0.5846702861904077,0.4951038079214439,0.6946974742506998,0.5736332539460663,0.28317941874622016,0.7612095498147832,0.297950194506619,0.7472717969011917,0.9474925794720361,0.5066745049309406,0.1633831519639741,0.7999859146012769,0.7628955656846012,0.8645550597148324,0.8729120993793605,0.8485685135880142,0.6377732423719941,0.8259572401260442,0.9173606698342938,0.8253528364827604,0.9338507237126028,0.7453347084168175,0.7749933148572331,0.7793934388629818,0.7070171425376987,0.8969758032021827,0.9088497291305869,0.809676581220952,0.8807738840956502,0.8870742161624111,0.6550774374479241,-0.2488259442567914,0.8365761763616281,0.8764552785424381,0.9468478481476633,0.9550112980040201,0.9618120714138421,0.37431277761516646,0.7356385598826974,0.8921212274497385,0.6848718066773912,0.7341737013272719,0.9238146902698426,0.11148056917572031,0.6449663112738935,0.7858897525136079,0.823421936582771,0.7676573472640594,0.9112372153241014,0.545311223358146,0.8563601711438427,0.6589604348824628,0.48839318797927045
000338.SZ,0.7103720709356763,0.7312555613877608,0.7128610935919144,0.7611735415795929,0.6167321261427939,1.0,0.35968971398595934,0.6709715592167901,0.6678678776273815,0.32399717948814727,0.6759010077349514,0.23953607748340253,-0.6670913099540287,0.6450831156147573,0.5159476778352151,0.6554543724766471,0.712903022856639,-0.10750702870158306,0.6772971068534787,0.7652941807801178,0.06977347378146076,0.7956124909772827,0.6840096975658677,-0.5423741957850887,0.6467666786598031,0.6130278605526661,0.6997818083328596,0.6670641588998015,0.6602714598248479,-0.6564195969538072,0.652506783596509,0.5876648133271895,0.3591449243086293,0.48043191397822654,0.6748790406747859,0.7350948262883947,0.7513147165534751,0.7223967987269614,0.59410014567203,0.6314655736561777,0.5721209083458442,0.6570666822844994,0.5679805650256972,0.7279751532177251,0.7554363413260273,0.7158175529368171,-0.1600607381746079,0.7706970631301807,0.3809985471850305,0.7978972108193217,0.29642621487771253,0.42239217609966545,0.7243298955471061,-0.016616407903120644,0.6797652313491369,0.2715781081736609,0.44791079156435837,0.7065417559134147,0.4178979912046679,0.04570392168401469,0.6359611109729363,0.6152021588851696,0.6852022437302773,0.6748477717632557,0.7120791933980976,0.5882144859266918,0.6560616209448548,0.5317885731222101,0.5660538147749836,0.605413926959671,0.665830281342446,0.6174598221324382,0.7010353607873193,0.319183686588582,0.6677589981258439,0.7046075860813025,0.5516294614860787,0.704598177162835,0.5839071090285436,0.4256727235494651,-0.5562358089674935,0.6973550329034203,0.5763214447777575,0.7674773218027275,0.5568268674567234,0.7432089140294491,-0.1952667161874202,0.5989250907225688,0.6461455563978132,0.6964963585855187,0.7080462292838976,0.5949854828601051,0.29751734280661035,0.7079670745861875,0.7044229894228109,0.5380768831693661,0.4810029766078045,0.676097866456939,0.05011269202988883,0.5933834430324592,0.6955871908376466,0.7727534926586496
000568.SZ,0.3225088052684633,0.3049016970236132,0.41415612835896115,0.2263081986270449,0.5900018320650559,0.35968971398595934,1.0,0.1470992150944376,0.15265292504494804,0.3047951017342982,0.5563684304891942,0.8562064668186018,0.08167502713665428,0.38412526514187856,0.2942424244976828,0.20884708074659097,0.2209424721878804,-0.019470495328169066,0.3680780337297142,0.2590688883593586,0.18287971597133235,0.2076764803971253,0.35321703814112276,0.2826966317032551,0.5905138993452291,0.306472702213461,0.43814061521059405,0.035005757734418635,0.29830638881381616,-0.17649726895248596,0.4285879773489161,0.4349298699033732,0.31284940294571956,0.349373543192573,0.477176220874269,0.5363875008208199,0.34685324429981623,0.2359195642261822,0.39386375510910104,0.34069298001201,0.7664448854841175,0.2901093869146817,0.21239474005793094,0.528677623784162,0.5205094528737537,0.29347427451753144,0.3190079351900153,0.4357291469911644,0.04713159899235476,0.3216951204541354,0.7054072886257793,0.19803433454758554,0.4234537824990858,-0.029133402929582577,0.43969326676078513,0.4304728274276233,0.3389145664797011,0.5795101956591227,0.7037979677167853,0.5538814601884711,0.2086457101726357,0.3048454269967184,0.31355756308516,0.6017107788869014,0.6307601311442841,0.2972433930379454,0.23223683587334656,0.354042583448502,0.3061358162900375,0.6083458380077124,0.5485746988773942,0.3109629092351637,0.3331354666892772,0.41359151972861086,0.37595431089277526,0.5085420586366841,0.2954406817373744,0.3938031555300057,0.5798303109376279,0.31315868900666427,-0.0694531890182728,0.4186060048554318,0.5534203334903297,0.5641637980345677,0.5531146042420145,0.5612602553116602,0.2553462048725809,0.16826341639006073,0.41448680765590296,0.2456060224625222,0.2439114691453695,0.4984670195621514,0.07187041252084077,0.42428162291606025,0.34603380702384273,0.32697100807503626,0.24711471731637316,0.44130237116555343,0.2669406484691136,0.3007163819183734,0.3197512734080694,0.4248170744995854
000625.SZ,0.7924422384315232,0.7530540913591444,0.745059005984882,0.8981713295528856,0.6325984906496985,0.6709715592167901,0.1470992150944376,1.0,0.6696924216558925,0.20799675226485626,0.6891554773381571,0.06389287339951004,-0.6775900427151244,0.6240321137138963,0.398617998618705,0.7702943915192008,0.6267752971354159,-0.16925590267099397,0.7658090580804542,0.6669865003223651,-0.14641671358126765,0.6388000459680933,0.7193907330956041,-0.6083455569496897,0.6298028017812259,0.6113638706962502,0.693633208673243,0.6218975862176019,0.7720556294558056,-0.5920603096438478,0.7285477212776597,0.6679249974323128,0.42749469865265083,0.4720319924824092,0.7152914566972459,0.7270344428529546,0.5471633505707046,0.7953932430790115,0.5648527114540277,0.7073451849841632,0.48575465761135,0.4423691008676011,0.8196345688033374,0.5856220720677289,0.76879536362925,0.7025227965275871,-0.17634088080060625,0.6149409842998732,0.38019281655568266,0.6073271266425653,0.11026015487580716,0.48230849711000884,0.6107362515449314,-0.02857330243639561,0.705368182613018,0.05187010182266738,0.5097049856582969,0.681578459785379,0.16635148829705818,-0.21964014865707138,0.761078957145037,0.7880283607214472,0.7680317108640828,0.7067897527998087,0.6134963173115621,0.6492179474497392,0.786364228468035,0.653059196702512,0.6480336956531673,0.5640652836157835,0.5748233316197734,0.7079412527495007,0.7560456225061819,0.38477592623709816,0.786594484392564,0.6426745291315493,0.7591843376663868,0.7901328264841981,0.5135733925598015,0.47830094433621534,-0.3434762882999502,0.6931550776719745,0.5654930371444956,0.715217283278538,0.5908022368744726,0.7124641381402564,-0.12783242230463632,0.7458676287233138,0.6383502648414955,0.8061914403522675,0.7265681528753976,0.5992361306846241,0.2814059270078924,0.6164901234208059,0.6787660604535249,0.664115132097735,0.5839370350921321,0.714306245820687,0.09975454726142867,0.7527019917015364,0.7053737231870593,0.4730562335193255
000725.SZ,0.8525374621958309,0.8779740638840159,0.750142104860716,0.6567402698369632,0.7723096878184412,0.6678678776273815,0.15265292504494804,0.6696924216558925,1.0,0.5434466801789467,0.7968307376661193,0.16734622906935911,-0.5843255427280082,0.8095418788627339,0.3863126562704224,0.7754251453050935,0.797686559827833,0.12781990247116576,0.8286741678150569,0.8197506665078661,0.03319591345684033,0.7505213111935153,0.7016955170322658,-0.5795283115295831,0.7907770580499167,0.750167532735818,0.8046925692355801,0.4960406018495671,0.8501899131780554,-0.3569844723989209,0.8488632243554873,0.7759059505751941,0.6128796680223348,0.5227033321965023,0.7920229050090613,0.6658426614836848,0.4142547151436031,0.8415252905484767,0.6597221435603563,0.8227279539395137,0.42562930790270537,0.48225569089255105,0.6250173034575467,0.7311638126605567,0.605218217816425,0.8437725484928874,-0.23326162019534746,0.5629040476884577,0.5475934281732101,0.6415992023574223,0.20020774413273387,0.5739232011658058,0.5101806897285802,0.2058674887225401,0.5847633073422024,0.0977990940965019,0.7351636107700051,0.7404924585686213,0.12717581662945632,-0.10631116550242198,0.8240529328476677,0.7889361762370221,0.8862094420060136,0.6535727045094192,0.705136830976949,0.5796830403731555,0.8380421535437859,0.8167043028634056,0.7944913845177557,0.6711130671065724,0.6624124542841355,0.7993233695933079,0.7465909527242611,0.42921827046771294,0.8524545882491545,0.7356502469104628,0.8173302939771648,0.7561049620763779,0.6568721537259922,0.43808323118498155,-0.35259265675058016,0.7996417952642094,0.6391505071580402,0.8053634371147106,0.7644703197488197,0.8206115478350419,0.06835640761466154,0.7257279799953978,0.8095851155965216,0.6139560732424562,0.8101231491431119,0.8042760466114781,0.08940330958562771,0.6091891405999582,0.7210133764604386,0.7901467781335455,0.6836182481964563,0.8633892290718422,0.43592398829925977,0.8117033537991284,0.7740302350549705,0.5018949908085143
000768.SZ,0.47192790521043176,0.44779311763463586,0.33368467742116775,0.24178206950198133,0.5908140022327929,0.32399717948814727,0.3047951017342982,0.20799675226485626,0.5434466801789467,1.0,0.5014057094587111,0.36427108414659365,-0.001038783365436169,0.6486828340666771,0.3366030492467997,0.32446144777810126,0.42264395513097824,0.47098656361529945,0.32264940649504786,0.3111475366228181,0.388153432072825,0.3428501570262014,0.22046425142310797,-0.012716103271835621,0.6208403671222376,0.5975331469186659,0.6257102891962806,0.16032232569485252,0.5253258412234518,0.09016082896432144,0.5021837935668291,0.556218788128002,0.7255533371856532,0.3948970090300745,0.5373075458567796,0.39955296895643855,0.03087711821726674,0.4439154327420878,0.3168605365957124,0.5112682661223428,0.34274077217943977,0.11679658014016636,0.3009477333484041,0.5196677029981825,0.3459052336362131,0.43474878120417854,0.18710063541416952,0.15362086632690622,0.44797355424609636,0.19351699283580548,0.22472515124398487,0.5092786154746531,0.034425877643417195,0.5924870233299327,0.3268804228987557,0.3791728645879655,0.5058830535163863,0.5173295075957585,0.2982287705695098,0.18308856250900143,0.5228416155557603,0.3808013028058856,0.4548314360800627,0.4104566146873234,0.3931205607825301,0.2299382222614975,0.43106860225909593,0.5443302375362095,0.48573539013600436,0.5608557047153956,0.21938908480152408,0.42779547023412756,0.2860548071620056,0.6216437872447207,0.47916336996364883,0.553702332081719,0.4094230450078347,0.5000376267618215,0.5330430561763939,0.5193594429231235,0.2544058031000285,0.31637033889716354,0.5763607430470691,0.5496778596102705,0.634208380308235,0.5058795456255166,0.41768809797362677,0.4286333349871884,0.6486063850592922,0.31486714878486133,0.2852333627712512,0.6291467545007057,-0.17949411753227693,0.08683090536615805,0.3155252189779435,0.5259341966333898,0.5086109566325301,0.4819178966413145,0.8000286642675959,0.5825249003927643,0.2843947175200428,0.0893970266355838
000776.SZ,0.8667155903151628,0.840838898890487,0.8476699764648917,0.7135544585346058,0.9650727905075178,0.6759010077349514,0.5563684304891942,0.6891554773381571,0.7968307376661193,0.5014057094587111,1.0,0.547298803763451,-0.4865179830776743,0.8097082146811551,0.43558687172332994,0.7742763934523119,0.7469067959148966,0.07690665704681306,0.8380037251225735,0.7436490474583216,0.12911049150050316,0.6803448516031473,0.7424062843612566,-0.3636457042943513,0.9629708795748028,0.8098006933051446,0.8953714489538341,0.48920630392787046,0.8828420118285499,-0.4030622109839544,0.9155018542732516,0.8752757506334773,0.6567795272730296,0.6974786859134036,0.8996818146782791,0.8695497332996901,0.5771260937813228,0.8293290318377696,0.7936475820064256,0.8717694169502241,0.706872319654126,0.5053579695707543,0.7037377791126787,0.798269161850753,0.8008342663199698,0.8233093896784484,-0.08661298359014184,0.7045054904277038,0.403173912447357,0.6544411478792002,0.5213828106501164,0.6458119272658179,0.6673176030104316,0.19261235784046912,0.7533163745870287,0.28447535634283433,0.7338995579251696,0.934089739499728,0.4987827083865197,0.13589320458769832,0.7975693833379739,0.7956937279384247,0.874052779843682,0.8731876017118204,0.8819114397200769,0.7056932924733905,0.8263936895728622,0.8799748689343412,0.8282829262320176,0.913457639468406,0.8107805110839547,0.7782786384600285,0.8016094043409397,0.5838681729196104,0.9147024831496159,0.8970175091867573,0.8085876678941791,0.866232747437156,0.87724433141044,0.5841891472886132,-0.37570265415389303,0.8799203213180568,0.8342151157661336,0.9550949171023936,0.9203166174444535,0.9684508231967502,0.2646907506153043,0.7100169107402902,0.868999165998051,0.6836681294448127,0.809019758044805,0.8773348079447499,0.17939402523155312,0.6961960631626208,0.8175035406861069,0.790411281501964,0.7178112281578994,0.9079961386172165,0.44273554043434143,0.8274168399655633,0.7427703117631278,0.592414315869451
000858.SZ,0.29012540661086655,0.22465942020411656,0.3427507711513085,0.1768368742587484,0.5381141451910554,0.23953607748340253,0.8562064668186018,0.06389287339951004,0.16734622906935911,0.36427108414659365,0.547298803763451,1.0,0.08749350154595477,0.34945555586271304,0.17780417638296564,0.11042791347920504,0.18004894202445473,0.24636667888116268,0.31540647746731465,0.16908730670826674,0.42167965191909035,0.254463587210171,0.15474646552552976,0.21639413737801438,0.5383212181312296,0.35317687166327855,0.3984496430002868,0.0192699179857985,0.30134411209684037,-0.11604349676450205,0.3927174279842012,0.4386271823746643,0.31618534683181054,0.4449706622220259,0.44729017661725184,0.4675401761056308,0.33699471836925027,0.19470699486912188,0.40931019815615705,0.3742186888073142,0.5170205770545118,0.11024447605834468,0.1588482062667832,0.49409029524717485,0.41401829693369857,0.20066072730601506,0.2782403890867491,0.3043092400386977,0.02413002279044833,0.15764807018655744,0.8322754463705885,0.29240955551597253,0.3047273010462495,0.229757991102418,0.3426642777857755,0.32606985797420923,0.2534027761622136,0.519140540628201,0.635775434855966,0.5997261948541517,0.24490435436838145,0.21305718827323983,0.28761724950672335,0.4903847342514874,0.5203189190554426,0.38990035373288845,0.18307932814135364,0.38528430209499137,0.30697868021428204,0.6245122268284078,0.48811561106843104,0.21339999302914045,0.19954756633760196,0.4086922534676898,0.36542970456693563,0.5236760352275643,0.21041085161840467,0.35596972761056217,0.5992056011527795,0.3669769379796411,-0.04493755630622117,0.37048607470143086,0.5138880757041281,0.4833247033062822,0.5483622242590148,0.4806973860969273,0.40720425332503546,0.15048128109716105,0.4322318617136964,0.18464685285070456,0.15021519634894895,0.38646561780285493,0.14754916100576795,0.18246587735144926,0.30882487590988256,0.26627511948452254,0.25352245326034223,0.3695164165967672,0.4085560633067746,0.2809673484370121,0.24554932803618698,0.30106374926583873
000876.SZ,-0.5552470726543172,-0.5635392039979191,-0.59111727832482,-0.6947395930148786,-0.3961664410370009,-0.6670913099540287,0.08167502713665428,-0.6775900427151244,-0.5843255427280082,-0.001038783365436169,-0.4865179830776743,0.08749350154595477,1.0,-0.3656568871704426,-0.30567773791122393,-0.5924921088568872,-0.6403525722144897,0.08873491136224428,-0.4910928203082426,-0.5690127257988273,0.031127716309061502,-0.6220494846543231,-0.518456080395658,0.920861581192621,-0.3766477322054142,-0.5698534630503852,-0.5332747740491209,-0.6560446633720772,-0.5502368968219222,0.6437869256519418,-0.48672299814226955,-0.45198270538761065,-0.2344806085522483,-0.49314434185696254,-0.4588982437488261,-0.4986625647182015,-0.5397969617988665,-0.616836571146704,-0.5427655691785671,-0.5660302733643239,-0.0940693918426196,-0.45735150751881387,-0.5662789564601666,-0.3991486094298764,-0.5229481283667993,-0.5041682549988927,0.3898651451421271,-0.5673373999417651,-0.27216098471068817,-0.6180898466159378,-0.10347007847876943,-0.4614973265711786,-0.5196289605638938,-0.027854868262723754,-0.5851839685017579,0.136349462274633,-0.21537096330739394,-0.522027424535375,0.06438463587452294,0.2859546281079567,-0.6105526817084873,-0.4225299793895822,-0.5619478334704249,-0.48266618936504657,-0.36745800749534624,-0.596890317596919,-0.6241128206920378,-0.4440014987924295,-0.50626160091912,-0.42166382640545347,-0.46398975684192517,-0.391884941774866,-0.5005442169829003,-0.13147887025452734,-0.526687885914135,-0.478168454560433,-0.41968334375825417,-0.5997907067020538,-0.3367619470232482,-0.35858269540843635,0.5793707846749431,-0.5741826087098646,-0.3192721148645859,-0.5061257429529161,-0.3634608015279097,-0.517173529133678,0.17805445795242117,-0.6077083307890425,-0.4348948846264357,-0.7108699548810443,-0.6373654489835271,-0.399950904964937,-0.25304035897484095,-0.4658747010067103,-0.6468622512020011,-0.34217902353887,-0.5480211128543059,-0.4979004634192154,0.09889988536898242,-0.4962035903812314,-0.45007799262476583,-0.5026860627646127
000963.SZ,0.8027155169452188,0.8432784220873756,0.6909045793405864,0.5972968496501355,0.8221214545470225,0.6450831156147573,0.38412526514187856,0.6240321137138963,0.8095418788627339,0.6486828340666771,0.8097082146811551,0.34945555586271304,-0.3656568871704426,1.0,0.41740100242382017,0.7189846969051618,0.6457019943401577,0.16693922622290733,0.7715499203387363,0.6656526292982151,0.20567800667785544,0.6053257311527098,0.6200515919466884,-0.30432189825704886,0.8476941617054502,0.7502064821949368,0.831767763293565,0.4544843214185316,0.8445215566858751,-0.27986154598985996,0.8596066983146128,0.833740738464822,0.7620394604981628,0.5823900076306782,0.8137745067151773,0.7328156591911994,0.4027414192227989,0.7831348167111157,0.6282166684983975,0.8020499781784588,0.6011736813138654,0.3530939940624685,0.6391415252231901,0.7245050189417411,0.6584704956003065,0.8714969121143438,-0.020914747680325668,0.48366901825094755,0.5110980382616346,0.516279973876901,0.33085653975310403,0.5900359927161029,0.496666434366792,0.2721249738580032,0.6790698305778945,0.16341242186217664,0.780268586196855,0.7815280409600748,0.3445983441900469,0.021523868700865107,0.7759193399806001,0.8095022183178123,0.7895002528712275,0.7376508502393304,0.7275420209843131,0.5626954968483906,0.741462247457624,0.8086582980278013,0.8224287052457098,0.7540427473945911,0.6085907537825376,0.8333453016352,0.7810031564073955,0.5671343405645136,0.8370666136529898,0.7915539623863247,0.7937406616046685,0.7977444940536002,0.7860378903941924,0.5182523523251586,-0.3212496828606624,0.7522370442715243,0.7814225082811016,0.8295721374402026,0.82582832483515,0.8172571798143347,0.2584527799575205,0.646745998661791,0.8582094714533605,0.6447765317008535,0.6631492956053581,0.8294522103614873,0.027280697921891944,0.5656209118590366,0.7205860198906642,0.7507746270916532,0.7285172938914816,0.8570427465513157,0.5412643296630785,0.8179317090743488,0.654600925681186,0.394957474203711
002007.SZ,0.47459565780763907,0.3865423282778717,0.5020662659461623,0.4764298644937068,0.45382720033971885,0.5159476778352151,0.2942424244976828,0.398617998618705,0.3863126562704224,0.3366030492467997,0.43558687172332994,0.17780417638296564,-0.30567773791122393,0.41740100242382017,1.0,0.3477015268536938,0.5800320793902667,-0.017544324170424532,0.29289771425685623,0.48345944359221454,0.19410304750018745,0.36583734526674117,0.35976115186643526,-0.19363101888791132,0.4595306596845789,0.43925816733962614,0.5379371480378986,0.5264635817632333,0.39503651681137053,-0.31258183503126474,0.44407886347982645,0.4017750671331172,0.3312898806118761,0.36732232715918256,0.5054967463948142,0.5556858373881721,0.44479008163819533,0.4960476490811758,0.41512814376920754,0.3997547145251145,0.5202035947309035,0.5234350084825273,0.4281591270370262,0.49013182231607527,0.5331714142217064,0.4992473802070457,0.2862734519029933,0.5161758131603941,0.13348434639028367,0.5289731382705086,0.1585742653900272,0.3739832331549023,0.6008349133034154,0.07291114355553006,0.6079069485504406,0.458333402224129,0.22963128858088425,0.5248194954803918,0.35592689940067346,0.1307113053551953,0.41957274720997845,0.3172869910492664,0.4145728491623136,0.48449371155060056,0.38021991639632624,0.39272851605389864,0.46706297248464207,0.372005384974651,0.3848197574966527,0.43659684862243137,0.4018662347497533,0.26979787146254836,0.44229935400403303,0.39661494041504636,0.40834921682298936,0.46217649908496283,0.3261277420627217,0.46201834595133423,0.4910814609939999,0.4492334356863213,-0.12670014104198535,0.5305103156710994,0.5699014897449554,0.526109540693066,0.3907799826293368,0.4936424964076402,0.07674477737241943,0.4671741727826291,0.42000512442289956,0.4528761910849675,0.44611300779486546,0.5217452597966066,0.25995183393493626,0.4740011303482629,0.6296220925143108,0.37817174583139174,0.3289518021990858,0.41822519103135697,0.14003615507504652,0.4106649535451208,0.390419629668215,0.4511235057641232
002027.SZ,0.7584212984293841,0.7818892582042453,0.6498271097832343,0.6583288128826866,0.7143648085850193,0.6554543724766471,0.20884708074659097,0.7702943915192008,0.7754251453050935,0.32446144777810126,0.7742763934523119,0.11042791347920504,-0.5924921088568872,0.7189846969051618,0.3477015268536938,1.0,0.7163399896051077,-0.19437792394148087,0.8734382699779162,0.8206263157178774,-0.21821703466272305,0.6952581976596895,0.8296231987894217,-0.5044371941450784,0.742236306590968,0.5573043409221949,0.7087451196165321,0.39264122054302386,0.7416144131524134,-0.40968897362650986,0.7365916581847971,0.6435893487059441,0.4692562106018357,0.3346667205246532,0.6524497431268003,0.6344957540574697,0.46781365977509387,0.8452561746587878,0.4516373433074896,0.6853597664392246,0.5455033859891459,0.6106721579604631,0.5781879750529896,0.6169102911023925,0.6185501953795393,0.8240041355618654,-0.2947140516250914,0.5971236793386036,0.5210974803603796,0.734135555837073,0.0384013472040929,0.33706171352080855,0.5361995035909285,-0.1306302332754205,0.5612194122961108,0.18774448809120461,0.7234309509943223,0.6680716180349586,0.12083627363898912,-0.22353804115906448,0.614661083820326,0.8915821176609429,0.7098614246984689,0.6585424535683024,0.6471328302299305,0.40940438322038425,0.7490246213056094,0.6309568245500365,0.6964827623072058,0.5530965440923351,0.5618909856272107,0.8066079146713911,0.7752930036503786,0.2802128247512105,0.7851107763612798,0.6134841174778662,0.8147653971896861,0.6929897887808806,0.5269365583407883,0.24844221576905587,-0.4342128766281494,0.698956815959552,0.5335187594674465,0.7660770522495418,0.6450533804446985,0.7679918339572106,-0.16133567896186204,0.5673151957273443,0.5966272805031468,0.5664999064670257,0.9225945570202588,0.7743527275373602,0.011658587250117133,0.720257356863609,0.667225266088347,0.7237403552084927,0.5783563816138254,0.7530303140838228,0.18587926287218678,0.6906144525840733,0.8168359324558389,0.5873807488293027
002230.SZ,0.7195726352818937,0.7571645919822302,0.7512040664040988,0.6971842539629395,0.6953749280967162,0.712903022856639,0.2209424721878804,0.6267752971354159,0.797686559827833,0.42264395513097824,0.7469067959148966,0.18004894202445473,-0.6403525722144897,0.6457019943401577,0.5800320793902667,0.7163399896051077,1.0,-0.08449861232089066,0.67977957210564,0.7853891054286016,-0.05438614606986684,0.7171796158805458,0.6499828636391708,-0.543652868639471,0.7150334152202197,0.6497259757738199,0.7173643814778902,0.53197679632309,0.6756024145347431,-0.47570297101756953,0.7081235495757037,0.61901843190683,0.4339916999551634,0.48508255150977714,0.6845785792947808,0.6948329474462618,0.6359996228805392,0.7108409719131933,0.6763839564253052,0.6694122483984472,0.5156232253448548,0.7649276952986129,0.5439481440897961,0.7152651383062719,0.6713072186080842,0.6978289344344856,-0.2970571920805521,0.7304402077012527,0.47197372924385167,0.7638072219500942,0.2577174831948008,0.4484527760486084,0.6784479928610246,0.0035908459509434304,0.5585975624004224,0.30206870270652947,0.5783767871056482,0.6912509210572798,0.2535272079378645,-0.038062786829196865,0.663195579761658,0.6330071641712531,0.7133001113529304,0.6017416297985259,0.6819925636983979,0.577987810403151,0.6824376451707908,0.6212998513824027,0.6762104613440276,0.597879069910621,0.6996072647348838,0.6287943030647226,0.7138396549650444,0.3062278961223221,0.7259868355463048,0.6442726537814291,0.6186097960421049,0.6554260292102421,0.6470245772005182,0.40694821952573546,-0.39585754515707716,0.7986654599861723,0.5842643132196458,0.7530485011415919,0.6219007079971074,0.7569414322417246,-0.0559378659238195,0.6149989689231475,0.6659655075956509,0.6067704214490169,0.8412275628387733,0.6936693017338276,0.1623863505596939,0.656901913850895,0.8336499288635939,0.6121927842998242,0.482479097748437,0.7136617352107265,0.21759209663448056,0.6309521331134371,0.7068099934099408,0.6789833943245314
002241.SZ,0.0951657470041094,-0.038584075714166464,-0.07068122288166101,-0.04299385624414564,0.1431311462620373,-0.10750702870158306,-0.019470495328169066,-0.16925590267099397,0.12781990247116576,0.47098656361529945,0.07690665704681306,0.24636667888116268,0.08873491136224428,0.16693922622290733,-0.017544324170424532,-0.19437792394148087,-0.08449861232089066,1.0,-0.12833948052446123,-0.20378411705380198,0.7668548884533264,0.013026889292107982,-0.32462809873007153,-0.0112395962205325,0.11506810041009001,0.33683043008997177,0.20994200835999968,0.1268931516305141,0.1917778070903241,0.2448485446585981,0.12475187406052822,0.24209627310497306,0.41304802189381323,0.31030818470083665,0.1525064320678575,-0.00811295929844817,-0.1387515703680942,0.029596703496476254,0.08027685409946207,0.16302315584656782,-0.28935646097946954,-0.41054185304337015,0.0967236343538373,0.004743909907927877,-0.07058215665787373,0.01295905596389957,0.14624219688665183,-0.24326991819868668,0.0818522780061139,-0.3048992229813893,0.21102906968107601,0.475122438705517,-0.2955154558452134,0.7139965712125814,0.03514791328387907,-0.10707196513178546,0.02299472067365421,0.12975016670377895,-0.018347507071365784,0.14257509695705906,0.24541701420698217,-0.12152009701936932,0.1300214997372616,-0.031003079395411737,-0.08862468600768118,0.17852142017209569,0.11380608588219925,0.26803188675416617,0.13404082136345427,0.2802522590424528,-0.06749720428703689,-0.030911125710405718,-0.14010038902962152,0.32143904649428795,0.07053220302623249,0.24745857452607678,-0.04529583958646885,0.136728969740189,0.20478046270391123,0.33157554444320053,0.3475388696321134,-0.07479316584963924,0.19942606017968112,0.04742507844360444,0.24045889281123697,0.026707094556550504,0.5262733221626823,0.20353213271720602,0.29975024074852674,0.02600370967697325,-0.2318230626251333,0.10285447413978006,-0.1637581622909727,-0.4404154074607643,-0.03414824179592608,0.05357785273949381,0.3085420602213201,0.06841946213862476,0.6342010026262156,0.23157219840273258,-0.2230979106737816,-0.3607976208374049
002304.SZ,0.8006344365454711,0.8451966857279222,0.7515696582894233,0.6948857565663706,0.7556140968360759,0.6772971068534787,0.3680780337297142,0.7658090580804542,0.8286741678150569,0.32264940649504786,0.8380037251225735,0.31540647746731465,-0.4910928203082426,0.7715499203387363,0.29289771425685623,0.8734382699779162,0.67977957210564,-0.12833948052446123,1.0,0.8381211126081576,-0.18249935894603772,0.7206758009364903,0.7926356591568885,-0.4148666494601356,0.7862029101876367,0.5648544729288522,0.7008634249622728,0.3848651906992943,0.7775931290068222,-0.43149611349782324,0.8165277675622065,0.708219070887648,0.43953408521453347,0.41757850876135083,0.7549285178665524,0.6820149668383446,0.5553368482460863,0.8118589181071859,0.5741845003924928,0.7373104315058508,0.6279868038752553,0.5264693752154046,0.6108970547007136,0.7178948835082313,0.6541818466259898,0.8304590599925031,-0.20025373180673925,0.6214305087132294,0.4811052851486952,0.671068377185743,0.26496435797098294,0.350977435743926,0.6327263163027698,-0.11987548164225963,0.5734780663434581,0.13853250436826486,0.765376100062728,0.7156200534596356,0.25708928688749727,-0.07763061572758834,0.6819581993314653,0.9164649333336893,0.8182046425138852,0.723267908069888,0.7992982607804956,0.544888846520523,0.7548516806005922,0.7102269772274156,0.7373520244141661,0.6237270198583659,0.732853833457637,0.8479537595253528,0.8284360115886379,0.3049857127955095,0.8549751606779695,0.6892365876153908,0.8623677941863162,0.7149368899552218,0.6329709749330866,0.2534442114047623,-0.45699916946138375,0.7880925982120014,0.6119633749544778,0.8121222085283112,0.7302471519407435,0.8218374628654569,-0.0869454490054928,0.5739037963653725,0.6946762871684492,0.5626011805174607,0.8439136874143709,0.7579196343725226,0.09777801815482384,0.7618864452848771,0.6521521580760995,0.7666493233016425,0.548045194083054,0.8300770876987252,0.24281984862483255,0.7298113366746334,0.9249315351447902,0.5734586447163118
