,000001.SZ,000002.SZ,000069.SZ,000157.SZ,000166.SZ,000338.SZ,000568.SZ,000625.SZ,000725.SZ,000768.SZ,000776.SZ,000858.SZ,000876.SZ,000963.SZ,002007.SZ,002027.SZ,002230.SZ,002241.SZ,002304.SZ,002460.SZ,002475.SZ,002555.SZ,002594.SZ,002714.SZ,002736.SZ,300033.SZ,300059.SZ,300122.SZ,600000.SH,600011.SH,600015.SH,600016.SH,600018.SH,600019.SH,600028.SH,600029.SH,600031.SH,600036.SH,600048.SH,600050.SH,600061.SH,600085.SH,600104.SH,600111.SH,600115.SH,600196.SH,600276.SH,600362.SH,600406.SH,600436.SH,600519.SH,600570.SH,600585.SH,600588.SH,600660.SH,600741.SH,600795.SH,600837.SH,600886.SH,600887.SH,600926.SH,601006.SH,601009.SH,601021.SH,601088.SH,601155.SH,601166.SH,601169.SH,601186.SH,601211.SH,601225.SH,601229.SH,601288.SH,601318.SH,601328.SH,601336.SH,601398.SH,601601.SH,601618.SH,601628.SH,601633.SH,601668.SH,601669.SH,601688.SH,601766.SH,601788.SH,601800.SH,601818.SH,601857.SH,601877.SH,601878.SH,601881.SH,601888.SH,601901.SH,601919.SH,601939.SH,601985.SH,601988.SH,601989.SH,601998.SH,603833.SH,603993.SH
000001.SZ,1.0,-0.3279280289945166,0.11294415806673042,-0.15442991010768706,-0.4086299374223503,-0.4183992282910373,-0.5066050786908813,-0.5638495349632633,-0.22409284101161095,-0.6386873890273173,-0.20853265622512251,-0.22335208591682146,-0.694587327726038,-0.6863446788775067,0.47852315790298167,-0.47138740067937485,-0.3977104616475145,0.7648800073812647,-0.1734302961737543,0.6541056002862156,0.5492621664348433,0.43807954532156484,-0.5006653188212159,-0.5396547408989126,-0.6164291146105425,-0.2617225315761397,-0.25793307766787693,-0.5051600905067567,0.3862359692095932,-0.6444555876724188,0.23423469180833242,0.15010379161221218,-0.40318127686347216,-0.18690511196642157,-0.4290570910223492,-0.1947772850726123,0.27304070006928055,-0.01765831796176841,0.31334294692622655,-0.21725745229033677,-0.6262821777441839,-0.5948299018052343,-0.5054800291199326,-0.6826510468818948,-0.08014857262942204,-0.5143289271509014,0.6938207920954081,-0.4514692854718952,0.6476850728353893,0.5261995048196715,0.5194429724304229,-0.49460211850138874,-0.12972779290979908,-0.49826937385060394,-0.49752945831587664,-0.6504336141263228,-0.6501852397556169,-0.05206036701612316,-0.3030403321381009,-0.4752167476713376,0.3039538463244718,-0.5346846119933885,0.4290427710344628,-0.1961186053065427,-0.44946959737566705,0.5034880182967929,-0.05013209682622468,-0.0037648500818346364,-0.19202398528558517,-0.1683512157855854,-0.579909294786036,0.5848183747797508,0.13896376943356667,-0.22037288950087808,-0.08276265282187624,-0.3047155256962499,0.2952376832228359,-0.6071479495227525,-0.49239930749202426,-0.5591913999864372,-0.5516561279413817,-0.49858475813960895,-0.5169962235945067,-0.37932381799835996,-0.1013978748533525,-0.011976961354173104,-0.3692105008554379,0.4305992851496154,-0.32878301800525117,-0.4000798094037548,-0.033249635025088355,-0.24582379315313027,0.1638678575502354,0.2214359579395553,0.31740250295252415,0.0270842930833509,-0.5252292950515703,0.02152364325841159,-0.6949761992154517,-0.0846445850450449,-0.6638181292558978,-0.2036459267927189
000002.SZ,-0.3279280289945166,1.0,0.5325316750744727,0.70509496456961,0.7824285111306989,0.7568280316139934,-0.12221353427116431,0.6218081437578363,0.701928583510203,0.5040694707248804,0.8426117666522258,-0.29487707374766964,0.15100536617433666,0.38206231513564726,-0.10544444689526566,0.5778671106154754,0.5663299216170937,-0.3204471926621986,-0.17535859209230867,0.14016715084030698,-0.2485738126643303,0.29708190154084907,0.7260643367510323,-0.09507590663809186,0.626307731225415,0.7072894140357021,0.839939850410819,0.550487029527254,0.42933300375973765,0.47138418003323235,0.6951087332408683,0.7039800629298307,0.7631741277501286,0.8402238081127668,0.7614217067089845,0.758386501023565,0.6564468497955859,0.5621233957182722,0.42514289702929503,0.6320940498327884,0.6446296413149711,0.5531621848241121,0.5970749777066006,0.5802370397326481,0.8063543855289912,0.37513276359214975,-0.39489402996726614,0.8419732026691983,0.1853052202889133,-0.07311219046541867,-0.5510114697619367,0.7349584814464157,0.6545176067608308,0.6077907888856281,0.8333173829372867,0.4740135979891203,0.6833158700544221,0.731356270706791,-0.21087849834924202,0.7214804198628565,0.542391478719784,0.4140400926584511,0.365452971402781,-0.06718592983751816,0.6226683731133481,0.07394092657432894,0.7275333552355777,0.7668716031750002,0.8812518520045732,0.83203365153615,0.5323134883509125,0.2445740793457839,0.6794600301753998,0.8521682446687241,0.816810870407303,0.8543593955885647,0.5867491936301604,0.5711857604755489,0.7387185273966194,0.6873536014219974,0.6681822917427119,0.813619971920417,0.8226606895053203,0.8104180403442669,0.7161612384231243,0.7399262669739564,0.7198043037410917,0.43125561915307503,0.6072059112289421,0.7741397503199677,0.6600354942774128,0.8444146858970161,-0.2829660899517336,0.5579806772497609,0.3873563555570891,0.7931519286520125,0.6819066332004899,0.780244044598024,0.36311222408496624,0.7578544682239924,0.3940304050501406,0.6501052568614067
000069.SZ,0.11294415806673042,0.5325316750744727,1.0,0.6327831564560239,0.4636372318288084,0.33103476074307325,-0.16624865381462609,0.26398272241299153,0.30613087973643577,0.2966070498377224,0.49797499685800234,-0.16620448664900253,-0.11349725144610172,0.034868911736453075,0.23180691897242856,0.2564496459829541,0.42163567048249756,0.07757600326813276,-0.18814177012708708,0.31349761682505123,-0.09989754007020572,0.40938866125762347,0.26929163239082266,-0.18424533701666937,0.3134112842284764,0.425846682402439,0.5513464364071562,0.28270695452671685,0.3070903023321625,0.1333830917505822,0.5539557925731107,0.5153897601408093,0.33506561537128055,0.43859947306648434,0.3436251378744495,0.5440240652179359,0.488659240430636,0.47676850144930033,0.2153213986005149,0.30994725932544526,0.29511729767262335,0.2613884445029946,0.22733617424020522,0.17476043777826886,0.5314651475374549,0.13104254494173342,-0.1364762869340834,0.4529158513861375,0.3442354986239004,-0.10626037724544546,-0.13229769666412317,0.4452160227214797,0.6746602763494268,0.35296413536729504,0.28840807895945036,0.18922250607249091,0.23501865524693488,0.45143703315764677,-0.20036273376527178,0.2569957960069577,0.495156205288045,0.3479872778412941,0.36458697025702036,-0.14736724747964422,0.3639799081396415,0.15935931905672562,0.5458649607051324,0.49554537818184974,0.6260702860588214,0.5069725898569372,0.3359556179414542,0.3209175867304816,0.47642674115196787,0.48750766745971824,0.5217625117276038,0.6211196853275934,0.5006002298339959,0.3165085212154988,0.5017993217312682,0.3689391250119211,0.2280825102200663,0.4486270112525035,0.4748024454547603,0.5078167176383576,0.34312792309953694,0.4232945566462913,0.544077782476927,0.38990026861487975,0.09854565275983772,0.4280169732233685,0.3522275061415483,0.5855156980187431,-0.17141489388018036,0.38847109574234845,0.6503728214916904,0.537713140810317,0.3930492368991118,0.5108855635104105,0.06371807692119438,0.7136555418234036,0.03722940072167339,0.5367455182074751
000157.SZ,-0.15442991010768706,0.70509496456961,0.6327831564560239,1.0,0.7835942749234373,0.7727954676975278,0.0003315485268669052,0.6303130709900763,0.6613907620454668,0.7037673915106156,0.8023384584083465,-0.09980311927736567,0.2227886077232488,0.39059032160356527,-0.042620120001100374,0.5921524263968395,0.7019429254268891,-0.138877306624373,0.048820182647625054,0.12716297399761498,-0.09382492592253934,0.5148525993978912,0.6777058130282407,0.0015321152597485555,0.600891880032329,0.7950149998810696,0.8406903137202856,0.639331736661021,0.2904884077069588,0.42821859732677364,0.6448611863920364,0.6922387364097028,0.6724117143051181,0.59083348099717,0.6061606503487021,0.7896204923223967,0.7046947949328236,0.5002672657791933,0.17185825103050825,0.5737229103454784,0.6631945310207948,0.5487219463904839,0.5866985987814893,0.5840969628580498,0.7832882731752124,0.4494606669016776,-0.21244368771322186,0.7553441914008382,0.2988471046825775,0.10656241160337186,-0.3661393099274901,0.8222376978026155,0.879935729805957,0.6860560826314123,0.6626498093821946,0.44179177629804317,0.5661176898215555,0.5233388173828798,-0.0762966429979098,0.6763209529272186,0.5169081554758345,0.542724969724612,0.26520762378506674,0.03492698103486778,0.6822778479575778,-0.15824515587928312,0.7040972493988447,0.6796439153219165,0.8313077641801696,0.7683979855407487,0.6035534880798096,0.13357278653317883,0.5848064883219813,0.6955638741582,0.7281001341731531,0.8958653013040244,0.48428559563744017,0.5430384988170008,0.7619209102975946,0.6442835490304512,0.5768677186930354,0.7032383161148849,0.7631600176485346,0.7742742352105364,0.6732069498139651,0.6096259569266191,0.7612607850202727,0.30789792695410406,0.4163160363496316,0.744874852874482,0.48630707639002907,0.8508682971005941,-0.17567717538698477,0.5314267805527773,0.41310155809902444,0.7008257462504878,0.7139624563989818,0.6860723201925604,0.4767344514874499,0.7151669012992127,0.4108579416943598,0.5757692900366317
000166.SZ,-0.4086299374223503,0.7824285111306989,0.4636372318288084,0.7835942749234373,1.0,0.9274280988529034,0.164799846600114,0.7803180053779171,0.7886021342091709,0.7236066682775197,0.8725723724433522,-0.058896182372872204,0.3799086624542171,0.5879226806359917,-0.14503585441196498,0.7568572526835312,0.8389842844788168,-0.4898866363783829,0.09874859511593796,-0.04206843652814148,-0.3446584606671033,0.21770513493817348,0.8873855618155955,0.1618414786326805,0.8989884117576907,0.733936965179718,0.9303076475546458,0.6520677973637131,0.2257978814456847,0.6596959231739304,0.6133230827497054,0.6261167120832625,0.7297568003629564,0.6021353515369097,0.7857054993651649,0.8374402173764518,0.629606764532516,0.570825527819078,0.02670161006670191,0.683503111671155,0.8940410535976785,0.8114259578330302,0.7686336875455448,0.8303464710536522,0.7745636113562676,0.6171562357125889,-0.45139133532948944,0.9284129974656504,0.05490516432466308,-0.08599482867784079,-0.5463877141292988,0.9177946819895494,0.7055810294221544,0.75082012456385,0.8098124244412648,0.702829123768297,0.8238656650843209,0.6201184992984786,0.027919468015478927,0.8559878547621377,0.4770843266356846,0.681552160610649,0.1586584221356565,-0.04642965709990524,0.6227704395674641,-0.2716729021452506,0.7540345335446554,0.7176295950691552,0.792075138290265,0.8830587941206405,0.6805085064048743,0.06817718993993406,0.5737174113970251,0.7693148876750024,0.8028383907420097,0.897049941735207,0.4327168601916933,0.7403597464405385,0.7158818622691386,0.8646071912524294,0.8452290883453916,0.8141150846014641,0.8551995606780757,0.9758752902607464,0.6573615324203658,0.6667810537344782,0.7243593665345526,0.22460929441350355,0.5074087653686047,0.820901699427449,0.5563544644735533,0.8548633786269956,-0.24348189258277864,0.48670135943524406,0.20963301791099434,0.6626177915646584,0.8972425630831998,0.6875467709030123,0.6422635195255836,0.7802857114826903,0.6017047560612097,0.6344552635931447
000338.SZ,-0.4183992282910373,0.7568280316139934,0.33103476074307325,0.7727954676975278,0.9274280988529034,1.0,0.1301595446748169,0.797451989744092,0.7904975733241284,0.7576762211123635,0.8592347305577644,-0.07249545624891422,0.43606370116904064,0.6112680030780768,-0.18867106052558802,0.7242974174644102,0.8327970463867583,-0.4289393910071551,0.16046042672645658,-0.04073466557169466,-0.3070053996416255,0.2761658906557777,0.9217585087391348,0.15224437033891872,0.823354588966721,0.7799237063883734,0.9082405316378525,0.6691464661274762,0.1954636817435382,0.6743359572938253,0.5665111032461299,0.608990421179683,0.7423205701652656,0.5946384851942623,0.7510679050766677,0.7984218878009965,0.6454541558525346,0.49272563667879393,0.06697967748851523,0.6649839595835643,0.8724840352807034,0.7838041550884526,0.8140378310755869,0.8306751289840045,0.7830279000479342,0.6164562631722984,-0.3417471882915321,0.8661768790420278,0.08345303578614105,0.00811337772698148,-0.5641420323707785,0.8992726465928245,0.6510847602032387,0.7347196104302517,0.8521466110249901,0.6701997016784419,0.7870453209806576,0.5672607835133521,0.05281313095399511,0.8633854621643046,0.43371533366306436,0.600152129375945,0.1088463252324231,-0.008119274607101018,0.618701733118361,-0.34679636548957155,0.6975499306612352,0.6518622389587722,0.745815857773851,0.8427553656016649,0.6220678465541104,0.01778371990867166,0.5423169054272111,0.7806975927510796,0.773472440434117,0.883824710122671,0.38465208769768827,0.7131944156676825,0.7238090110293932,0.8514726231685149,0.8682698866866446,0.7625873858574664,0.8175198022593513,0.8984913531700615,0.6702542485867317,0.6484878265744439,0.6772967617119997,0.18620414049942555,0.5223814622544809,0.8151890641809706,0.5169641125730781,0.850679528504672,-0.2073961013278662,0.5017827758714811,0.14745487612635746,0.6328441802556106,0.881747893594476,0.6670468255364878,0.6943519346403781,0.691005700541238,0.6130020053181149,0.5984361980284177
000568.SZ,-0.5066050786908813,-0.12221353427116431,-0.16624865381462609,0.0003315485268669052,0.164799846600114,0.1301595446748169,1.0,0.3647544433635796,-0.20580821492475546,0.48729429686584136,-0.16952052156598,0.8528686607489674,0.6345562888806936,0.43503486983604994,-0.4283874404338613,0.30356307132505783,0.30732059116792015,-0.5699399040345093,0.7939580562424243,-0.6841159480764262,-0.43297257336057116,-0.36871250662398286,0.11372842056174788,0.6898345138422832,0.45594786373796764,-0.05153711932893473,-0.038589383608847935,0.31234797914023565,-0.7461144151885818,0.4972209370854421,-0.45903445813625404,-0.507725820754315,-0.07167361490473129,-0.36518314251246076,-0.03526564169967116,0.12849700033556744,-0.38222163093657574,0.020021112602791945,-0.654002621553,-0.20910766875693068,0.4457445559057522,0.4289131615358794,0.3733005028708926,0.390240177220013,-0.19335628849737865,0.5470492741735523,-0.31732117569555546,0.0679805292438168,-0.6316773972872887,-0.2860689583839192,0.13370566414865884,0.2710738541369396,0.0870653635393895,0.24410982644795665,0.05815981690649477,0.4375467707956166,0.3109101111627283,-0.3863301746621077,0.6790991873948554,0.1086708386975551,-0.5817361932991104,0.6239550064077896,-0.6552849695078597,0.3838174483657495,0.09251756210398804,-0.6351478118005119,-0.13630588966524623,-0.2818741464358823,-0.07704544054164456,-0.1919341162997578,0.5094378677809523,-0.7049398633935103,-0.5391722773501053,-0.16542270689945385,-0.2842959726811635,0.011042079584373955,-0.6040331895377437,0.46120800514842153,0.08549147673732012,0.39340520829171916,0.1846331591791455,0.2308046078727621,0.2407182439594685,0.12131830199769195,-0.18945772788428203,-0.44425683701313295,0.2302739941436247,-0.6006770465844319,-0.25124079017877937,0.2077690700597706,-0.4986226177758464,-0.1248265015615702,0.38296325655520164,-0.5260276042055448,-0.359171524696547,-0.34055227422723533,0.3496663463785901,-0.3703605735430268,0.6057883535911522,-0.16294340530660364,0.4472982359054129,-0.29267518653623187
000625.SZ,-0.5638495349632633,0.6218081437578363,0.26398272241299153,0.6303130709900763,0.7803180053779171,0.797451989744092,0.3647544433635796,1.0,0.5974527218652215,0.7610415404118253,0.6268044843684326,0.1835169950728552,0.5905095082236791,0.7099290195433023,-0.461513044679803,0.619410134660867,0.7643437807338347,-0.6093474952770878,0.30238835704905664,-0.24760112153952937,-0.38506610976676076,0.07711358269919412,0.7765601859336159,0.45318788827886314,0.8068904878309476,0.652346752528086,0.7044463954966865,0.7163673536367744,-0.08839177777747949,0.7084569611705982,0.27828376713233255,0.32332778442989685,0.6705890791913712,0.424436269361043,0.6492582288839955,0.7144829445084899,0.3510590957074809,0.43734390577667703,-0.2025035238028238,0.49719715125453784,0.8438356177281056,0.797915460588253,0.8178833588258795,0.813671337780762,0.5954422183668932,0.7557454573147049,-0.5213392672943382,0.7186679703822979,-0.14306935521724487,-0.15155451875164289,-0.5012576213958199,0.8217685643794161,0.6130868172831334,0.7789269059091328,0.7670942309235981,0.7892743200835985,0.7986174545778417,0.29839756841886206,0.1940759934326223,0.6787052255480764,0.13321427614416212,0.7164565446629597,-0.1246543095350835,0.1382243157342169,0.5854463129757569,-0.5384042266471091,0.5156322026288853,0.4106110129990946,0.6371062649670768,0.601143178716058,0.7009551780154908,-0.2640820003117573,0.22241191571027627,0.5630512139022702,0.5155334730149984,0.7071580362308243,0.06751950786767145,0.7772939640244716,0.6426437601086551,0.8534393157096857,0.8139390241734349,0.7470338866801872,0.783540071395631,0.7579405107173828,0.5336747931890772,0.3469417133332342,0.7287934600370556,-0.0645557278036894,0.4363081170046114,0.7716680986365838,0.27520265336393773,0.6557043727396243,-0.10867532184162378,0.24691603399480347,0.026704212474945015,0.3886720520416294,0.8079802753506337,0.3974021086251264,0.6944634141551199,0.4999184134727968,0.7049252794421177,0.41816342941278495
000725.SZ,-0.22409284101161095,0.701928583510203,0.30613087973643577,0.6613907620454668,0.7886021342091709,0.7904975733241284,-0.20580821492475546,0.5974527218652215,1.0,0.4425742355127236,0.887143443832123,-0.29949665634337,0.10504542605279055,0.4151414097163757,-0.013381871678149693,0.5767236447745234,0.6721484561542127,-0.2082317871077479,-0.13478647749373165,0.27840724661766075,-0.0032832761500427993,0.37843983069098486,0.8538145361171444,-0.12634817010453717,0.5893389116244173,0.801567683135804,0.8290995410901392,0.5229468693218676,0.498379103926738,0.29656065383116587,0.6585733097925847,0.7139529104182188,0.75727810676335,0.6689761402486107,0.7246391958935637,0.664375044836825,0.7042626448042647,0.3551915526075329,0.34820380631754855,0.8614923877956725,0.6076615199247714,0.6046601521203757,0.5434471220904209,0.6378119018007908,0.8015136195587266,0.43778799867225077,-0.14197128683947643,0.7604352621778369,0.3369267611933455,0.23944387398946898,-0.42010379224749084,0.7282261479609079,0.49560378545200656,0.5652453504942154,0.7480462813474387,0.40854499849752024,0.5750668111262806,0.750244381341103,-0.31104742403020796,0.8074642892116429,0.6081117670791462,0.24827378113615417,0.2862773532233824,-0.11918446604833688,0.4940617411805133,-0.06720823869755214,0.6064857186952332,0.6934335394249901,0.6720106907956501,0.89573559815884,0.33705896890148335,0.24855950516947325,0.7131858882838578,0.7382295570499693,0.7583170488775582,0.7637486616762293,0.5375216767916715,0.4180528793269804,0.6200054829117384,0.5661960852163183,0.7264385450883628,0.5477083302597204,0.6182708365073636,0.7793294267329468,0.7262584162395038,0.8546862863681476,0.47403541166894975,0.37940839848335955,0.6757469885624653,0.6129804707417205,0.8077681082314957,0.8236522114145516,-0.2906500988572695,0.7136018273592789,0.15514733526349725,0.6537318817894467,0.6065335893378517,0.7029412530881801,0.3301942200807351,0.5973559808575687,0.39450479648670783,0.6904431360268498
000768.SZ,-0.6386873890273173,0.5040694707248804,0.2966070498377224,0.7037673915106156,0.7236066682775197,0.7576762211123635,0.48729429686584136,0.7610415404118253,0.4425742355127236,1.0,0.5216979964634997,0.25348188200104915,0.7213672534017519,0.7371296964414862,-0.4100600882185695,0.7230360721162296,0.7869973799476107,-0.5743729274479997,0.3902947966090094,-0.39657933474839613,-0.4846051227145449,0.04668899982911697,0.7096121232918922,0.48408454922049454,0.7956426952160643,0.5956004878856728,0.6405374511215406,0.7576474408300807,-0.26912731802557316,0.8032917524533606,0.14740256999323872,0.18813130501454076,0.5591138397195695,0.30594495123032406,0.5350127385505105,0.5832830665565889,0.17694829330679673,0.3094212098830985,-0.29722763407821673,0.3789460599753718,0.8731076863632637,0.7747624119854856,0.7606974609080822,0.838915810169805,0.4257656435330521,0.7499912383125446,-0.5211193548601561,0.6802862807408953,-0.29795707132098664,-0.24594343741739136,-0.5262734201768652,0.8559637117185934,0.6347776832339533,0.7567838736267553,0.6418033411343844,0.7149076991652142,0.7404405161069637,0.1702705676482632,0.3879776665728676,0.65688520296721,-0.016490182049542338,0.8128316218688779,-0.2787684166714809,0.20962272194747245,0.6783432292426265,-0.641759561665402,0.4199249177343199,0.3244993323886774,0.5703124355921357,0.45524176888769957,0.8631983243185765,-0.4247671719505046,0.10294837116897837,0.4795118184354368,0.3898970917227116,0.7059897433278707,-0.06580267573857054,0.765652904573234,0.7646604881769911,0.8081220980690693,0.7006781171338501,0.7512331065266983,0.7982684738308765,0.6637861033015767,0.43613221191205187,0.1751357843824172,0.7136864756759175,-0.2571543178000499,0.28868001111694686,0.7235230586189395,0.10103453641088474,0.6063769937050661,-0.06921934459388553,0.061047122542872166,0.03161879065581731,0.2684798118742384,0.8707637913371561,0.3020991242195518,0.915738220969838,0.45062599970054934,0.7403722335495667,0.40607838898869697
000776.SZ,-0.20853265622512251,0.8426117666522258,0.49797499685800234,0.8023384584083465,0.8725723724433522,0.8592347305577644,-0.16952052156598,0.6268044843684326,0.887143443832123,0.5216979964634997,1.0,-0.2754001130391943,0.12891527979817183,0.40758929903112134,-0.06930970951971768,0.5375239582897912,0.6927048132361139,-0.1843115041778284,-0.1433111885147295,0.2480714793702772,0.0035718976632853248,0.4845942787975355,0.8171682050935822,-0.10998195310899124,0.6333609898229464,0.7996802581689835,0.9360749412584726,0.5786016086787592,0.5077801701338779,0.3926928165416674,0.7839396125159387,0.817192961851481,0.8512136697736491,0.8281344194305685,0.7615804534082655,0.8054117599750391,0.8131036335171314,0.46186879507804,0.43534819839684574,0.7187550965509114,0.6859595745928259,0.5971272717408896,0.58943020860695,0.6473999616372226,0.941034877174285,0.4222463151496523,-0.21484399889383657,0.8816798551164613,0.33148087434822354,0.1783489148787449,-0.42732308158333804,0.8143845906921291,0.6517786042364667,0.6587746908569981,0.8053281975311709,0.47478853014425004,0.6934135391402475,0.8333710318341866,-0.25975282196828947,0.7622216799590814,0.6256693963391172,0.3717645693267089,0.34478981117465723,-0.0025979366290884848,0.6232364944815051,-0.0011895382985315332,0.738379833545535,0.7944854621855431,0.8641851843544384,0.9586895559720711,0.44835819924174447,0.2612264281989775,0.780760303117987,0.8796802012030676,0.8708340233142554,0.9031085070255154,0.6406766494816171,0.5250224254927365,0.7159761602180609,0.6947649565218974,0.7034968743983713,0.7010285247871163,0.762179708505422,0.8807731266870444,0.7957807179647433,0.904300252722375,0.6692917555323278,0.4797141648799738,0.6813997580343717,0.7203967521135256,0.7868282655724812,0.9143894705378542,-0.21891482986094438,0.7725436879580889,0.32075807850872745,0.7957079775060304,0.7132311305582021,0.8248027122931397,0.3817954204974563,0.7400007278552317,0.4227625080074568,0.7007053334154943
000858.SZ,-0.22335208591682146,-0.29487707374766964,-0.16620448664900253,-0.09980311927736567,-0.058896182372872204,-0.07249545624891422,0.8528686607489674,0.1835169950728552,-0.29949665634337,0.25348188200104915,-0.2754001130391943,1.0,0.5045619071212593,0.2457751396659563,-0.2903825200479548,0.04258214381762948,0.19006398847247374,-0.2469593058291065,0.8351769562380075,-0.43571059807821716,-0.14264623234621512,-0.1942562211606803,-0.07143325137598124,0.592559680305091,0.16725406622138048,-0.1457536661961852,-0.18444344686958689,0.16069304253637148,-0.6616578872608848,0.17969655258727255,-0.4711491444599321,-0.5276392292316486,-0.18465354319897886,-0.4434005218076267,-0.3463823247377824,-0.012197185726062543,-0.34267133659704224,-0.11059527689599495,-0.5104826430455215,-0.30310840440801506,0.20507068860414987,0.15437799161397323,0.14709146463019057,0.1725222927339789,-0.2334734280577171,0.4013010802724408,0.033272685450270095,-0.1935039889513285,-0.4010494144283136,-0.029854547506588693,0.5143091780275902,0.111426963784932,-0.0002636506900270073,0.07838035870559786,-0.1275500741838681,0.20825093164803987,0.029163977673053305,-0.4826460913420856,0.6329365037646233,-0.15398059884309037,-0.5488288944081511,0.39563990595567294,-0.6030046248492285,0.44839355230686556,-0.07991048846139583,-0.535121587827561,-0.2809652471896156,-0.4716938373524131,-0.18239764295674923,-0.31901172972151,0.24960461385131802,-0.604630335394039,-0.5709049957157303,-0.26697102017641333,-0.41901998327776063,-0.1716387621827055,-0.587176899061135,0.17634142432109165,-0.10220346826935585,0.1638072745973768,-0.052074900741188125,-0.0424458679501028,0.020226676883182595,-0.11229430597695493,-0.26260871337209263,-0.4815646879396456,0.07521564058651488,-0.4977823680986822,-0.41623680057524376,0.0018673548858076049,-0.5724108318466014,-0.2458788624047926,0.6013033140273112,-0.4313995146878981,-0.25929304657461133,-0.4064901702733721,0.11951265165059843,-0.4720250333666993,0.3763924465922371,-0.31807180488265674,0.2652056399709965,-0.4130001419139812
000876.SZ,-0.694587327726038,0.15100536617433666,-0.11349725144610172,0.2227886077232488,0.3799086624542171,0.43606370116904064,0.6345562888806936,0.5905095082236791,0.10504542605279055,0.7213672534017519,0.12891527979817183,0.5045619071212593,1.0,0.8110854319696553,-0.49433251868741185,0.41954682923241543,0.509410125411279,-0.5786933596703637,0.5515104115837428,-0.5714150473985132,-0.4769097213139735,-0.2657914028759701,0.42782631714928177,0.8686896291957233,0.5835075451742394,0.19540786177654934,0.23808928129836035,0.5377017771870709,-0.46261272581390117,0.6524522940569794,-0.26021968838220116,-0.17021289919620716,0.30580193885071477,0.012254714793508386,0.17333381492449754,0.19159029230140845,-0.20611919374685075,0.013261795223073311,-0.4328489571121026,0.044881486992618076,0.6778356118775374,0.5845216226797079,0.5007912144529031,0.7422248431714665,0.057764905636431774,0.6800162095075012,-0.4282705503123439,0.311853750694478,-0.5568550110555651,-0.22007282678514442,-0.30582553037271104,0.533782941726437,0.22989317639001458,0.5377740277858704,0.36611712680138414,0.5584136429230226,0.5307892608732024,-0.16630791067558653,0.584096673856063,0.3278290842498404,-0.34939441881390815,0.5981987957539016,-0.5069129982181294,0.37216126738752897,0.3524101642324798,-0.7159045074293345,0.05077634308311966,-0.10564625254434483,0.19514889825783674,0.0412808382342745,0.6264243914865234,-0.5972031395374979,-0.25709483382315673,0.12280807476718836,0.012701647158555976,0.25663895086369665,-0.3916766944482015,0.5981839715359419,0.4144048313059577,0.627040275360322,0.47171224523466987,0.43014961821316083,0.4642150781536145,0.28537982734411454,0.1657101359751502,-0.1793763170734354,0.4600196230788383,-0.5150625873009738,0.08844822036064438,0.38972979928628854,-0.23288517809280343,0.1966047991361333,0.12409329608585713,-0.24054756188291349,-0.2959012430845223,-0.11592684661601926,0.5825851487635924,-0.08904648921123381,0.8466582765205608,0.03016472618108429,0.810558780729188,0.07814115731983313
000963.SZ,-0.6863446788775067,0.38206231513564726,0.034868911736453075,0.39059032160356527,0.5879226806359917,0.6112680030780768,0.43503486983604994,0.7099290195433023,0.4151414097163757,0.7371296964414862,0.40758929903112134,0.2457751396659563,0.8110854319696553,1.0,-0.4607651560208396,0.5385181965429424,0.6455939787120042,-0.6255319665574335,0.37793434616713967,-0.43250444467025345,-0.4583177689467177,-0.1880168911882274,0.6528064201002728,0.6852455167666088,0.6968876886968557,0.4277943208028639,0.4679680637369439,0.7851452356921452,-0.23074978241449748,0.6719796455538852,-0.03341257248116525,0.048232805923540296,0.53609274529898,0.23013691792471958,0.3828361976647406,0.3722110115741603,0.0380183372865755,0.12431637782851712,-0.28003595535419895,0.2998929325494405,0.7770993769714752,0.7775807782682264,0.6986559545641607,0.858220620956803,0.2922852182329886,0.8561485735570287,-0.47353691352053245,0.5197664415995619,-0.38674878664111284,-0.12286087886481627,-0.4955980966092779,0.6853325530056854,0.2878212039159932,0.7248726459811005,0.5512342804102942,0.6275219491802012,0.735588618802922,0.11947572203698793,0.3589304851154363,0.5891835603911488,-0.15603721613784238,0.5916399971337442,-0.39175692951889296,0.3663536387096009,0.48789146514983334,-0.6762804010508773,0.23315795267011272,0.15420674320585134,0.39001137079467346,0.33658610463792543,0.6157775850294118,-0.45740635812045527,-0.01251086556414425,0.3486855445749519,0.243339155385361,0.45505427749474275,-0.21116699854097173,0.8191982597318156,0.5577177339019791,0.7444076940405848,0.6653003207976488,0.5885985518377858,0.6120548659541922,0.503789805982695,0.4170962849761842,0.13039202445037723,0.5585736595671796,-0.3517054365430125,0.3210734860887921,0.5479302290292404,0.08379599732658692,0.41100616591758615,-0.06262412289240195,0.04794098652463007,-0.28692999220548476,0.11313069805923011,0.6950632999671454,0.11146355196793793,0.8045485271251592,0.1942498460648602,0.8322009538259176,0.29911932463960306
002007.SZ,0.47852315790298167,-0.10544444689526566,0.23180691897242856,-0.042620120001100374,-0.14503585441196498,-0.18867106052558802,-0.4283874404338613,-0.461513044679803,-0.013381871678149693,-0.4100600882185695,-0.06930970951971768,-0.2903825200479548,-0.49433251868741185,-0.4607651560208396,1.0,-0.08744715801225135,-0.15726331294937876,0.41231241002819513,-0.2826448806367469,0.517966616538574,0.1063862202279348,0.266183014885115,-0.15933029108471009,-0.5189720430990832,-0.2451550139643648,-0.06233086526677337,-0.0046383837868876525,-0.3998173227199764,0.40970793012690104,-0.54270786994925,0.19333545594240986,0.20455419129415117,-0.3595961047344247,-0.10292338842221238,-0.16906180999837098,-0.11940068440499822,0.20809039977078433,0.06829455859918288,0.2707505750489077,0.21355505671593641,-0.34353027193172786,-0.28367210936224513,-0.389489656024065,-0.38564120929862017,-0.05489430818249266,-0.5046782397670341,0.4983440708763996,-0.1645561528327778,0.49546700255808657,0.16324268035645073,0.24904252145613814,-0.2517539050955956,0.0019116857218492527,-0.44168037596863136,-0.2564415253356722,-0.4354875116889314,-0.49557232701309567,0.07334362370171195,-0.34535291037738003,-0.09357705041016257,0.470405047652327,-0.3244007251334902,0.47230430627076364,-0.4848039644439557,-0.3048256256715595,0.5024790220638514,0.06747095196248414,0.049011401345505724,-0.13455090569904024,0.06568472154219229,-0.40310455964429637,0.6070281040584863,0.28278732901391623,-0.10344218205339513,0.04176645875357895,-0.10186917165931071,0.4056124640953607,-0.39708369880010447,-0.3136335820424387,-0.4028515718550924,-0.28756976323268874,-0.33323927571686246,-0.3535914169462393,-0.10348312553758893,-0.2440282186656911,0.1843056631045132,-0.3509479215295697,0.3982329090194849,-0.2613533965216626,-0.2285722921626173,0.2129409275717794,-0.00955758714934927,-0.07879062332541849,0.13054506647461347,0.2990499614313307,0.11906652639611048,-0.33696316925801967,0.06927037465945478,-0.4635479998028545,0.12819151115185937,-0.4774113677841827,0.13331406550036495
002027.SZ,-0.47138740067937485,0.5778671106154754,0.2564496459829541,0.5921524263968395,0.7568572526835312,0.7242974174644102,0.30356307132505783,0.619410134660867,0.5767236447745234,0.7230360721162296,0.5375239582897912,0.04258214381762948,0.41954682923241543,0.5385181965429424,-0.08744715801225135,1.0,0.7141101864655184,-0.5874514243757815,0.2604049590098275,-0.14724556970537248,-0.527233956572804,-0.04749533724995895,0.7648127898134209,0.19526367613413065,0.7652104426614716,0.532721284298931,0.6582266728597567,0.5970039562523896,0.030869716084266946,0.6488848067578866,0.301460162879953,0.334936589607535,0.43533937488821056,0.30414816959642166,0.6002503052123748,0.5945177971679806,0.3063269601439799,0.41486421461515716,-0.11670832790443675,0.5876676392061838,0.7591230174138516,0.7129517642192961,0.702923515542182,0.7124164645780726,0.4369780064587087,0.5569575201597091,-0.45956468521024263,0.6810997818905483,-0.1485068771004233,-0.27020669248303,-0.5508960584403426,0.7544405779277256,0.564703663593126,0.5914493959030429,0.6552970014053643,0.5414283711346295,0.6395131390578852,0.26118186024847984,0.24301332221704838,0.7831439112885735,0.2626522796324205,0.6728650171769567,-0.03206955068613706,2.45513067449743e-05,0.58683854179025,-0.38519814481667675,0.47212884898828017,0.44732222020765783,0.5051010528538201,0.6033721797713111,0.7724309984283289,-0.08888005205804095,0.28595351580306966,0.5242075998671001,0.5029150079707958,0.6955385156047339,0.137086218887124,0.6643506930397625,0.552650619021842,0.6866108162639368,0.740043851858497,0.6573863120406945,0.6683042412970983,0.7070860541825498,0.35774275741367045,0.32746877363272214,0.5190142168455446,0.006927098218072303,0.2835223518600641,0.65491343042501,0.2912683299492958,0.5731452290718191,-0.13662710475846176,0.11327077455832875,0.07477438459390268,0.3585000804433975,0.7341001401204421,0.3761100523762481,0.6674842414950067,0.6223041090739289,0.6084029186357813,0.5080895358249391
002230.SZ,-0.3977104616475145,0.5663299216170937,0.42163567048249756,0.7019429254268891,0.8389842844788168,0.8327970463867583,0.30732059116792015,0.7643437807338347,0.6721484561542127,0.7869973799476107,0.6927048132361139,0.19006398847247374,0.509410125411279,0.6455939787120042,-0.15726331294937876,0.7141101864655184,1.0,-0.4057313814248465,0.3387916743158906,-0.06310393734660379,-0.3283316895694475,0.3101570828162697,0.8350722628055812,0.3135622307968466,0.8196282850177378,0.7064882640715523,0.8183449920677554,0.6962687528047437,-0.04468143927975891,0.6344961024438079,0.3976588524873457,0.4010484620367962,0.5949343137287975,0.3993732297378074,0.5906163567666426,0.7186074725705957,0.4620415834680553,0.3873335103991781,-0.15653888107622582,0.592992420871128,0.8479849514867716,0.8135919228935732,0.7411985855875445,0.8149594043345796,0.6412641369121945,0.7322281919366933,-0.3138009061834541,0.7363091475589298,0.07682137041890606,-0.05059780079604755,-0.3630050181171736,0.8988589435465056,0.6407651577594546,0.7524160106614489,0.6562975302128594,0.6401942577527434,0.7168815479743925,0.38173394750004447,0.2268564085465085,0.7083193150003426,0.24292749659963112,0.7231033560038469,-0.09794205041720766,0.03824047572530239,0.583698073575777,-0.517546694023257,0.5702763258323785,0.42050063357605305,0.6574027408955135,0.6798859575973016,0.6824383190410486,-0.18280197847980015,0.3072243145194317,0.5913547814243233,0.5487185892441592,0.7595656018097782,0.16369870298664588,0.7292764825747517,0.63375644284009,0.8221860315745264,0.7809207152920102,0.6769309918780743,0.7518900069549104,0.7995411957760113,0.5299445631149841,0.42850185949051894,0.6613575196403964,-0.021670257401699408,0.3458705720081436,0.8045258640532559,0.3205880521941596,0.7333453357055996,-0.11138414257800884,0.3759830745617778,0.1909054593750866,0.3905335376949919,0.8742039242470442,0.44699432731962685,0.7319180778120679,0.5940214375172931,0.626059604384523,0.5183329455083323
002241.SZ,0.7648800073812647,-0.3204471926621986,0.07757600326813276,-0.138877306624373,-0.4898866363783829,-0.4289393910071551,-0.5699399040345093,-0.6093474952770878,-0.2082317871077479,-0.5743729274479997,-0.1843115041778284,-0.2469593058291065,-0.5786933596703637,-0.6255319665574335,0.41231241002819513,-0.5874514243757815,-0.4057313814248465,1.0,-0.31803184568562537,0.5849840227499428,0.7816363686295835,0.5186126468521631,-0.5108653943580855,-0.48419370784749877,-0.7110017380710058,-0.17802614814037754,-0.27506467932828615,-0.45193356271378854,0.3710437091300209,-0.6948478969479471,0.17443624402120672,0.15648603809798395,-0.2532063170866516,-0.03402044240093874,-0.41582991756694915,-0.30546477188312765,0.21376671040063022,-0.22813058728434563,0.4535720463815666,-0.227244696167164,-0.656902036828492,-0.6881103646628942,-0.5904647427602616,-0.6640079356995691,-0.0593666359088891,-0.5852791969177482,0.7024637451944401,-0.4582872463790167,0.6671791438949802,0.5569158555111339,0.5559995061937311,-0.47293095677005753,-0.13894613482985677,-0.46819482854295263,-0.4937926235106913,-0.7035675661126164,-0.6628742306440715,-0.0516103012476419,-0.3267146170622965,-0.471779090845885,0.23902249996940142,-0.6831043667977491,0.42390870416175047,-0.14018314541521637,-0.34962493252793164,0.5314294045168683,-0.13951225740354356,-0.08937219563143795,-0.14716082813039316,-0.21178481399146265,-0.6213805474289901,0.4597793436460107,0.12375467370633515,-0.26027369808579476,-0.10066964418963133,-0.31356247200169945,0.2924142415319048,-0.680899811269915,-0.26018754928116944,-0.6237853489992724,-0.6277674186687962,-0.48292611667277335,-0.44480463124762076,-0.4635687506172475,-0.046943417084641066,0.038217556081128604,-0.2741260902631591,0.38141690668480505,-0.1552569372729202,-0.39283453087626247,-0.002734792959051056,-0.1406115241735764,0.0938971308874717,0.2930436338985459,0.3181386662603229,0.01686308383035327,-0.5370354916579506,0.04507963087722108,-0.6618396983408212,-0.16624848196181166,-0.6640846319272581,-0.17378552671492187
002304.SZ,-0.1734302961737543,-0.17535859209230867,-0.18814177012708708,0.048820182647625054,0.09874859511593796,0.16046042672645658,0.7939580562424243,0.30238835704905664,-0.13478647749373165,0.3902947966090094,-0.1433111885147295,0.8351769562380075,0.5515104115837428,0.37793434616713967,-0.2826448806367469,0.2604049590098275,0.3387916743158906,-0.31803184568562537,1.0,-0.3266339348553728,-0.25485148824655224,-0.12690725833305214,0.14287344160607382,0.5401772312655486,0.28190394495942656,-0.003022492803570661,-0.029732661522065246,0.3110880163112249,-0.5805973364839198,0.33709988685457354,-0.3510445699114883,-0.3993054650255914,-0.08620204520343684,-0.37628893797577234,-0.180199617945238,0.09585113970675248,-0.17659428031243277,-0.047813497556010186,-0.5177957845058193,-0.14829881794349745,0.340683119738538,0.3348861482267831,0.36395003402315074,0.33013936233381896,-0.13273702149632235,0.5444272935015404,0.0962729104625572,-0.04637036178240769,-0.33111321626911083,0.08010130271399565,0.2884400442182175,0.251570694842779,0.05168182998867749,0.25062157327413315,0.009607746389278166,0.25184918930250805,0.16010444214554212,-0.4270658481025014,0.6874356898582789,0.06610099709366385,-0.45744258326695,0.4970985584107131,-0.5928787324605725,0.4720642687013177,0.03470022627588305,-0.6838039913769868,-0.17500293879986825,-0.3062080878702346,-0.09724982792291308,-0.19130760488499363,0.35759814381507504,-0.5270565157420655,-0.4779456360511079,-0.16336550995356505,-0.2529615728355563,-0.024380916722965846,-0.5075136906582604,0.3112434484625599,-0.044610189366436036,0.2856736509453451,0.14641943341944985,0.05077791020743816,0.10738643037269115,0.013043051705704018,-0.07521726382984086,-0.3924490701160561,0.1435299161274288,-0.4931789684487424,-0.31241670675877875,0.17483595466182958,-0.4823788727448652,-0.13074359370123603,0.5553934403690971,-0.3192172950807111,-0.3391981561024276,-0.27416400351244935,0.2639880896945392,-0.3384428742008545,0.5507904824584883,-0.20167526232100993,0.3781270166949682,-0.26651941183640593
