,000001.SZ,000002.SZ,000069.SZ,000157.SZ,000166.SZ,000338.SZ,000568.SZ,000625.SZ,000725.SZ,000768.SZ,000776.SZ,000858.SZ,000876.SZ,000963.SZ,002007.SZ,002027.SZ,002230.SZ,002241.SZ,002304.SZ,002460.SZ,002475.SZ,002555.SZ,002594.SZ,002714.SZ,002736.SZ,300033.SZ,300059.SZ,300122.SZ,600000.SH,600011.SH,600015.SH,600016.SH,600018.SH,600019.SH,600028.SH,600029.SH,600031.SH,600036.SH,600048.SH,600050.SH,600061.SH,600085.SH,600104.SH,600111.SH,600115.SH,600196.SH,600276.SH,600362.SH,600406.SH,600436.SH,600519.SH,600570.SH,600585.SH,600588.SH,600660.SH,600741.SH,600795.SH,600837.SH,600886.SH,600887.SH,600926.SH,601006.SH,601009.SH,601021.SH,601088.SH,601155.SH,601166.SH,601169.SH,601186.SH,601211.SH,601225.SH,601229.SH,601288.SH,601318.SH,601328.SH,601336.SH,601398.SH,601601.SH,601618.SH,601628.SH,601633.SH,601668.SH,601669.SH,601688.SH,601766.SH,601788.SH,601800.SH,601818.SH,601857.SH,601877.SH,601878.SH,601881.SH,601888.SH,601901.SH,601919.SH,601939.SH,601985.SH,601988.SH,601989.SH,601998.SH,603833.SH,603993.SH
000001.SZ,1.0,-0.4583453672581474,-0.43724398876639486,-0.03059707687053313,-0.4527902683709746,0.03745278735507762,0.5829683244399921,0.715776819573251,-0.5669986943663942,0.2917425753049471,-0.09542547515159015,0.5422494040655855,-0.2852406847562435,0.6634229416835525,-0.36847907203814567,0.7262231402846905,0.2944773959828137,0.41759246174583403,0.7905863177039936,0.5792164470273294,-0.1383287628785603,-0.761299972659314,0.6879627048181985,-0.37957227171223146,-0.03085555432827412,-0.5457176810715868,0.3118232909618132,0.34875312590741253,0.4717900037493699,-0.7040763947877209,0.6181792495654882,0.4709676631439715,0.38928730862240535,0.7959750121264086,-0.1360770124058805,-0.29088983242063166,0.22131706025684927,0.9394398416588499,0.06076001902012193,0.09749372913447019,-0.5783374276824522,-0.3887729650268363,0.6845621307824507,-0.26871996633988354,-0.41693266195626033,0.3442134214673549,-0.13853939315656963,0.551080055666681,0.45378786098108187,-0.18371939179089347,0.06817345629581421,-0.5121235172083388,-0.6781906151926217,0.5593145225712464,-0.12240770364242176,0.5649346417673694,-0.5449686393181669,0.09158875853633959,0.2895667586412165,0.5487545655162558,0.9230892407798584,0.4021251798053111,0.42163784415750055,-0.5564081356890626,0.4646495659086085,-0.737613380734084,0.9514330904433015,0.5796133167452969,0.28575959870620044,-0.2535982547915758,0.34691637859654373,0.06982189078631444,0.6019687612308843,0.679074793209812,0.5422126035279128,0.7578896612184693,0.8140176943788173,0.7651234838147544,-0.41120618384125335,0.8104364470545407,0.7284207192530987,0.3642464908934701,0.6712220281054334,-0.014556993959089493,0.006052818589094229,-0.4883692991499841,0.24646964673213465,0.842389221287608,-0.22373326664898943,0.07611357621149467,-0.6791602620007123,-0.4451644098309538,-0.7810165916807549,0.3705106950757541,0.4858318076192585,0.8452698376547979,0.2738340722971449,0.366298874923818,-0.5277484899815268,0.701594031424872,0.5897998700126627,0.5337707471985323
000002.SZ,-0.4583453672581474,1.0,0.5323292940394856,0.24258137561397794,0.5653789155118691,0.0013163223425489516,-0.4433100507482158,-0.5643718104896032,0.4780612428895285,-0.12126424343884497,0.33385020781464503,-0.3466644892448354,0.0210729547916563,-0.5525993253696254,0.2569535088489072,-0.6122057085135811,-0.4193315101567527,-0.41404959962626037,-0.526584500684825,-0.5274205083436446,0.09722275267118165,0.5208449715350976,-0.498413791631186,0.14063487641451117,0.2675976893536082,0.5326806719060246,0.03718522935194809,-0.29449700003403584,0.16816517504944303,0.46233061138503334,-0.022310227270917346,0.24885573322226864,0.06193009333803463,-0.42396049484462095,0.32577391237283876,0.41041314855784194,-0.07778180921591495,-0.4269740438420506,0.5377096471671179,0.13024211811652078,0.47646966961747483,0.583504766097776,-0.4679917823932258,0.27077226093370355,0.5116817365742127,-0.218869403266881,0.07742225444312802,-0.4174234562342222,-0.3969703015042703,0.11849940299753843,0.06323273243368914,0.47089235947261837,0.5645766133747584,-0.4135692886164722,-0.013200386016443882,-0.40482449297746514,0.6007049357656015,0.2422832330715011,-0.15493415266869418,-0.4133928118666492,-0.4021300881963556,-0.007218161644234204,0.05651018284254942,0.36888366294533786,0.08137613565709294,0.6593164424087395,-0.351026945402603,0.07599805141091842,0.21572713018223286,0.3306404941769679,-0.1267649134832475,0.3361790776799091,0.10276290569633702,-0.07471624226017633,0.13868123371178356,-0.2739930275559097,-0.20881498117584296,-0.2548149155005608,0.5750038333361674,-0.3208795776330364,-0.4618050629368533,-0.10410816235993947,-0.28420316650594374,0.31175162582407817,0.3156565389717298,0.5152390377463395,0.19394870861689564,-0.30070842736824194,0.5396484647768568,-0.0011263533913275503,0.5392747534959389,0.5107008027896855,0.4635357590864168,-0.28473817128398765,-0.2683437818011649,-0.20061687766547934,-0.020498351420715193,0.29177059937235655,0.4659309353801615,-0.04874424958943666,-0.48014829807834786,-0.34513252050731885
000069.SZ,-0.43724398876639486,0.5323292940394856,1.0,0.5745595703492694,0.8253771672509443,0.5375171493500964,-0.3508528380835498,-0.2890428618331265,0.7695895361579398,0.4205064098062146,0.6992196666999083,0.10029071999117632,0.5477376594277633,-0.4568520367346911,0.7112749226299063,-0.2792945980350575,-0.1517201497164459,-0.32992618093621545,-0.34358886016553153,-0.26651134739184607,0.630922993115726,0.4435315099433524,-0.3375847357294966,0.6370560955829877,0.7464025517478832,0.7414428308305242,0.45665359527591803,0.1672706215367181,0.23290907298263788,0.5559181133235507,0.05518471270579688,0.18657218978553472,0.3471364486997717,-0.4941831270152319,0.6575418316508028,0.7357915770304345,0.4269445750351734,-0.3871881759688363,0.43075991572491673,0.4458390585248602,0.7425490850955851,0.6754886408372441,-0.38837614494852585,0.8063977487579823,0.773482752208923,0.2576827086797702,0.5801995162305251,-0.1745065431376361,0.04433037461555548,0.6219209208981639,0.4926758808156427,0.6940788429765025,0.6443112230628586,0.07426310943300236,-0.1741680468514103,-0.3176572056039129,0.7259735383560404,0.656934381249824,0.018291277318681163,-0.03357387599449582,-0.38759385774708394,0.4231581278449634,0.21450639787655293,0.5150665715627621,0.30599656192552,0.5429543138756022,-0.3162728910823094,0.14299555028492308,0.30754735374943537,0.5990237694039399,0.33788936088924615,0.3706340410811741,-0.008621004142109692,0.15661704264980056,0.018709013816006283,-0.08317571001445495,-0.24828918108661,-0.11154718609978846,0.7065187040877877,-0.1430847828250438,-0.1672499937463796,-0.12817410772675245,-0.16023946047249868,0.7012020007907346,0.7173357273783139,0.6496209364480845,0.36040296733255595,-0.09990163039131189,0.8234105505560873,0.3991238203030389,0.5992840672323334,0.8049468262488185,0.3441361874122602,-0.37481833536891207,-0.17864298368939713,-0.28156263076963345,0.4349664730209519,0.24502036011021158,0.8620737285178007,0.06275193119624829,-0.2514629548678388,0.0681931056145958
000157.SZ,-0.03059707687053313,0.24258137561397794,0.5745595703492694,1.0,0.6976124573823806,0.6391392765972626,-0.3141417842068697,0.003455675879055403,0.48993465388026,0.5572563034474448,0.7593209568755587,0.14908814729613018,0.5913218599800348,-0.3739698715745203,0.6675664337198587,-0.034545034012876334,-0.26618829484126877,-0.4564844756134112,-0.15804638487073197,-0.15725184274728768,0.43550697098056596,0.3305429529858636,-0.19302009328759018,0.5792474563737019,0.7076078674223449,0.6242123697884511,0.7321050329377301,0.458457730149554,0.6728450298144787,0.3505476879165659,0.49281139362494875,0.5265814954160327,0.45807911534540574,-0.3187251842229138,0.688851883329693,0.6527950814306241,0.7041489385930105,-0.01188493203958054,0.4368840768491579,0.6146576695548873,0.5735809819527892,0.5380048136795735,-0.24518239101125006,0.7295830191654584,0.5643578341168798,0.6211459803618977,0.5261860118775273,-0.16507867588163908,0.05513233371215037,0.6568083036770599,0.5868208872748144,0.5816928206267286,0.5455556921247541,0.2394938352304401,-0.4145792783146793,-0.2306037192015963,0.5594132685872454,0.7022658683209144,0.33214275855062286,0.08467817178416341,0.109927325988191,0.4838665771328942,0.5754399128844309,0.46933261288818007,0.5673348101132335,0.30771142757687403,0.07771868684834814,0.57942346936344,0.2679492716378786,0.4314609847892909,0.6193353767293783,0.6885198507673187,0.13677012733364793,0.4801051156299843,0.21570103048213818,0.23184969082456805,0.05105262994092113,0.10343195379706416,0.610821208301087,0.29294540854405143,0.07680562948827312,-0.25526244931311254,0.016050916446239655,0.7672155665245267,0.6868545785659803,0.686236123560164,0.3100958870924429,0.28838670708737685,0.5822371637400711,0.4850874175408159,0.381261068763141,0.6986829652464298,0.11028941232310951,-0.5227724326838014,-0.22146603848056404,0.12807887364957646,0.6279175831020802,0.2598825479123436,0.6120628314823934,0.5150390202741356,-0.12298278861282545,0.09479071591460614
000166.SZ,-0.4527902683709746,0.5653789155118691,0.8253771672509443,0.6976124573823806,1.0,0.5005367600284588,-0.47562802118954955,-0.4083251093497115,0.6978743528220583,0.3952002238480949,0.8597193492717284,-0.041788662550955986,0.6597136025810578,-0.6620740898364598,0.7319513154213796,-0.40262367544343913,-0.3578207919932635,-0.5605377634720808,-0.4596278290243084,-0.438353939752172,0.4766542267061665,0.5754463333180241,-0.4911282133948102,0.6831803454194975,0.8101384809420464,0.8797176302533121,0.5422716302149392,0.19285387836478854,0.33346798287783547,0.5318828506509933,0.12172445850428375,0.2630821694819399,0.31366958265352424,-0.6240907078643518,0.5777102431353666,0.7691242679478134,0.4318796365877527,-0.38444672172084027,0.4221208222270287,0.43188466957197796,0.8617540250998177,0.7053579262887952,-0.5385780545460276,0.7437087351113401,0.7824394502211773,0.31614457060560314,0.48866194156886106,-0.313940698990078,-0.0832879516697546,0.6665427711024458,0.5199587259391685,0.7206497167143328,0.7220755278820438,-0.03953088500303644,-0.2800053594161325,-0.429738061084774,0.7506151381617737,0.7776734035363869,0.17358488093054256,-0.1999917352750209,-0.3536133458763173,0.33761106480444975,0.25821239860728246,0.6621356389679199,0.31860177808301565,0.6819830767858209,-0.32017808790890706,0.26225604188781143,0.19976682975223795,0.6592733138531549,0.40205073582704537,0.4857330100114387,-0.06739838298525748,0.10708419161063476,0.03288873626146739,-0.049519390968929516,-0.2837484938451093,-0.2527368417204468,0.7645536986208575,-0.13626084865079877,-0.3151429075199526,-0.35432202159263776,-0.29015387779056834,0.8250597970387407,0.6215521936401062,0.863780421628442,0.2540588499644519,-0.11480183503262015,0.6531142571383469,0.3778756208454248,0.7551752215976922,0.9624142459288482,0.48360968107683694,-0.5298385310879884,-0.37177781664630555,-0.2541356419965919,0.39244017124152,0.20158777859461993,0.8013205913778907,0.10061489495424451,-0.2824736091863229,-0.11590435391597442
000338.SZ,0.03745278735507762,0.0013163223425489516,0.5375171493500964,0.6391392765972626,0.5005367600284588,1.0,0.11261456404690491,0.2719503633976673,0.5837792240812946,0.7662006774274283,0.6904151068129813,0.5778660186721055,0.6074284462652774,-0.02867323766147772,0.7503439587694084,0.2690592728184283,0.28332971173082105,-0.04473219996901071,0.09626224820952822,0.25894084618131774,0.7876987292843863,-0.047201846288116224,0.24432209082018405,0.6481746759591346,0.7152272731724918,0.3769351151249017,0.6532297403286419,0.7285762740094178,0.2998231376264589,0.06552772693013147,0.18609223984646386,0.16729832626119032,0.452963157564722,-0.11531107673884772,0.6541334752687877,0.4847650880572081,0.7760211605866655,0.03832465798861796,0.18209990557338226,0.4376818745354744,0.5009504603974843,0.4295196985406135,0.16209326759343765,0.7459246401441922,0.3516400068875312,0.76426142229549,0.7588126977592622,0.19821180930836635,0.5520918951980365,0.7035960982435943,0.6373291828393167,0.33618868502836513,0.2421548894144727,0.6427056587499861,-0.11743868169454941,0.18487979024379717,0.28542746741681646,0.650792392769145,0.3169795431613815,0.4579057338174504,0.0773185903696338,0.7196480113652282,0.24851211063694276,0.31669297956436565,0.5400192821278847,0.0020650762034419546,0.11455734708260433,0.24898796214369642,0.12615826131440164,0.6224781799888064,0.7847140671518033,0.18515131474549754,-0.08021205484615382,0.4040025542942862,-0.049567099615281475,0.33089910205249373,-0.09146017415420338,0.18746359849484162,0.2321988735551086,0.21180514173686824,0.31917682142027604,-0.06941693491468319,0.12808990803630585,0.6857610843098465,0.595744957951791,0.29835795085393896,0.24780068092603158,0.2949880340029389,0.4642199851595403,0.8083921251084201,0.26723267192138067,0.5191293026425666,0.025492199568752354,-0.09946710197196246,0.3441154874395283,-0.006058227535095269,0.8053300211148701,0.01918848540751972,0.5755028780272109,0.31255398209444046,0.3220218351327759,0.5551472054106826
000568.SZ,0.5829683244399921,-0.4433100507482158,-0.3508528380835498,-0.3141417842068697,-0.47562802118954955,0.11261456404690491,1.0,0.7306972312045775,-0.25115289504613636,0.23876882513902942,-0.18079751905690208,0.8010264187659496,-0.2037126708608107,0.8471442655240159,-0.31760665232359,0.6234084157165112,0.7269825518425379,0.7811337470099265,0.7497866809787029,0.7162148865871013,0.10554372990001493,-0.652469958315342,0.8963236852763363,-0.2585504665485258,-0.04199316549196521,-0.542794036693292,0.11768366800490478,0.43035353805913484,-0.12578374207031517,-0.6562134458442678,0.06089121073631365,-0.13903211366155668,0.14761659413871916,0.7010585412457951,-0.11236261101931622,-0.3616097478666657,0.2540872971897929,0.4993995032478698,-0.3050161224308767,-0.19178040580610167,-0.5599321091385728,-0.4229332390271439,0.9111982798417523,-0.2305933667275152,-0.45431576085913167,0.21384531889227446,0.09810053935376882,0.6647980853407338,0.6341571085694208,-0.06809580563810545,0.17844029372900957,-0.4561132771010051,-0.6418710027562001,0.49213425331200605,0.39211851960362026,0.8781333700011308,-0.6362741355482319,-0.03569720176642242,0.22043998077063123,0.7450049974569644,0.5023514954019818,0.2656324139548998,-0.04128530408758139,-0.3998254954591261,0.13969171631704788,-0.7431555688527375,0.5659175926517354,0.016745937637860198,-0.024105034870120053,0.10693252279254795,0.08059519253762185,-0.3376306286082827,0.053593942900071447,0.27743316857767414,-0.008651410820960569,0.6381959712439796,0.33905381996153117,0.3797261776852938,-0.6128012291494417,0.46559042009016144,0.7440674241097179,0.23259146376213824,0.42863624939943207,-0.11567381478222355,-0.1776793776237087,-0.5895496434124133,0.022531793636352063,0.4545235635106804,-0.2821281941482024,0.28138691105609376,-0.5490001403965997,-0.4618886925229508,-0.48115278355518876,0.8097637088634125,0.8031757603721537,0.3201292229757693,0.2846659841067369,-0.10168302852943266,-0.4972954741001209,0.1725037042779295,0.7389447961923316,0.7094478274152959
000625.SZ,0.715776819573251,-0.5643718104896032,-0.2890428618331265,0.003455675879055403,-0.4083251093497115,0.2719503633976673,0.7306972312045775,1.0,-0.26649084813773255,0.44110848927131746,-0.07169945288659708,0.7294907842625108,-0.04291792671330258,0.7246941035722028,-0.14319592511257734,0.7625340958381446,0.48135680218175153,0.49812336874640745,0.8098646261423456,0.6164270319634825,0.10184472676628385,-0.6400192378647437,0.7958835500603153,-0.08027019575343614,0.060981117394129265,-0.45892145678391083,0.3784117015676998,0.5278447536707428,0.22790052812962144,-0.5864242967094705,0.39189263178895034,0.16667227334077397,0.3196833031202737,0.5500672812551938,0.018650223399035853,-0.09933827799981859,0.4059862399079815,0.6406585558706636,-0.11132752895623016,0.29301651108137744,-0.47690121991983747,-0.3187411200810342,0.8349004376240435,-0.03695425081745474,-0.27687955957259003,0.5115093857760248,0.14045126093368787,0.6185290995234394,0.5860576824317643,-0.007592535064430306,0.258566228057906,-0.3476618974124248,-0.5518542141054387,0.6070477276630296,0.03767314779470079,0.7504266778930583,-0.4723210970392142,0.10960033709336964,0.3146176616654326,0.6950305786339867,0.7180276976199802,0.4672428489274223,0.2691333528954847,-0.3206731235544898,0.3077355472834716,-0.7380726688630211,0.6939632625163087,0.3380834648175939,0.1737735015447469,-0.07495634531316293,0.38742153637733034,0.012759303496618671,0.22066927144886087,0.5279173691804938,0.15983523493446583,0.6560666551253383,0.482318454943669,0.5866809253012132,-0.4249679613814505,0.6580311109427808,0.8777315854685998,0.17549985574107918,0.5012223388040482,0.013068894918556848,0.13676648592520765,-0.4669923055296634,0.15620597094754018,0.7230283202164077,-0.1882143714675717,0.28581061665677826,-0.59961990660742,-0.3746004081133701,-0.6053218920378013,0.4045090430665073,0.5807875404458672,0.4750351029304107,0.4137987814836117,0.025758028718838668,-0.36433210287418394,0.44107390978710465,0.6647983215624172,0.7188810080937752
000725.SZ,-0.5669986943663942,0.4780612428895285,0.7695895361579398,0.48993465388026,0.6978743528220583,0.5837792240812946,-0.25115289504613636,-0.26649084813773255,1.0,0.35419119276621863,0.5713230809532209,0.07759562255526505,0.49159183212447904,-0.3808812163620477,0.7656435018054446,-0.3322936794162202,0.010236808180864254,-0.17304173185625352,-0.42272589784995773,-0.1560316974935648,0.708805094722902,0.5646988716970552,-0.21246297044316095,0.6402016920085978,0.5916088359369261,0.6506148322887413,0.3024945664091602,0.20040732142414644,-0.04691434042476733,0.5584383784559506,-0.21520619981643743,-0.11982116933696452,0.1430185618414898,-0.5204466481877156,0.6109200008894917,0.5740487239268827,0.37024246180401327,-0.5515658959500765,0.109227781111004,0.27400708519355343,0.7498278613393811,0.7098660840586669,-0.2859403590640266,0.7019015677276298,0.6050366400167201,0.21179288048544054,0.6760382635294362,-0.21202336347915907,0.09212380360116747,0.6033695075410902,0.413541427304661,0.7183508989885019,0.6665610276268236,0.09157644659375191,0.15581046511311447,-0.20318339672304211,0.5648798925074896,0.4320754635405768,-0.005131994233213061,-0.015274613544607832,-0.5422429087511235,0.22780498559548598,-0.11375423372868075,0.5724564914732334,0.10742698494398434,0.4721971846600132,-0.44902374959862995,-0.14548812712240147,0.08771508792556147,0.660215331699104,0.23557326092939582,0.12144275876561379,-0.35991504655900486,-0.13067165434139585,-0.28902865948788237,-0.2267066093092246,-0.4889217271356026,-0.3357609373663486,0.6011778884453499,-0.3820283381582991,-0.19836444136101927,-0.25417847780235997,-0.3228609602847301,0.5453039302312684,0.5350656657597442,0.5268909909587277,0.1816741202358164,-0.2947412433545065,0.681969452840577,0.5237802949468987,0.6811755365439746,0.6629254621329054,0.5127271195456119,-0.2115007954120348,-0.028281635830137635,-0.5080951017851121,0.34536613292309043,-0.14668461922225312,0.8823270324361445,-0.1846549074788708,-0.2713491512398645,0.07950305558770994
000768.SZ,0.2917425753049471,-0.12126424343884497,0.4205064098062146,0.5572563034474448,0.3952002238480949,0.7662006774274283,0.23876882513902942,0.44110848927131746,0.35419119276621863,1.0,0.6361339814342434,0.6741787025758538,0.583932904483766,0.1497463065537241,0.53383459380243,0.5069016317767099,0.3673165268744371,0.0664006739719095,0.43940442352373776,0.42774086585715687,0.6044364556844545,-0.15182553151631714,0.38515484810083933,0.6393092402265287,0.7559545596179175,0.22108461478941543,0.7324959074006497,0.6668914746661052,0.4089241189108514,-0.09318538337998374,0.32650314795618307,0.2865191247590265,0.49976350035826433,0.07836187483791249,0.47656231540499755,0.4344582821213567,0.7999179705470048,0.29085911549156646,0.17986071210525842,0.40541277222187605,0.25644682475344033,0.3159606360478746,0.32191823992360186,0.6417593462162131,0.3012273245536165,0.8016090825881487,0.6936284874190677,0.22370551156355786,0.6674031800327676,0.6179167284628799,0.5859461948707052,0.22138226405918857,0.044316395744288285,0.7850520133259433,-0.09635154423336162,0.31296483691928595,0.0819673124857911,0.7125809077695352,0.46882054809512863,0.5080090741623678,0.29086927452872297,0.7656728030771293,0.30558944939321603,0.09242230467393715,0.6082685636046654,-0.21254947095933507,0.3804055226860295,0.3878285828890074,0.23760943200917128,0.47996723523333595,0.7508348534773903,0.22886175959714175,0.08041900092197352,0.5933842765595249,0.13190082362902167,0.5017140156544779,0.1291779811447396,0.3506288262990047,0.18029368505660948,0.38123641385125917,0.5346966991026846,0.12470082714051563,0.3194216769335512,0.6660003831706963,0.5675897691110575,0.2096956052372968,0.35647073995268325,0.6164397321406628,0.392537979517533,0.5809272148369654,-0.01194678015414575,0.37304620049175874,-0.2120249755277104,0.0027094236437939976,0.3523660292698964,0.20427721076480776,0.7808251522484658,0.09784701827728008,0.42927380611489,0.513387396170269,0.49429020337782914,0.5622585966515203
000776.SZ,-0.09542547515159015,0.33385020781464503,0.6992196666999083,0.7593209568755587,0.8597193492717284,0.6904151068129813,-0.18079751905690208,-0.07169945288659708,0.5713230809532209,0.6361339814342434,1.0,0.32317790003640623,0.6375047214175594,-0.3442743376964575,0.7089114667708257,-0.053079831340317046,-0.12635306222008497,-0.33159552953646015,-0.09566543031661408,-0.08780751861430085,0.5654010251522006,0.2431145445942052,-0.11330408288292444,0.6262305152102084,0.9160068750378766,0.7479915699505115,0.7865295131846404,0.5039346296239671,0.5425628571954376,0.25400281228181426,0.38206951259325567,0.4683166560293548,0.5859529804798731,-0.32999946696890736,0.6196692562418419,0.7246783335831976,0.6816256626555717,-0.06003865649380746,0.49169295810841634,0.5462735644348112,0.7341071302100305,0.602549082857874,-0.19393416991392806,0.7832186194966276,0.6609250083856443,0.5858294642488641,0.5761511721272323,0.0012415223821447875,0.2325636955963443,0.77102355303765,0.736953970301358,0.5696427666100993,0.47272257224409975,0.2985672680759892,-0.31705794090167244,-0.11607964581507153,0.5826235248884974,0.9372699179852093,0.2916021679197908,0.15363634617084307,-0.008011504804362735,0.6430252488787241,0.4417859546798853,0.43894341146414284,0.49649330656982577,0.403829024885381,0.04635764302621762,0.5203088221679911,0.3826098225759849,0.7269463466320777,0.6453451721221872,0.5612343783697312,0.06508565250971915,0.4390141144043406,0.23090370481426195,0.3213250068388294,-0.04174240967928825,0.07543459722659795,0.6192507775093263,0.19609643192228457,0.0666361464420797,-0.16869614578634937,0.0716205019182429,0.953076716109211,0.7130716809777277,0.7380414647930692,0.4667934166280537,0.2570455378866577,0.6301431365946354,0.56111265908813,0.5545179527510029,0.868737360463645,0.17019549078048044,-0.31431926328635096,-0.043245301610928995,0.0014272460868505095,0.646383928079627,0.22973532958811557,0.6744839885707808,0.41426141357676743,0.061397003920224125,0.2543489580288716
000858.SZ,0.5422494040655855,-0.3466644892448354,0.10029071999117632,0.14908814729613018,-0.041788662550955986,0.5778660186721055,0.8010264187659496,0.7294907842625108,0.07759562255526505,0.6741787025758538,0.32317790003640623,1.0,0.19780810408243252,0.6600329552321834,0.13976127787439827,0.6820746277440244,0.6713965437288231,0.5642530920576223,0.7158493026279538,0.704187867088851,0.4766526920733876,-0.5541708068060529,0.8236363307168203,0.16859460386939465,0.4505324869060705,-0.14359937671495152,0.5639328586483822,0.7200549322977317,0.19238738939438607,-0.4482254872054546,0.26656143557444306,0.13531790464338408,0.4942853428356507,0.5084443373396944,0.24826221316868935,0.07140125228216586,0.648365456997729,0.5006125034135741,-0.06005524723536995,0.16716045036885996,-0.14525176399768375,-0.07177659622652213,0.7842134712660367,0.26865315214812663,-0.07629709229204516,0.607202663917495,0.46793832736069846,0.6601959813360825,0.8006888182831924,0.39549521249897107,0.5949806248434477,-0.14677949557094988,-0.3375185463467474,0.7755556964770873,0.15200278002365508,0.763859352167045,-0.2779644985397954,0.4564645133404019,0.39132665775569203,0.8266414716744764,0.5177224208190514,0.6874659502554988,0.24366645909172083,-0.17128643054121265,0.46451654346075455,-0.5580327378336475,0.6073762279647722,0.3064530325395042,0.17178597156549,0.4236386058074952,0.5340694672917555,-0.016681862250516637,0.11493368567735829,0.5630426637935623,0.0953318983478623,0.7520468498993812,0.32543053974182606,0.46023910661159234,-0.27649882860326164,0.5890059736537695,0.8116241755627821,0.19472400141533266,0.45980030021017476,0.39405671103730006,0.27869374024074045,-0.2026984033659854,0.25348214457169677,0.6393631409365224,0.10669605829840496,0.5709142816335347,-0.296130126680756,-0.010773268332822244,-0.41142620146654413,0.5335961341292129,0.7391140126659975,0.34550221967353156,0.6869391081207724,0.03557323262997549,-0.04590501618831142,0.4231504537000988,0.7779267582918913,0.8857235615191922
000876.SZ,-0.2852406847562435,0.0210729547916563,0.5477376594277633,0.5913218599800348,0.6597136025810578,0.6074284462652774,-0.2037126708608107,-0.04291792671330258,0.49159183212447904,0.583932904483766,0.6375047214175594,0.19780810408243252,1.0,-0.33158876602583304,0.7395080816915106,0.015445566199620434,0.02352637954196832,-0.2703775267681198,-0.11903029586175806,-0.06524222929115682,0.46464979020005065,0.3880649920465196,-0.23029973494192743,0.9118786413567394,0.6882426461876333,0.5505894267097612,0.5133913160660731,0.5118154723082301,0.10706425048433284,0.3662491247003694,-0.035776916689340216,-0.0004199021723084312,0.25354690479291037,-0.4574992098864578,0.45507712043931375,0.5399701741085863,0.6590833149992581,-0.2426345269877899,0.04898935143607628,0.3459134536028073,0.5983146989957898,0.4595807760796062,-0.25024666697616194,0.6862832973164327,0.46126536152198644,0.6208079788344226,0.5177757400346467,-0.09471321357319833,0.1748374398953838,0.6604490359325514,0.4577827315608081,0.49421662399035887,0.49755363640138306,0.2640165783875979,-0.2160140139819087,-0.18303069304746966,0.41426510005457917,0.5892172615372165,0.36523159409132755,0.007809835366806091,-0.19061972594636542,0.3270330306663933,0.08842038919591144,0.687822011846842,0.24829357087972947,0.3398595081657267,-0.22298300242150695,0.0802863367074627,-0.031042563547075467,0.5151674689641276,0.5401766086338406,0.18746454148386205,-0.32953961593834613,0.08232474984634038,-0.23419183278619138,0.05312232901261485,-0.36721721284576164,-0.1539796830653367,0.41101368254949305,-0.012111437293192959,-0.07182106657554226,-0.38193387510634413,-0.22704586948280622,0.5931698481369693,0.40660697569840454,0.542128708291058,0.03956099135269211,0.035624036391097444,0.3155318197981177,0.39809835251842735,0.4101466814730827,0.6604209635848974,0.37991654139652997,-0.3545284800088702,-0.1916035306062118,-0.27123713609512795,0.44806990093520777,-0.0988934828923993,0.6095999033813632,-0.009508626083476782,0.09352533321068073,0.06659718227898688
000963.SZ,0.6634229416835525,-0.5525993253696254,-0.4568520367346911,-0.3739698715745203,-0.6620740898364598,-0.02867323766147772,0.8471442655240159,0.7246941035722028,-0.3808812163620477,0.1497463065537241,-0.3442743376964575,0.6600329552321834,-0.33158876602583304,1.0,-0.4734423729466466,0.6572054894153257,0.7376248735709292,0.8293723721804236,0.7841622603099022,0.822406971150167,0.047441366654438565,-0.7231993760986287,0.8713354621452756,-0.4163678412484937,-0.21433661231720133,-0.6609488137501789,0.039761344701855224,0.24430453392700746,-0.0885081391522156,-0.6026637660528473,0.11545422155056535,-0.07441459054337948,0.14111214115720816,0.8101058899592491,-0.2751367820086678,-0.46826390476395324,0.09102054176956635,0.5873392010807886,-0.25480301338728,-0.15169496742825203,-0.6883691181588815,-0.46834189825532807,0.8563324264493213,-0.2743640722007928,-0.5345655320767059,0.09210540530334956,0.0076606828960377365,0.7174999322643427,0.6198923143863003,-0.19641839478939324,0.059044301971678974,-0.5268020394515777,-0.6574830924895123,0.5059774531697836,0.32452720000106255,0.7496229582255897,-0.6276927642707835,-0.19550487102141315,0.15040825955060272,0.723890696150474,0.5428968725416443,0.19481001985066163,-0.030693907659857484,-0.5895799263930528,0.10837637723439868,-0.8107228163520216,0.6122292626478673,0.03874519527827532,0.0226825822775257,-0.16780199800225304,0.046603115862691176,-0.29439188643038366,0.12726064690281294,0.3176659841400703,0.07216393403193064,0.5725012136349054,0.4559905451161892,0.4984038657489614,-0.6289177531922292,0.47951775531720026,0.7483429079384155,0.3875056947915376,0.5297304009622982,-0.2683085115510731,-0.18196096646653012,-0.6998351299338498,0.05289973868938347,0.48577292706030833,-0.32376514429762054,0.1269710489891407,-0.7120448009814516,-0.6376296974060532,-0.5990025340662865,0.7756101010689939,0.7282987841260294,0.4088592625660353,0.13692914635567657,-0.07116563378907008,-0.5339251312806798,0.2267692797297598,0.6788708656467026,0.6605862896619628
002007.SZ,-0.36847907203814567,0.2569535088489072,0.7112749226299063,0.6675664337198587,0.7319513154213796,0.7503439587694084,-0.31760665232359,-0.14319592511257734,0.7656435018054446,0.53383459380243,0.7089114667708257,0.13976127787439827,0.7395080816915106,-0.4734423729466466,1.0,-0.12304473154914856,-0.06716458393658963,-0.3310184394412447,-0.30584842249359584,-0.15472202778662195,0.6671580773040886,0.46916223436865084,-0.2599659616675451,0.8140606823661024,0.7093408904426517,0.6411145910357495,0.5071191317743744,0.49873749557127844,0.15535132714490124,0.4649503052982986,-0.019987608355195672,0.060190923129179084,0.2984446121329847,-0.5100880540121908,0.6950440955451328,0.6050324890648019,0.619686178245991,-0.39002861836675456,0.15706803709735045,0.46080657383486984,0.8009326325713958,0.6513096710153817,-0.3205428154265299,0.7513087498943651,0.5689836184724183,0.587295334647179,0.6858966990006743,-0.19737820648673932,0.12332858550167454,0.7281001349997688,0.49472614436027135,0.6137018437854497,0.5478652472874589,0.24277748311016908,-0.19243281714865082,-0.2546704673825075,0.5177222788355387,0.5894402781094635,0.16287132431741905,0.03532696016151176,-0.2847456183327493,0.4340336970745897,0.07284526049624357,0.6510029803281349,0.29811124557453694,0.42355493364076097,-0.28440529823312793,0.09004865941601002,0.08715188655910559,0.6301986446916087,0.5412236163439967,0.2324774445478235,-0.21717044742508718,0.0641431934252157,-0.20919985137179567,-0.08772247119159692,-0.38694923194986197,-0.13340254672586876,0.5134386936710119,-0.1443931849530017,-0.11916017655105597,-0.2978624137214129,-0.2582412805145639,0.6416323762238058,0.5988282033426998,0.5638598525031389,0.1497779586186367,-0.03831743238001492,0.5881217132594654,0.5631339887450962,0.6317721944981566,0.7357954517413706,0.3609114381003331,-0.3946652189270931,-0.11408788324019821,-0.3297226448139767,0.5488110980964658,-0.027078960461364137,0.8078983262569301,0.026285562329246174,-0.07737596120697297,0.10579551332035127
002027.SZ,0.7262231402846905,-0.6122057085135811,-0.2792945980350575,-0.034545034012876334,-0.40262367544343913,0.2690592728184283,0.6234084157165112,0.7625340958381446,-0.3322936794162202,0.5069016317767099,-0.053079831340317046,0.6820746277440244,0.015445566199620434,0.6572054894153257,-0.12304473154914856,1.0,0.5032536058717402,0.5410781730010232,0.8705706403001964,0.7088195644912442,0.10280439142542475,-0.6886080853991708,0.7140106203934115,-0.03491573435231582,0.08032994551159621,-0.481919962728576,0.30091305588663997,0.4423739590096964,0.22197281127415325,-0.5599521878693795,0.32473266554307184,0.14390381783367404,0.28627433390625173,0.6253706940875582,-0.10919154191524273,-0.15572387583082234,0.36055683831365687,0.74120346951078,-0.15552921286281027,0.026213864841827084,-0.49499626815284553,-0.3814486112331201,0.7181330896056369,-0.08786317083423384,-0.35347633073928786,0.5557706551599401,0.11664121886675083,0.49771125319508874,0.6617011265098148,0.027503111737625163,0.16687337207172867,-0.4029097273587259,-0.6009760125510557,0.7342567649446345,-0.05890619488893084,0.6100523715963122,-0.5781727479654631,0.13303461536068303,0.2864159095946806,0.6687846877278614,0.6961957334429708,0.511811712283222,0.20179486935671956,-0.42809923714175774,0.3559986536616555,-0.7264657543256009,0.7186197721910398,0.30656086815290223,0.13075056095798698,-0.12813497238485422,0.43051176728862406,-0.12585661057223543,0.3291171178797417,0.5451083734595685,0.2373013852645011,0.6188175523353967,0.5014474474619078,0.5997196846222629,-0.48520145090217554,0.6140268673122512,0.8033908614015767,0.34232241957372983,0.5859185410698797,-0.008892411932071471,0.002712598701805994,-0.46500202528067014,0.1686567800655957,0.7525838190822213,-0.23093898117793857,0.21951162997754717,-0.6293917099778491,-0.3699222806372929,-0.6665614331257032,0.3977960297330911,0.5931979658454802,0.5340550976075448,0.4937718005989377,0.08740341812199688,-0.3343724119887719,0.4887193855621264,0.7072222629300614,0.5954325141857498
002230.SZ,0.2944773959828137,-0.4193315101567527,-0.1517201497164459,-0.26618829484126877,-0.3578207919932635,0.28332971173082105,0.7269825518425379,0.48135680218175153,0.010236808180864254,0.3673165268744371,-0.12635306222008497,0.6713965437288231,0.02352637954196832,0.7376248735709292,-0.06716458393658963,0.5032536058717402,1.0,0.7443565853976583,0.5005368279426222,0.7686903930339718,0.3827928717757445,-0.4377978397503428,0.720691483114111,0.011424727369347243,-0.004514739859199551,-0.43171376223836266,-0.017658150227866702,0.37113961643720406,-0.31682629380455146,-0.2896066151476841,-0.23065751115852126,-0.3673371113416169,0.03059647698157705,0.5598288767368752,-0.012057473323503903,-0.36562593470898924,0.27022735165017814,0.2174605988105918,-0.401438971692128,-0.26983818191960146,-0.3318564626669657,-0.17626327412355333,0.713304149314162,0.02988536521191611,-0.4285175461267789,0.22826407615311725,0.43248541339600405,0.6428041595915045,0.7679831898055011,0.08206188368585238,0.12445767362694278,-0.24332060187787974,-0.3295757303380233,0.60460575311811,0.603597747596495,0.6968387700622701,-0.45879994512071304,-0.07637694899219656,0.1582119948379769,0.6865326782269116,0.16048051709191657,0.16657557177374466,-0.29415651194908027,-0.3017882755534358,0.05579852617848383,-0.6106267316490929,0.24524911646557657,-0.26866936240385236,-0.13520947439348954,0.27827459657266945,0.14635132363984923,-0.4821337813018631,-0.28358717827258983,0.1213772639609683,-0.22063254375448346,0.3918094522407154,-0.03389116599636391,0.17832920357249893,-0.418922455413997,0.1402267458237385,0.5233037001802192,0.37871510568430583,0.32983434830209013,-0.08894175638660469,-0.14776800491012745,-0.505944237162624,-0.025528010765979266,0.20882095703605583,-0.1157119233256997,0.42111739645816404,-0.46878619800984983,-0.39316879027878365,-0.25466477501722096,0.7798464053982475,0.7803584384163331,-0.022089014067962445,0.32125424819810827,-0.31713257701663555,-0.1692390781391324,-0.03651231109247143,0.710411384094436,0.606375643022674
002241.SZ,0.41759246174583403,-0.41404959962626037,-0.32992618093621545,-0.4564844756134112,-0.5605377634720808,-0.04473219996901071,0.7811337470099265,0.49812336874640745,-0.17304173185625352,0.0664006739719095,-0.33159552953646015,0.5642530920576223,-0.2703775267681198,0.8293723721804236,-0.3310184394412447,0.5410781730010232,0.7443565853976583,1.0,0.6109246364347072,0.7744355644646138,0.22330408710013505,-0.47826946379263796,0.7412905454240039,-0.33975164470703273,-0.20227589364926676,-0.5491460355267016,-0.08557576069529482,0.1706370616519237,-0.2983997488964966,-0.39281232883035605,-0.09188857086024836,-0.26197669761990205,0.07624380216396211,0.7258829195276405,-0.15439595423348376,-0.4559232363171584,0.05352373805332047,0.3307365971218666,-0.34827749489046916,-0.32036829778096426,-0.5547134867297167,-0.4178849129714337,0.7342541567053192,-0.27345446601721785,-0.44093972782671464,-0.0028402081871046294,0.0653964768843995,0.5857664295990067,0.5567397439740424,-0.12760005509881564,0.013177253627406385,-0.40969477911586,-0.5438971299015801,0.43474910371883274,0.4841543717784513,0.6285358290626015,-0.6151835776890048,-0.25231224614340886,-0.02214876620804788,0.6356460101361358,0.27462527107339846,0.09757904609818831,-0.2838578029587178,-0.5126327758062783,-0.018532229206259673,-0.6685497701156141,0.39996887332540126,-0.1669760027919938,0.05443000420851155,-0.06111405188386099,-0.07049760248323851,-0.47643199599313424,0.02661933477056483,0.1087507787907428,-0.016878079107136946,0.4114398725098658,0.2638444225788453,0.31021845485837524,-0.5542509896078819,0.18953316384099692,0.5911850896710319,0.4353314756530044,0.4617249862860513,-0.3008126960401965,-0.23364318794951963,-0.6358052283222876,0.10015024738207838,0.26739455281216623,-0.17330683608263117,0.19955475607370232,-0.529657055009598,-0.5364513453387306,-0.3983901854722926,0.7669982311594993,0.716186281240943,0.19529078430254354,0.057763031317027556,-0.0782239508411566,-0.39096216509172294,-0.004247802938098347,0.5211335474740636,0.5466795978023572
002304.SZ,0.7905863177039936,-0.526584500684825,-0.34358886016553153,-0.15804638487073197,-0.4596278290243084,0.09626224820952822,0.7497866809787029,0.8098646261423456,-0.42272589784995773,0.43940442352373776,-0.09566543031661408,0.7158493026279538,-0.11903029586175806,0.7841622603099022,-0.30584842249359584,0.8705706403001964,0.5005368279426222,0.6109246364347072,1.0,0.7108815345399485,-0.0005529896825717737,-0.681023728318006,0.8082926534627929,-0.1770867891699884,0.046911360867447204,-0.5362689863336999,0.3213439197153511,0.36733843002515326,0.22352695909821052,-0.6428382556015791,0.37214496808688763,0.21445285573152448,0.3199208480222056,0.697486453122834,-0.2155768695148271,-0.19601068848519868,0.2805168439370788,0.7623828370830235,-0.05465491324904909,0.044863264004634695,-0.5895347507997021,-0.43531547034757123,0.8083964361425989,-0.15340355335938324,-0.3413768247093165,0.41563865275534156,-0.0017642371058190498,0.5769086270775824,0.6347044782698633,-0.09575722181211725,0.15070124198378698,-0.5025956898697567,-0.6712390646795005,0.6270611313375587,-0.01714571260544394,0.6699907729806179,-0.5952841031952265,0.11131150582614037,0.2502915411802084,0.6659168110578725,0.7358071079682995,0.4954064652778029,0.23737220399775763,-0.4961725715675375,0.3155309449892139,-0.783985554815275,0.7845279470095927,0.3326383451934646,0.18358804616236502,-0.1675791902756517,0.3130538625952677,-0.08191675791888468,0.38800502802813613,0.578031934138643,0.32090151165229547,0.6831757189247294,0.5928837037029318,0.6811839872424287,-0.5072303915736741,0.665756487667169,0.8772712951006962,0.3928529507577487,0.6225624655914253,-0.024839671415401655,-6.048635793559631e-05,-0.5077127761675538,0.22097668452713304,0.8184486420588094,-0.2590950745561366,0.12627761067753943,-0.6778600401053141,-0.4241940488961978,-0.7127678548983437,0.53401853858506,0.6063037254574506,0.6046883972736316,0.3441194442357709,0.17043094726007638,-0.46119605532335045,0.5031098327604936,0.7089123039401483,0.6297325232114092
