,000001.SZ,000002.SZ,000069.SZ,000157.SZ,000166.SZ,000338.SZ,000568.SZ,000625.SZ,000725.SZ,000768.SZ,000776.SZ,000858.SZ,000876.SZ,000963.SZ,002007.SZ,002027.SZ,002230.SZ,002241.SZ,002304.SZ,002460.SZ,002475.SZ,002555.SZ,002594.SZ,002714.SZ,002736.SZ,300033.SZ,300059.SZ,300122.SZ,600000.SH,600011.SH,600015.SH,600016.SH,600018.SH,600019.SH,600028.SH,600029.SH,600031.SH,600036.SH,600048.SH,600050.SH,600061.SH,600085.SH,600104.SH,600111.SH,600115.SH,600196.SH,600276.SH,600362.SH,600406.SH,600436.SH,600519.SH,600570.SH,600585.SH,600588.SH,600660.SH,600741.SH,600795.SH,600837.SH,600886.SH,600887.SH,600926.SH,601006.SH,601009.SH,601021.SH,601088.SH,601155.SH,601166.SH,601169.SH,601186.SH,601211.SH,601225.SH,601229.SH,601288.SH,601318.SH,601328.SH,601336.SH,601398.SH,601601.SH,601618.SH,601628.SH,601633.SH,601668.SH,601669.SH,601688.SH,601766.SH,601788.SH,601800.SH,601818.SH,601857.SH,601877.SH,601878.SH,601881.SH,601888.SH,601901.SH,601919.SH,601939.SH,601985.SH,601988.SH,601989.SH,601998.SH,603833.SH,603993.SH
000001.SZ,1.0,0.6037008533253247,0.1885882222053484,0.4602758237727053,-0.13837204547693407,0.6275625311276695,-0.41965229924765785,0.6821513719567296,-0.06995277907194068,-0.17167401536478524,0.3396041503949119,-0.09200850441159812,-0.3355937807793355,-0.32277275477574946,-0.5429264252806414,0.3420459938108373,-0.029244430469046578,-0.21517145769030963,-0.17271431651310884,0.4161288569752677,0.004736188026535461,-0.3392580319155136,0.43167034182151065,-0.38483731575434105,0.05284644210856382,-0.07034699251115935,-0.024247259558423995,-0.3643475069629005,0.05184600491527816,0.2380382963258457,0.5103282604264984,0.15771304888211127,0.35478638800792117,0.5781358849960571,0.18450429993264517,0.47731999789494767,0.48483082123061755,0.8670457365234282,0.6310239804571135,0.23967051483498017,0.05131218858437367,-0.048088089477936385,0.7641510414874769,0.05952047200758181,0.543755202998403,-0.5158858285311414,-0.3988272853199719,0.3547666758998451,-0.14063819100801264,-0.10741911345245263,-0.25293948250991355,-0.40133311674553246,0.46581980006525187,-0.18824078824012003,0.6447891131089724,0.7572605188687116,0.530277584088825,0.06713458269814469,0.5523841781442979,-0.24218355121793633,0.5241098688326752,-0.04189539610675367,0.4210677790079896,0.28609372394678784,0.4691909681740874,0.18635594079663223,0.4331911086904956,0.37550277697754125,0.26756738334703206,0.06551685347617103,0.6298146508748981,0.16392581830829223,0.49405340972929285,0.7997340396870237,0.4189558383244487,0.58562290530673,0.7335126166555525,0.5373334531409376,0.41647768808685354,0.46063799998261107,0.6204099331901648,0.7343917300606114,0.25106058876824805,0.15804775091549186,0.19092114101604377,-0.05925848127089348,0.18275749398158814,0.1940896157676363,0.06827887531649592,0.12634105968471798,-0.0196059584650095,-0.00940091288176099,-0.2305351891689006,-0.07507113204879436,0.13119631860068062,0.6773830402163726,-0.031718995441433695,0.5098149423632008,-0.07169493040513666,0.3065720983569935,0.6046769560189826,0.18838910832823674
000002.SZ,0.6037008533253247,1.0,0.31674303300529666,0.28209117560228575,0.14088672910281805,0.49461485499432706,-0.19090128295709477,0.4105005244955129,-0.0963252009026939,0.0010269226032728247,0.4061356758502353,-0.154891559166603,-0.19220389185261885,-0.2052529085797781,-0.3140073682677975,0.41166264157442006,-0.015225374223769803,-0.22736301849137777,-0.15059397492022608,0.35753877975663495,0.06967347868643022,-0.38071819695346826,0.35445389389556375,-0.28909658829620305,0.3266519379017884,0.13381398048658652,0.15116996765005844,-0.18910973308923343,0.023792487195668826,-0.056142610575305944,0.3014504360170022,0.1256479841175786,0.2894627211905237,0.46415853327830264,0.20006499896716687,0.31029812402812335,0.42552529170333714,0.5429284877111558,0.7110969801751409,0.12965350190346706,0.14679578891820774,-0.07198840005259209,0.551091370468138,0.050065636462399775,0.3208219972619829,-0.3326930385895416,-0.2818433520428301,0.3552264301358568,-0.17151422672048658,-0.26702369471590326,-0.3270203207831237,-0.21968583903145564,0.23210220773319712,-0.13590620696742192,0.4203639118076716,0.5429846235768258,0.25841214634967774,0.22149129212517762,0.218205173990077,-0.14940506956598557,0.28577337794972274,0.07065300814966212,0.19779620693065295,0.1288751581145076,0.6985929954192956,0.3523334968806377,0.4574907328513405,0.2578163775420137,0.25470287386341356,0.18096079524947684,0.5432222485376584,0.12565250207922682,0.4794988652377943,0.5709153581141054,0.2524499049609144,0.6057167568690465,0.593209118373324,0.6668209884529492,0.23491136157123282,0.45338147646448923,0.488392290828747,0.7284135527886355,0.25858876829798355,0.30567876989241455,0.16738955916521212,0.24073781112299628,0.19836464426480613,0.12796886784964434,-0.06493829665493747,0.04499408702446559,0.2424421822655465,0.2322028874083347,-0.14902341378450634,0.1691365927826526,0.4541133002314677,0.6843418378831753,-0.03129723659550037,0.41197711241930096,-0.039210996242570045,0.28520547470149216,0.5135078574543329,0.13300918224125455
000069.SZ,0.1885882222053484,0.31674303300529666,1.0,0.36100066331700104,0.3933239319809309,-0.02664938136470929,0.36861232155753737,-0.30684572790189574,0.7539893859103612,0.37182738664244247,0.5361028741607382,0.5044774842548273,0.6660894072207735,0.4523768692459013,-0.21211684460586935,-0.3323349885372446,0.6527220263858036,0.21995007476100126,0.6927143969357207,-0.2661104957405827,-0.39250395758589646,0.458851849917465,-0.44701705872712133,0.632707394606733,0.3148576814391609,0.1183831454998014,0.4923760330430175,-0.4380832652102952,0.8683662653686691,0.5422052159259549,0.7109731653528916,0.879435864219226,0.7925064834277022,0.6378837046011417,0.80031452723849,0.5415018443435873,-0.4120902196483853,0.3546959124028255,0.6100855559602751,0.8336794259292719,-0.1324402329174636,0.6300093064749166,0.2638936349052074,0.8207397949120229,0.3856307847685818,-0.10031102928304869,0.4866886484950628,0.8724724487454343,0.6157721856074093,0.38552565956160395,0.5604024848251178,0.5217188732811162,0.6842796976562964,0.4376420724403813,-0.23915000883712031,0.18431002117654896,0.4681676478964701,0.5447504417913112,0.35965727384380236,0.6219976765944825,0.6751956594779314,0.8100173190940109,0.7026748364060204,0.5784788806473368,-0.0547140544585315,-0.36179874256950834,0.759174149889875,0.7866647780831344,0.8522080595561037,0.6267098803177484,-0.26303538004511395,0.8111313535395471,0.2129048474645139,0.001315184310620961,0.7981784976868828,-0.2631281818851246,0.32671527028193964,-0.17065769610869055,0.748738830806595,-0.35439942986179385,-0.2786135369466098,0.17754990656627215,0.84390645181599,0.35766324258797016,0.8476770068019563,0.4636286567990399,0.853310535359251,0.8309597223431743,0.7901137650812667,0.2896629090459972,-0.42449718509204243,0.1374744724202035,-0.3050567184176806,0.4134207698841415,0.27813056966189736,0.24060938557514558,0.7475674767824151,0.17973518862160687,0.7692976040568152,0.8352546054443369,-0.07966904677132597,0.8721409850141311
000157.SZ,0.4602758237727053,0.28209117560228575,0.36100066331700104,1.0,0.3374269195222955,0.7268539178775811,0.09314017919294082,0.14562203047853936,0.4882475609153636,0.3910507445759765,0.5933595210727572,0.4177441849722145,0.324942900827253,0.4211721365744339,-0.07720328300848757,0.21660673488430646,0.6586952075007613,0.26279173294500296,0.37181653762605343,0.4966293631775945,-0.014820783587679659,0.3342011012504109,0.3009599861603935,0.20398160309911484,0.3987778253084729,0.4440984568136927,0.5985040479769151,-0.15130150871376624,0.3639893550988129,0.14744114118703247,0.6831320482534199,0.44351144826195216,0.5253796682331217,0.48170687869771195,0.6598500947687677,0.2203225167659469,0.4530028414796072,0.4236267117752384,0.39212589007364684,0.4860616596650847,0.09144999794527393,0.6322306142493449,0.5658247405638689,0.5347380415115671,0.2664904632444444,0.003222917274935011,0.173583825374523,0.5475139192955586,0.5302625290545668,0.3389607971034741,0.24407304781093528,0.22288257516706167,0.6712044511637764,0.5774578574494381,0.5114275072339746,0.33534202358631365,0.19605792736937122,0.4282417095771462,0.1710510575706763,0.4623448859364155,0.3815017090859964,0.20225909579941856,0.39579435004052493,0.3171763559752319,0.07987869203922456,0.18696578397931984,0.3861200898156562,0.5664179184532955,0.5346578512053007,0.4635357265845834,-0.017713591639547544,0.32840488876889307,0.3610365850191368,0.3305334779252194,0.6643688300460948,0.11161675646537979,0.2958048492036362,0.21447923385215104,0.42870813245963507,0.032603802587956025,0.056450481286175226,0.5780099133507389,0.6045794320641945,0.6013465746385332,0.6016619489116753,0.446455313876218,0.5408608394061091,0.4349732872320839,0.410092411889142,0.7248752222212779,-0.026301063007029266,0.44476694249095444,0.0984725553200001,0.4134443440199976,-0.3141920348526687,0.21279712836563433,0.5001539423970168,0.3133602569381509,0.4250082797031001,0.5493252508760308,0.30928465578976444,0.5097356257511757
000166.SZ,-0.13837204547693407,0.14088672910281805,0.3933239319809309,0.3374269195222955,1.0,0.06201212596747285,0.2948903892417981,-0.5514983594127784,0.5430449587991594,0.7687622317513411,0.7276233668506045,0.27461329472734713,0.5536936428626361,0.7025482269583488,0.4836307532729604,0.02629992166220413,0.6575515362066489,0.1644269461215392,0.3346569277103893,-0.00430049994621895,0.012422885872415712,0.5356390856239286,-0.21586485858796756,0.47196635823641203,0.8715400662812248,0.823137464582904,0.8786646078058408,0.1816846537800271,0.3709738184076306,-0.08377157501209398,0.38587113447026083,0.3674117368367735,0.3317431086917145,0.09959874094749777,0.5899905700682382,-0.2764778246066488,-0.08942047626952211,-0.16206278389332718,-0.06398718787348351,0.3269147982287597,0.5809471794420317,0.467974461210974,-0.17694880125683335,0.44142573123561263,-0.3523995081705716,0.48791010711057403,0.5097701305498475,0.4763401270490348,0.5905406916526587,0.07423332182361952,0.23765480875736333,0.5920417510064343,0.17400951019222052,0.6374411793019584,-0.27340177599817755,-0.3644857851996744,-0.335123474290241,0.8859229414803537,-0.42094670315927923,0.5521036638627134,0.11725981235956329,0.32498884396992184,-0.1041646487861674,-0.1942892760782926,0.21896174588359676,0.22417084468548265,0.452417854039904,0.31317150956031703,0.3976757183038464,0.8675536683309834,-0.20338625433340762,0.3320195368496602,0.32696951521681344,-0.264185664989881,0.37614751998580015,0.006797780120062186,-0.01008623709482992,0.21478759762978514,0.24749661953459082,-0.0009362637305785441,-0.4031619227587891,0.2868753588854121,0.5372244312772484,0.8981427977242422,0.5453944538926587,0.8315091029420073,0.576863047760097,0.4247248970418375,0.32081380324005976,0.44510996982290507,0.45011632740772106,0.8735800132504908,0.16105022395160007,0.9531195690755686,-0.01915023944052396,0.2574213953808738,0.49155741247590995,0.28320311378935564,0.6108309268816844,0.5543966092385952,-0.27037830519806877,0.36428731438740614
000338.SZ,0.6275625311276695,0.49461485499432706,-0.02664938136470929,0.7268539178775811,0.06201212596747285,1.0,-0.2917849880005426,0.5394797301717438,-0.09444756063294261,0.042823852793899324,0.37099913272148016,-0.032840147156259596,-0.17327768243975852,-0.11899371868363218,-0.1666949361300151,0.512966820866137,0.09065876379207333,-0.059332747068194414,-0.23182984918954483,0.7907525653282214,0.1412568141710424,-0.16251719273317994,0.7688651837429551,-0.30483392727058195,0.2958507802404992,0.2652000283150098,0.24733950639272897,-0.09365575354732425,-0.0692621867036749,-0.20708539288644678,0.33339893889046995,-0.005822442861997031,0.19502895506570306,0.3256709843367244,0.18076119537463095,0.14988325038719894,0.7653521670659237,0.5119681713820898,0.37744128227824403,0.0007227578582640037,0.1019503817766979,0.018980156026916332,0.6756282023564891,0.008173848555213628,0.3184865128121199,-0.19740604444579946,-0.29744075294238076,0.20075439238224113,-0.07480714677849999,-0.14683224995450528,-0.18959006633734188,-0.23513785415649205,0.27795743419312063,0.05464043477010303,0.8454308795633754,0.6010660915611993,0.12248315062637367,0.15072161556554522,0.13865283285334729,-0.14785610401357077,0.12821329245549265,-0.22846029976373014,0.05271387757481194,0.046281373927493395,0.40031290691689225,0.42957475087926417,0.11774251307267132,0.24248168389516347,0.17102378659286585,0.10948591816610127,0.4610603568822058,-0.0747158342316263,0.4584433290745622,0.6639220131767433,0.28372505059699515,0.5634156977280876,0.4714919985673611,0.5887903726118976,0.12057258012651494,0.4273767690647438,0.5485472088230717,0.7483892854511608,0.18924527986562686,0.3845233155300713,0.14947157799131996,0.06679738401608296,0.11465016068749373,-0.07111601665322134,-0.042686260898427475,0.4025747137934805,0.26604079927989716,0.318767785926025,0.1310886681265796,0.09940014924214498,-0.2518971682723881,0.4079335916855232,-0.10221149146531501,0.4015145877670825,-0.14087405374968076,0.1754626020715027,0.5738075279278374,0.07453093859452958
000568.SZ,-0.41965229924765785,-0.19090128295709477,0.36861232155753737,0.09314017919294082,0.2948903892417981,-0.2917849880005426,1.0,-0.4923586768828618,0.5537704237834763,0.24040023025463222,0.08861487129109658,0.7621595922087914,0.6371924475725503,0.6439210319849821,0.26158167333349885,-0.18059085622758583,0.5131691153597627,0.7149698879109257,0.7237521720592154,-0.2859491683436716,0.08784698238126482,0.5563699171917241,-0.4057134562262254,0.6087239668376304,0.15391370190251127,0.35235563116093677,0.420591683359943,0.09979508092344465,0.3442771996155238,0.2002882980412015,0.10392151154537073,0.3205679366231646,0.04403544438547174,-0.043242564319917354,0.37839088253014586,0.0014379738702862317,-0.2969816388092222,-0.33798350309050695,-0.1178223759376823,0.26786421997646986,-0.19799726067153897,0.48201418749647545,-0.2130044611602735,0.44915094655423426,-0.16877671505552336,0.25453671529459754,0.6548542321447137,0.21544722020498763,0.5504928284295793,0.5868745337087857,0.6995853543874865,0.5974249569695144,0.20564826196994956,0.5765457912455266,-0.36443264464052105,-0.39918474362580764,-0.1300681379119302,0.2937742911295969,-0.14381530080639748,0.7182689269999885,0.019662799532521275,0.29716151585073103,0.13113121756671947,0.194453182858819,-0.217203331508387,-0.3369142321019354,0.05077252036838146,0.14232125852642621,0.15272603461335768,0.2855758659713428,-0.48486090591598613,0.25886033095484057,-0.10648451979808694,-0.4188775773968254,0.22135745962526984,-0.5236008778581217,-0.19708786519145727,-0.4156290668064176,-0.008668604132172417,-0.39925038184979705,-0.34639249389059196,-0.3592268701530972,0.2384764066047705,0.19163093627479555,0.31818610671250064,0.4875174676851783,0.2937933812033638,0.2560724658341998,0.43400244305608443,0.4157940091133674,-0.2168577707724891,0.23536002940498327,0.3952111952332165,0.2556309797674813,-0.16503518129722958,-0.3343831495448739,0.5074016219762374,-0.031918702981450324,0.4224965818543031,0.18786308460842274,-0.3651431783739745,0.3745814697996564
000625.SZ,0.6821513719567296,0.4105005244955129,-0.30684572790189574,0.14562203047853936,-0.5514983594127784,0.5394797301717438,-0.4923586768828618,1.0,-0.4997539428134233,-0.5204477668896227,-0.1440860694430567,-0.28509917100053117,-0.6344993250824845,-0.6352098674082719,-0.5716843325908311,0.44003507442121137,-0.44331140726386836,-0.19470431038790903,-0.5155417136748124,0.45214476232695583,0.2366352793757074,-0.6325222273938599,0.6045889807892606,-0.6760537127667736,-0.3257379714537374,-0.38312596830310003,-0.4493033251287631,-0.21474215263460703,-0.37755530885853955,0.053004144251529973,0.02113565537577064,-0.28620499716906395,-0.05467991415565925,0.27316895170851946,-0.2898903112632772,0.32102067592906963,0.6696927364559119,0.5823275964089797,0.38537352016185705,-0.18331990404696138,-0.1914479597679044,-0.4307223156740589,0.6332669381646204,-0.3324365791813653,0.5154242926607657,-0.5787707045653271,-0.6367201551883287,-0.24002052982398017,-0.5001246215014428,-0.20984618533849728,-0.4504297080230561,-0.6480530084882168,0.05837952522518935,-0.46768422979761826,0.8003683771620653,0.7651591332572267,0.46939423450247836,-0.39113227905405673,0.45371853645435106,-0.5811229196428177,0.16346062583380383,-0.3579415239247203,0.06354856423970764,0.07903972714483339,0.3817830229101616,0.2041503631529006,-0.1080242649857361,-0.03817766237648798,-0.19138772939010953,-0.4783174240594324,0.7541691987367063,-0.29093641657780656,0.22328567525515097,0.7257534407205263,-0.05207406946759526,0.6382813742815768,0.48449101693458557,0.44905930418980605,0.03206393377059424,0.6036990985113841,0.7702004816837075,0.43807140676635026,-0.2026610255041407,-0.29911479001729413,-0.3035996257072747,-0.5024888532705792,-0.28195043065638936,-0.32191997969190195,-0.3003021929585931,-0.06283937733467747,-0.05680266693349285,-0.305169652952959,-0.02763353317820956,-0.526612323532254,0.029426498969873798,0.3846238386758767,-0.4789068300826607,0.2661477433501904,-0.49191473756440723,-0.20594281830310712,0.752800823239448,-0.2604542047952836
000725.SZ,-0.06995277907194068,-0.0963252009026939,0.7539893859103612,0.4882475609153636,0.5430449587991594,-0.09444756063294261,0.5537704237834763,-0.4997539428134233,1.0,0.594902499419882,0.5324807398979247,0.6893634140226802,0.8077664686598286,0.787379228779847,0.07708029906270952,-0.35820032413750996,0.8708531328012468,0.48093930607128615,0.8643491017437724,-0.27511559640610317,-0.26591725957050344,0.7460842088127397,-0.5460197860503947,0.783347099481294,0.3351645418922076,0.3849517490895377,0.7038032409042322,-0.2019685344806302,0.7968149975265671,0.5175362980771463,0.6806998761150522,0.8277274379729671,0.6578065841511171,0.45578494177332685,0.8592296418500402,0.24133532833206317,-0.37805710487683625,0.011546387410459352,0.22085429376698,0.8295930084878688,-0.06855819006633489,0.8867067783601836,0.04278790358760559,0.8903341545393686,0.07343287083280502,0.17244790562987775,0.6887877189719438,0.6934337808476098,0.8743314345659758,0.6345536225997889,0.6962547663976685,0.6915226869983576,0.6357526302353137,0.7803535509676296,-0.30751361763626534,-0.15091673235973238,0.22315169806176507,0.592822849277915,0.12286201969247612,0.858584596997957,0.5090192966618252,0.716497776857736,0.5288878223800136,0.4348895348541166,-0.2757712756396887,-0.37098539736021663,0.5379597456131301,0.6679875871502556,0.727810583220132,0.696853158331736,-0.5407004008388256,0.7042167852494391,0.07641492027520126,-0.2981274274324565,0.7732183766209078,-0.4807518861652313,0.05292739395508905,-0.3828258517913938,0.5891280057102454,-0.46750552993446504,-0.5137874944038433,-0.040756660366538716,0.81068087435991,0.49876508920174545,0.857305223705732,0.6180175628233472,0.8512169482745647,0.7954296243110809,0.8237451360010491,0.5554132666314442,-0.37612972739641853,0.30619276945414603,-0.08150947807976237,0.579384824262968,-0.03446134894706273,-0.04170558392389371,0.9191669410001735,0.05604935177181627,0.8989446424898341,0.7672590760097148,-0.3017781869366299,0.8104956603560374
000768.SZ,-0.17167401536478524,0.0010269226032728247,0.37182738664244247,0.3910507445759765,0.7687622317513411,0.042823852793899324,0.24040023025463222,-0.5204477668896227,0.594902499419882,1.0,0.5926115744027535,0.25514245466458857,0.5511873100870716,0.7465813297593981,0.5088589196815175,0.0005993651960470026,0.6653279047268602,0.18953505537144064,0.34194645061219875,0.023048777553443266,-0.04176912800578264,0.5920035162494299,-0.2393829017578861,0.5064672512423294,0.642274442895155,0.6324930762166311,0.7862345279729476,0.28221943718510467,0.3566568848071394,-0.07430787110162092,0.35532314198285886,0.35958332468478654,0.38713011796085817,0.13307511016474052,0.5768758434090099,-0.2916997418249112,-0.14209496950339454,-0.24185957771629082,-0.09729681245364623,0.3869897779015241,0.5289425142868245,0.5429427933699312,-0.16840370967047405,0.514370131307166,-0.345741950165752,0.5774822387910955,0.4703113104403345,0.44215221666984844,0.6134776140526187,0.09997554277240633,0.2356169977687738,0.529391511568799,0.200479030414898,0.6772307486901403,-0.2603474276271855,-0.34949284798782093,-0.24397980039512543,0.6281801331748852,-0.348899817937703,0.5610845448444649,0.08805284969427131,0.3151243575459784,0.009374788547441115,-0.1463956001291917,0.011706952692530173,0.1852060474626194,0.40662338970908296,0.2725762130416049,0.407364507966906,0.6750451711075574,-0.37702861880055677,0.3194723476990489,0.04223668071754303,-0.38121901822729504,0.3157678745344909,-0.1411647113704657,-0.18014978583152955,0.015213552563159724,0.3065719900928429,-0.1605865983135789,-0.4929430038471521,0.2019909424002846,0.5314864026074687,0.7171423906768628,0.5498091940103521,0.6649103648760079,0.5455618330173205,0.4388004149090757,0.26322227268691617,0.48472766078826357,0.2812598601024891,0.663735472692799,0.08498898567749684,0.7921552791486225,0.03348478083386646,0.028487560432510512,0.5053286563600766,0.009002294107664907,0.6706876397159761,0.5210974724650768,-0.21621528916690322,0.3756107868925113
000776.SZ,0.3396041503949119,0.4061356758502353,0.5361028741607382,0.5933595210727572,0.7276233668506045,0.37099913272148016,0.08861487129109658,-0.1440860694430567,0.5324807398979247,0.5926115744027535,1.0,0.40399504637531974,0.38577127048241117,0.46125127540515565,0.0008357434042988535,0.04612715388469473,0.628331864057975,0.19363458552377474,0.34604073409452846,0.2149502407463293,0.008600866264029674,0.3773800738078421,-0.06021712914732663,0.29118892808001523,0.7765883410471578,0.5947468709525877,0.7732628267376064,-0.16467363319124856,0.5058128130006083,0.2461861119210282,0.7297086834097213,0.5738446785480039,0.6486235138564552,0.5330433468296206,0.6898954899185115,0.09343765795251158,0.11142481167695722,0.35268139145481475,0.40923243445563523,0.5781916403859034,0.48299684252183783,0.5330832918564891,0.2513060403177871,0.6010887284141461,0.05508007755890284,0.11712070531690248,0.323195654084925,0.7306355241835659,0.4823432934343476,0.19399369106316355,0.26552248953965835,0.4034011790052514,0.5696207683523316,0.4901079527893901,0.06139087119401123,0.11791126202132274,0.15084908270537412,0.860978969459201,0.10264077168966972,0.4357925078247958,0.5797963273820147,0.43097279563911667,0.3215456802369915,0.12057358615768693,0.31037149383032947,0.23397669739140395,0.7178554214726636,0.6332386638645263,0.6653793874951102,0.8597101349092808,0.1554046001513659,0.49457129352695545,0.5355408847237555,0.2506309288327693,0.6561263540251376,0.288000637310949,0.41498669363531554,0.4528249331782844,0.5674840511122009,0.23194882801535133,-0.15007945439712053,0.6805314184694234,0.7298282575621508,0.8158313421023203,0.7161520621638685,0.6940118390175526,0.6796242975137932,0.603744075383846,0.4363358745212253,0.47866801266723374,0.23000218998006275,0.7044939610265906,-0.07383580095892843,0.7489326304258297,0.015766939229689792,0.5526760470938314,0.5484553518797912,0.427078064036545,0.5764687049622796,0.7827029795592071,0.21668874868164256,0.5954408100154823
000858.SZ,-0.09200850441159812,-0.154891559166603,0.5044774842548273,0.4177441849722145,0.27461329472734713,-0.032840147156259596,0.7621595922087914,-0.28509917100053117,0.6893634140226802,0.25514245466458857,0.40399504637531974,1.0,0.6151642661127874,0.6263563387087624,-0.03590772142278653,-0.2144340005656872,0.6778871734571937,0.7825352035272853,0.7911621998271361,-0.10678026986133476,0.08840058984699832,0.6891196830926206,-0.33188135442395605,0.5843791193630499,0.20738348762814138,0.3265523053952638,0.4998901011930929,-0.16499813327284638,0.5508826072728393,0.5469612309862879,0.5279364398168019,0.6052110602338937,0.39732940014473644,0.2917388015779306,0.6212691158882646,0.20038823456292112,-0.15744803656784268,0.01981200581102285,0.16584396878387317,0.5688413066619568,-0.18071116598421946,0.6919020895667013,0.016267516362541718,0.6972433755475067,0.08343707269330956,0.10493317098053263,0.6194536460673835,0.47909152793085114,0.7146362303874895,0.827618063466729,0.806449608790828,0.6190130685849458,0.573633396369427,0.6881430328081856,-0.13851250040424887,-0.11402479892526336,0.15499285626095408,0.4157116221564268,0.14598839292951046,0.7579796655714929,0.39494403320015065,0.47418753404747566,0.44277656199858106,0.386928375401989,-0.25592803558717764,-0.32406351065008976,0.28083311934890837,0.4889778570926475,0.4742668678640889,0.4502887514066302,-0.32276265502809215,0.4252437058887056,0.14275990448206843,-0.10480579362869914,0.587572062448294,-0.36925590534326935,0.06765783008781871,-0.2737470798071304,0.3189863690187399,-0.2322927680934882,-0.31558062006990567,-0.04777406883016524,0.5379515274374772,0.2890428805375162,0.5986090390244513,0.434465540373228,0.5186924800357812,0.4978186019334144,0.6436346301871353,0.6298632172408692,-0.3895681473901993,0.2503697126844045,0.29434837637832856,0.2600764998451129,-0.3488821149893053,-0.16234559890543165,0.6789895413079043,0.1653986437514197,0.5517162499187701,0.5063476473010868,-0.047512671525793804,0.6267366472614051
000876.SZ,-0.3355937807793355,-0.19220389185261885,0.6660894072207735,0.324942900827253,0.5536936428626361,-0.17327768243975852,0.6371924475725503,-0.6344993250824845,0.8077664686598286,0.5511873100870716,0.38577127048241117,0.6151642661127874,1.0,0.7684417123014584,0.20718950106105147,-0.45421460770773986,0.7418115951817636,0.44832123449714195,0.7707985170918717,-0.3247199535107628,-0.29285424315121994,0.7181228635749908,-0.5432187663996274,0.9067809210301387,0.2990161900568777,0.39122073616975733,0.6790766335224866,-0.12452839566675133,0.7395614286643205,0.3135375262971799,0.38208720695690257,0.669858435375703,0.4677932232233395,0.13422881005504228,0.6780245295311603,0.005819269912415215,-0.45171056862712566,-0.1891865542415024,0.0177806351438738,0.6108635157449777,0.001956428432137151,0.722819289292782,-0.18143576445939055,0.7412135494721891,-0.14514604546345763,0.349010640719246,0.8208999667035455,0.5636315497058155,0.7776073722678941,0.48252306288519026,0.766545239626411,0.8280468485879307,0.4249976407949487,0.7329477094851896,-0.4368378436700877,-0.2703029628773719,-0.04818456513173875,0.5517079981200038,-0.09253901200173391,0.860521418463914,0.3277837050652102,0.6676749906209268,0.27342276787494457,0.16239061353491538,-0.3488646641871432,-0.36157779245689775,0.4100032737647974,0.48000019966737306,0.5815761060391653,0.6292689236926928,-0.6345966124653232,0.5814102437079794,-0.10502929090318029,-0.4511879193908082,0.5376277779983832,-0.5459167183483922,-0.21926594764770727,-0.4261607609296776,0.3879552673539493,-0.5075582557961865,-0.603324858059538,-0.20027907606754192,0.6467216258564238,0.44642577793539395,0.708187640645891,0.5752462668278121,0.6825367278330505,0.6190517999825899,0.6843298513419501,0.4546544711314822,-0.3116394079954625,0.36863265026759745,-0.010537143010143626,0.5333621987314843,-0.07736124882807262,-0.20680293072104994,0.7287661165196312,-0.13025505453647956,0.7757136653827413,0.5605937142341294,-0.4248059287534025,0.7152191377395528
000963.SZ,-0.32277275477574946,-0.2052529085797781,0.4523768692459013,0.4211721365744339,0.7025482269583488,-0.11899371868363218,0.6439210319849821,-0.6352098674082719,0.787379228779847,0.7465813297593981,0.46125127540515565,0.6263563387087624,0.7684417123014584,1.0,0.520926454690852,-0.08402896276975874,0.8715195474123202,0.5215809645480461,0.6896812827576424,-0.17791984790761173,0.015960479989443582,0.8079195353119507,-0.4053397590890085,0.7526483795178356,0.4853076432787589,0.6717666000903025,0.8239201774556891,0.3144458464307807,0.4506546688173876,0.1001940194891911,0.39433546392962926,0.49493981719214425,0.3289782083098352,0.02638054743611153,0.6644259834415321,-0.1918703327729432,-0.20211888639589523,-0.3236152979507106,-0.16073417019079128,0.4825657338004509,0.23935884784560582,0.7637944000295761,-0.18478672299981005,0.6703187575399565,-0.31548299261779456,0.6151009151511356,0.7140993833121388,0.4384597217040042,0.845463241810846,0.5197857750327165,0.5531284274968882,0.7270705290273866,0.33011076599522965,0.8773432817053896,-0.3315822686553858,-0.39789429348066824,-0.23872853828646132,0.6098742364442977,-0.30835602707361415,0.8427999517989829,0.08036716718469104,0.398911701996439,0.104751618979528,0.03967655366741707,-0.22355241919375965,-0.08011690627178307,0.28730419519478984,0.30709491241443815,0.3895356289671652,0.6691217192669789,-0.5903686527171722,0.35342259251021346,-0.041496799908818806,-0.5039302652749442,0.4131296245928504,-0.4571788591974966,-0.2662841810435331,-0.2681987914683253,0.23139651790649451,-0.374439027322173,-0.580546472183077,-0.07418538320722783,0.5415817698310535,0.6442685349369767,0.5980685280999599,0.7281245931074021,0.5822884689773701,0.4641892278380659,0.4785969498048221,0.6744229073504565,-0.000982397032019929,0.5975604170305028,0.27964381222087575,0.683498808565424,-0.175987981195416,-0.18552684960012022,0.6930300878516981,-0.018609979435445678,0.7105209097150507,0.4615342955263531,-0.3626902808455605,0.4916004847725733
002007.SZ,-0.5429264252806414,-0.3140073682677975,-0.21211684460586935,-0.07720328300848757,0.4836307532729604,-0.1666949361300151,0.26158167333349885,-0.5716843325908311,0.07708029906270952,0.5088589196815175,0.0008357434042988535,-0.03590772142278653,0.20718950106105147,0.520926454690852,1.0,0.16174686125886015,0.21532081986393892,0.013554528029231313,-0.002003761255524622,-0.014363517358060776,0.13891676095432295,0.4157566748836947,-0.08415883056725211,0.21651532067714538,0.4035393972162727,0.5553449892151585,0.3911984736168308,0.8228879586080823,-0.2021489192010714,-0.6189926512127327,-0.3066295733591061,-0.21992860730874697,-0.29460736361702794,-0.5490857049516945,-0.011331196909319635,-0.6832080510492117,-0.11614567701754752,-0.669594922488773,-0.637139534126757,-0.25604354901967336,0.5241350543373836,0.029496420453287115,-0.49327589610986045,-0.07322188165678156,-0.7007047028431352,0.8164368781153302,0.3041761535314274,-0.18778032540755826,0.21085001646434967,-0.16776248243492545,0.014951980107739835,0.2719237710784372,-0.3800947898140355,0.3590992640789905,-0.3035931302272254,-0.656445180755585,-0.7508620626816406,0.27022659116866987,-0.7012099710944556,0.20559171951077082,-0.5793230327385385,-0.21679557585226847,-0.5995448853129973,-0.5081724259707335,-0.07490323065007663,0.2925816056222705,-0.19944504191984533,-0.30830608290942335,-0.2463549469441677,0.23849036131741963,-0.39867042666204333,-0.2687265510531418,-0.18961365780780418,-0.5997597588128883,-0.3314792936312571,-0.2325684145274853,-0.548329927244633,-0.07458086139619174,-0.37679117800759715,-0.18314214240629034,-0.3985765915791594,-0.21585128618451088,-0.14099712464946731,0.3785129995212316,-0.0867525890831823,0.3647539326150144,-0.08778821087621545,-0.1883682411723198,-0.1949583318758791,0.14197669175875038,0.5482147254979671,0.48152049439998157,0.3564747814313734,0.46586692261477963,-0.22316586884669454,-0.29905202478217086,-0.04438156947075734,-0.19870799720317797,0.07802391916768146,-0.13072475004932585,-0.4706248819588977,-0.20528595424203197
002027.SZ,0.3420459938108373,0.41166264157442006,-0.3323349885372446,0.21660673488430646,0.02629992166220413,0.512966820866137,-0.18059085622758583,0.44003507442121137,-0.35820032413750996,0.0005993651960470026,0.04612715388469473,-0.2144340005656872,-0.45421460770773986,-0.08402896276975874,0.16174686125886015,1.0,-0.11644632224195615,0.05577136201806703,-0.4867335631713901,0.697844687805183,0.5664080900330416,-0.33110737233944804,0.7238444978854784,-0.4940032852149083,0.19102799540679813,0.331509058913039,0.10552332977241212,0.4025420547597261,-0.530715861648679,-0.4672544977086837,-0.07045619369098216,-0.45158355175344833,-0.27811942190646005,-0.11308089046429153,-0.17808393734857217,-0.11971966428942382,0.7470663721094829,0.10165612165256928,-0.014624347736216023,-0.39568779268241383,0.23508094967438176,-0.3313534059116588,0.3698333009362669,-0.3084528449480261,0.003289356882906815,0.01723440362692756,-0.3963533877461842,-0.21420986376206871,-0.1900562703029315,-0.2493818456143481,-0.49358060900902795,-0.37309301066184997,-0.16701640240640744,-0.0650205255155256,0.5955664390909307,0.2873428720892857,-0.16123249305988674,-0.02336701376864746,-0.08021860450348701,-0.25910929093312823,-0.3169368625721274,-0.5356024119854988,-0.3358645174047426,-0.22348449992016303,0.554215299623182,0.538094773914962,-0.14711735873517298,-0.22051938239945654,-0.36555839776048565,-0.12724817003804234,0.4721422313288111,-0.4739259262819029,0.23685485188258082,0.44489853513226696,-0.22550469139482265,0.591566811652199,0.21950952425831746,0.6115010280231594,-0.34094985074226325,0.5795217713057,0.5657579164733325,0.5054616158872101,-0.23102298828936307,0.2346545543559462,-0.3050896057430656,0.0025148596343719104,-0.2540954244304607,-0.41100002321115675,-0.5244723455038783,0.29081314453970775,0.5726726615776041,0.33489401490561477,0.47277940405664315,0.026004831097532075,-0.03971986302265392,0.2883540987134316,-0.46671987286437333,0.2888989316352593,-0.4135189457545088,-0.2322510012832126,0.46760677688635305,-0.37621350542741777
002230.SZ,-0.029244430469046578,-0.015225374223769803,0.6527220263858036,0.6586952075007613,0.6575515362066489,0.09065876379207333,0.5131691153597627,-0.44331140726386836,0.8708531328012468,0.6653279047268602,0.628331864057975,0.6778871734571937,0.7418115951817636,0.8715195474123202,0.21532081986393892,-0.11644632224195615,1.0,0.48047020159089415,0.76273907615364,-0.061505432611262234,-0.14059587395542897,0.7411437847854886,-0.3436048252989708,0.7057886679669191,0.5106044363294281,0.5675855303420568,0.8187756951359236,-0.014346858524220072,0.6545184623577956,0.3190325913471294,0.7070682687093743,0.7238169944624008,0.6402666044541548,0.3811517249215975,0.8933430556561737,0.14801571556996923,-0.14910735423195406,0.008702442239793065,0.16244467638138663,0.7258126975171116,0.08662369256405007,0.8687427245063416,0.14371369286245017,0.8541478983841101,0.04499729494863222,0.29047717562561776,0.612639893383093,0.6923351118611752,0.9205882012419401,0.5605264327875176,0.5527966090053434,0.6746531928268621,0.6246223550570201,0.8666935691203053,-0.15760203988787413,-0.13556694407733566,0.10327064738000528,0.6868398258829472,0.004576947826467105,0.8373133478694529,0.3895366266681372,0.5854923274085376,0.38799260186035434,0.3474623676343736,-0.13349731204506027,-0.11043106696403675,0.5126810362918532,0.6437934260957018,0.6645646741212662,0.737089636442148,-0.45780852547132184,0.5872477114671301,0.14994089178319436,-0.2377129044205779,0.7182006597996313,-0.347803508330796,0.008309515597669903,-0.17942218220794237,0.5347443478145738,-0.3620145538481732,-0.4572475694219765,0.15246940782142757,0.7946320135809248,0.6711669239024026,0.8027268763200469,0.731480316901666,0.804504695516851,0.6841776546111348,0.6903975539404352,0.7197365175843254,-0.14640236791904448,0.5222612917726122,0.09018283735369148,0.6890335106916999,-0.16361947094160914,-0.008789806646568088,0.8250333042700473,0.12092136036681218,0.8503988410526722,0.7237699486358878,-0.15226153991746147,0.7342933336228991
002241.SZ,-0.21517145769030963,-0.22736301849137777,0.21995007476100126,0.26279173294500296,0.1644269461215392,-0.059332747068194414,0.7149698879109257,-0.19470431038790903,0.48093930607128615,0.18953505537144064,0.19363458552377474,0.7825352035272853,0.44832123449714195,0.5215809645480461,0.013554528029231313,0.05577136201806703,0.48047020159089415,1.0,0.49400067828593247,0.021957445036423762,0.48168991928524146,0.48017139839545014,-0.17213198329853063,0.41081333308467766,0.111575110854447,0.3257953029617076,0.39791524537545553,-0.015595417030739892,0.27029423655802615,0.34511401900545025,0.2587045375867128,0.27319966231544995,0.128666928814103,0.0678642992032351,0.33992262972847814,0.0028577901242813433,-0.02102661903912458,-0.16058222705092287,-0.040349452022915226,0.27093882884775916,-0.20211038178398655,0.4571759769772858,-0.10887539111890615,0.4832384464195197,-0.05241421004019167,0.12442771068950732,0.46370643554281754,0.17083341329038884,0.5524288393475906,0.7350221210975706,0.6166961701627466,0.4707862845031264,0.34746023696260836,0.5551744255189524,-0.05393955662732012,-0.13753935531906344,0.028008300965541372,0.23555724535907852,0.03571421172095913,0.5859643423182085,0.10844364987804857,0.22094899615271124,0.1657680776108191,0.17621141453982958,-0.2480307601152132,-0.17795909773494958,-0.059310283891309545,0.23094011218909916,0.15689400161523887,0.2108305360118058,-0.2446057064275048,0.10559341138264526,0.0607038817001688,-0.08742578869063115,0.2968412817087706,-0.2862351452322586,-0.01929270101758479,-0.23340464324725732,0.05343490924957937,-0.06670928420460825,-0.2193928522388843,-0.12466152863110676,0.2662359412683235,0.17689588774321044,0.31373807195518183,0.24763897543344807,0.24363357110920303,0.1889714650305644,0.31274760733850177,0.6760140443558811,-0.24668223821657098,0.2626663151872632,0.501403212241843,0.1240385920642757,-0.3822276297747497,-0.25955863859879114,0.3869569081827961,0.14950759636991903,0.2871735884372031,0.19697264849658758,0.06510002008307425,0.3661472232648975
002304.SZ,-0.17271431651310884,-0.15059397492022608,0.6927143969357207,0.37181653762605343,0.3346569277103893,-0.23182984918954483,0.7237521720592154,-0.5155417136748124,0.8643491017437724,0.34194645061219875,0.34604073409452846,0.7911621998271361,0.7707985170918717,0.6896812827576424,-0.002003761255524622,-0.4867335631713901,0.76273907615364,0.49400067828593247,1.0,-0.4142074300783582,-0.34584176964211677,0.6957790916134311,-0.5982651796802477,0.7647938641271277,0.12939108099762944,0.2072994191836813,0.4937006759735763,-0.22417818499929396,0.7394294042830838,0.5444469595562026,0.5459346951874994,0.7745323539202017,0.5328715141630803,0.343673153563405,0.7337877490392559,0.3167100356473928,-0.4500334653870928,-0.01665559495507396,0.21215093417275566,0.749719164012172,-0.23995401163514118,0.8653065122774825,0.012085792228578529,0.7997167937195044,0.09915583804530237,0.12105760326814408,0.6817416851716058,0.6140768623381655,0.7719656295834856,0.6930732608701584,0.7599555133678656,0.6687333492458118,0.6082277064315466,0.6541249958400472,-0.38511230792422446,-0.21812603407115227,0.23600263275349861,0.3944962731855118,0.14435299623153938,0.8592929648794317,0.4461250054865471,0.6723918990149045,0.5907159937530967,0.5559881020010979,-0.36090331140809734,-0.48261894460917576,0.408592144051003,0.5694658615285991,0.6235227461454839,0.510476581585009,-0.604283911460559,0.6735585396914896,-0.08582119928350472,-0.3338386461905974,0.6625656035264563,-0.6345602348857238,-0.06720695041047026,-0.5220253899339949,0.4678974083285998,-0.6098044777626845,-0.5191812227669218,-0.2163997497157021,0.6600901114359184,0.277548563914182,0.710648522943429,0.5817860863808857,0.6944018767895367,0.7139724591841802,0.804680532366358,0.421991737132521,-0.5187553004381836,0.1155501474973225,-0.06343584642369415,0.36809649844839304,-0.08862264090642008,-0.21281266619215114,0.8952718624772779,-0.07303662293364292,0.7665267999732356,0.5985165010603415,-0.3559984914167214,0.7503373921157052
