,000001.SZ,000002.SZ,000069.SZ,000157.SZ,000166.SZ,000338.SZ,000568.SZ,000625.SZ,000725.SZ,000768.SZ,000776.SZ,000858.SZ,000876.SZ,000963.SZ,002007.SZ,002027.SZ,002230.SZ,002241.SZ,002304.SZ,002460.SZ,002475.SZ,002555.SZ,002594.SZ,002714.SZ,002736.SZ,300033.SZ,300059.SZ,300122.SZ,600000.SH,600011.SH,600015.SH,600016.SH,600018.SH,600019.SH,600028.SH,600029.SH,600031.SH,600036.SH,600048.SH,600050.SH,600061.SH,600085.SH,600104.SH,600111.SH,600115.SH,600196.SH,600276.SH,600362.SH,600406.SH,600436.SH,600519.SH,600570.SH,600585.SH,600588.SH,600660.SH,600741.SH,600795.SH,600837.SH,600886.SH,600887.SH,600926.SH,601006.SH,601009.SH,601021.SH,601088.SH,601155.SH,601166.SH,601169.SH,601186.SH,601211.SH,601225.SH,601229.SH,601288.SH,601318.SH,601328.SH,601336.SH,601398.SH,601601.SH,601618.SH,601628.SH,601633.SH,601668.SH,601669.SH,601688.SH,601766.SH,601788.SH,601800.SH,601818.SH,601857.SH,601877.SH,601878.SH,601881.SH,601888.SH,601901.SH,601919.SH,601939.SH,601985.SH,601988.SH,601989.SH,601998.SH,603833.SH,603993.SH
000001.SZ,1.0,-0.26636232819202,0.032478036546567925,0.05964738771246999,-0.6161666847342849,-0.08190320558931326,0.4441105775286986,-0.6042027339246214,-0.5555507780152237,0.45778874942812625,-0.5010319759540945,0.6269354756272951,0.4611044938564152,-0.04184783869399128,-0.6171983187357072,0.6816369994018197,-0.6438625443727468,0.0756986277062283,0.5837873413545233,0.312156148155408,0.6231761129708758,0.32229634355025083,0.2979069094240845,0.5487987328354434,-0.6791751625627384,-0.17087123295680315,0.11954768527578584,0.4395737740820816,0.4902641881313589,-0.6410513180347728,-0.013204507462664994,0.288617142546365,-0.7089562464043996,-0.3991496110336619,-0.15503303579926048,0.08019736536029955,0.199315834423756,0.8015751141642028,0.7399240579924342,-0.6109528992922875,-0.6307984532056309,0.16805087742539368,-0.5375876545537198,-0.6519608878014811,-0.09003736102835536,0.25549826842353557,-0.15748671964836283,-0.5582279931596336,-0.13845922902830335,0.6189168978565626,0.6923436381587624,0.7125106286952212,0.41399847168654974,0.39630597404431583,0.4146954423371922,-0.6337924376342158,-0.6229948997372743,-0.4773747711134952,-0.4669324787069733,0.1324031776990941,0.30660349703770046,0.33231492506427746,0.2747002144396736,0.49114393457312694,-0.3865985481648016,-0.07986037734282901,0.2832861988739264,0.2300039737094334,0.2940255035606119,0.31057406982441815,-0.3248090945978812,-0.5386336827665795,0.36597042305757604,0.6819585727551071,-0.31379440958772015,0.7874735851971563,-0.1158384809936142,0.7942194296269257,-0.5085410224081565,0.77069684469683,-0.608642292612187,-0.38758214536291774,-0.6168355089884344,-0.29633028936721606,-0.4998109683430922,-0.4849250526462885,-0.28017193811890573,0.41933793544117215,-0.6892275370916683,0.24404730930130267,-0.6471708065272479,-0.2214278125385997,0.7191575350554346,-0.21562123775889738,-0.545955879121761,-0.14398312448109987,-0.5334010759529821,-0.36704744158344615,-0.3596711020972306,0.10533670894567936,0.563637697980992,-0.633643319883893
000002.SZ,-0.26636232819202,1.0,0.4423367866301933,-0.01624777049356457,0.6077077355999733,0.11957943330826952,0.014441750968405461,0.6415382917313339,0.44213854514825107,-0.33178523137091936,0.5674600032822062,-0.2546216066023654,-0.4794020585213139,0.276047440178804,0.18884700256487594,-0.31747300721282246,0.2937353461282928,0.27733332943766326,-0.008904256185061058,0.05776671616275405,0.057162350907977534,-0.30831884421704664,-0.28196107881831556,-0.379465919892995,0.5458514990330345,0.23907187048760892,0.1472042365598353,-0.4128924997994316,0.3965881685947134,0.4354011510478954,0.7276725212490107,0.5038141116012872,0.47122514846542024,0.33643477166241637,-0.11252587898086786,0.33271870712602547,-0.07152407757395544,0.0016513569110868283,-0.3470543087029882,0.40936953374986657,0.6195265976576364,0.20331474420096,0.5330086456035582,0.35679709628059486,0.3744600388625894,-0.5941138599570216,0.024096673095217343,0.4133726023154796,-0.03583911649044583,-0.2274423362927431,-0.42377723809401574,-0.28976614824399566,-0.07871249897506415,-0.23146856136966584,0.18655887874525512,0.37214796814878115,0.4378316560913417,0.4242945584172672,0.6815619725253622,-0.36624082101845673,0.5393153392165592,0.4228231240059694,0.27686450405558133,0.040799212048076676,0.8176974791186328,0.8270547641688243,0.6632140774442491,0.6153834483071361,-0.1844229093971251,-0.0713499808603243,0.64487429339851,0.7801530974162357,0.2857527509931858,-0.09143143623199607,0.7653915516980163,-0.23158348929871253,0.7355549411782873,-0.1700604502053901,0.4695510744125466,-0.335120136039943,0.4452012675413624,0.7603823756979802,0.4692737180489404,0.3433806993578437,0.5128231417135612,0.5598436595496973,0.14045803407666432,0.5076104331909194,0.4089007211197042,-0.03583674058105226,0.5853641248126494,0.5939583114868096,-0.40450510189489064,0.21092023674236463,0.3002853347710437,0.7954810375977545,0.26827492669404335,0.26058303975644664,-0.10978776846280887,0.6667274762374129,-0.4112511791223193,0.494817460030089
000069.SZ,0.032478036546567925,0.4423367866301933,1.0,-0.22213629728095474,0.15429044332740027,-0.14078771344080385,0.17126265831626783,0.24531141126990444,0.16610810918569285,-0.16543991732625316,0.07777426832313168,0.0986247278600131,-0.12742341024250484,0.16208663888827796,-0.1589168018232249,-0.0538685559224415,0.03566399680639517,0.11001767076746212,0.18620171432545596,0.024053047299969835,0.25542018547332535,-0.30352410456368073,-0.3285266494557468,0.20477415858104384,0.2209136526915061,-0.06668194540862277,-0.11601160179752895,-0.11392005967792335,0.6356423995249986,0.26945879001123435,0.6044285735796077,0.53794306780858,0.19719573223657103,0.15605159741072097,-0.14312056007727653,0.27143905296992743,-0.12471861796562593,0.31190430179267464,-0.1823313871895851,0.09485073401366591,0.12371883419039902,0.17166699330883198,0.22079004439944871,0.03707877367764877,0.20221189324847563,-0.4691663678499201,-0.05408778508461128,-0.004691540060082146,-0.38108421195601844,0.09507921108609772,-0.05630119911105667,0.09954623150031634,-0.07424684322622856,-0.16725987309452206,0.25156041063345264,0.23023029656661173,0.011306556955464486,0.013037552112127837,0.3946354882203325,0.055124977650906716,0.524378928166403,0.550644573001994,0.32555440140716885,0.14711597126921613,0.3632375899236399,0.5367292167278072,0.633896929317173,0.6659807534439196,-0.1724257738744972,-0.08501934521175629,0.3783944003538649,0.3816451587489615,0.253286790624258,-0.03572825338390331,0.5210568085191832,-0.00568768776290494,0.510002454017542,0.14052972210296277,0.11433696389681076,-0.08401350805084264,0.2089745883549237,0.3718742541603368,0.060625644238555466,-0.014381287249088022,0.21901614448509898,0.0022079375574916246,-0.124445065761435,0.4365933272338252,0.2068608657086752,-0.258583356598676,0.042226324072791525,0.16902745242858883,-0.06465260689569774,-0.062398478333578616,0.13326610799347535,0.5845865503174239,-0.12656399690430298,-0.24140551360514792,0.048704374808826854,0.693526181164032,-0.16689629486702873,0.16955887958938964
000157.SZ,0.05964738771246999,-0.01624777049356457,-0.22213629728095474,1.0,-0.010584722247413436,0.8426948653647592,0.45350553560798273,-0.13121471693011258,-0.11040036818580068,0.5791961766391038,0.15140581838850448,0.44681558631664253,0.13413763960052053,0.5239102137722456,-0.01798890054590892,0.019703676866358443,-0.09901894692115078,-0.10366717270930638,0.4865976889304491,0.09704441443573947,0.04849542215141559,0.5657337773035125,0.4338275286633175,0.009630823796712132,-0.12836227768496608,0.6095455214687641,0.7826658136126486,0.6657958598274101,-0.04754960401394387,-0.4369356828740791,-0.22380372132754214,0.19200225060082135,-0.08352082262726156,0.35847627614954153,0.22891559579592202,0.17717517761576054,0.8909233673490814,0.15096139713404863,0.3708254306844641,0.18637872652921417,-0.060352364909770854,0.46690302701153324,-0.28164958160332526,0.17972594649252183,0.35640272708518567,0.43755067774801826,0.6086045234815398,0.5475897651774888,0.5546643862411775,0.40807396364057597,0.3495601165442495,0.31348288079531755,0.7687049506776696,0.18952524916952307,0.29707477908392815,-0.07834839838413273,0.016714274372148164,0.02307524152258414,-0.3662576718547917,0.2544699954145985,0.09536851991724749,0.19957959301020975,0.43690447674848104,0.24804563061138474,-0.15626626787198514,-0.037223867455129254,-0.031735792332518255,-0.2847887251325206,-0.018706770590081367,0.36412139564579604,-0.20029158987361653,0.0010553743527214516,0.41228332174511967,0.5129333319568653,-0.1319596444883542,0.36077549800832504,-0.2848355317159507,0.21973030397319945,0.013680004357139147,0.31966836793101633,-0.32311186706633094,-0.07860297105229314,-0.2412213116046407,0.521301593032734,-0.38532299176044044,0.5553984227487179,0.18366690026560198,0.05785900780525783,-0.28986214792019394,0.5587260151382566,0.09308123116429438,0.23823743264474537,0.3692789141121707,-0.09577178986855621,-0.464069219230844,-0.26282877263793764,0.20683298222359078,0.3573628709443413,0.30828928231484076,-0.2873540311407008,0.49072234627981864,-0.06779120914435259
000166.SZ,-0.6161666847342849,0.6077077355999733,0.15429044332740027,-0.010584722247413436,1.0,0.29283379835576256,-0.38423472971737277,0.7835049042677857,0.8250392545099237,-0.21670911297785933,0.9436329084472366,-0.5030741398173674,-0.49505185303094,0.24289065308076627,0.6290384309497613,-0.4669798369496588,0.7705689287959906,0.42313347713705163,-0.4697923440887765,0.14186655717146582,-0.21690837070517177,-0.09127722315465302,-0.08963119205129161,-0.6217090324447229,0.908934107931878,0.4213203381531423,0.17789546675083687,-0.49941588069159,-0.16674361263784931,0.7010896043635156,0.4853124598359227,0.17788183855865983,0.8003911651824488,0.6446136354594798,0.23795404261714292,0.4052607444144407,-0.15251262928511342,-0.4390461848601686,-0.48779957887183384,0.7589316239893461,0.9605849604057028,0.16359520915707948,0.8417802632837921,0.7326170915994442,0.5132379016128742,-0.27292217783393985,0.1435047577695302,0.6925567735717156,0.3268026829598185,-0.49936628275783074,-0.5959502543739695,-0.4634264041808273,-0.2035049663965429,0.04126562355037894,0.12096987352902237,0.7382852393923663,0.7637697010446637,0.9052775256527544,0.6801712067091876,-0.31369602654742446,0.20269767958225401,0.10842758367223303,-0.016411025091775788,-0.009649859821318532,0.7848780500940934,0.5298304118014192,0.15156560262977622,0.1420945238509761,0.035592193896895545,0.19972627893517766,0.5735405000884161,0.7589869896076461,0.05534024081761076,-0.3650856108741483,0.705619967605614,-0.5165806732960165,0.553333057405707,-0.5452755850007637,0.7918398171726305,-0.5835838168801152,0.8012876186692424,0.7995241314787561,0.7757588894845062,0.6858973116594353,0.7147649050759379,0.7022201735102995,0.5393175798733573,-0.053522250812470966,0.6992288660865991,0.15080443397965837,0.9662805815838359,0.787869292667675,-0.6479389541026402,0.5533437454993027,0.6182150719844961,0.5447649875829673,0.6931974069145657,0.48136732272904,0.21911263825130492,0.2985589738655963,-0.43769596758998613,0.890594680513285
000338.SZ,-0.08190320558931326,0.11957943330826952,-0.14078771344080385,0.8426948653647592,0.29283379835576256,1.0,0.3014086710429284,0.11163592400041812,0.2702938795291752,0.5298528888016311,0.42491971449831084,0.30171253433364803,0.10086002799599479,0.5562149855170074,0.20791541751724427,-0.10087723546307559,0.18359118607458366,0.1786955425544836,0.31907286311021216,0.18095161852266828,0.03463939112480969,0.5605170644058967,0.4666265650353303,-0.13658456039701325,0.11923793864771363,0.6692706937705207,0.7494964399465439,0.4183488892969703,-0.1000037691226624,-0.2237071326929738,-0.027775713824436832,0.2397673112731866,0.1571564931057475,0.5705601736183403,0.41115733213502287,0.3611493825040361,0.7485709657718074,0.04378692398237936,0.17891717639259505,0.39822071762585215,0.2142668209259683,0.49500487498477247,0.015542183670445409,0.423655519287556,0.5612374581721519,0.3651327617881372,0.6806017789899275,0.643140122508728,0.6270155150056038,0.2717242371103952,0.22395908011678414,0.1988970255028165,0.656571633428529,0.34460112502109985,0.38985001337247044,0.25155584717928886,0.22337858556750992,0.2811549181401331,-0.15243076277610929,0.20507533184833115,0.18483566838906137,0.2917687150318386,0.35458725495005977,0.3074548351722125,0.06731828809909306,0.14830271224420344,0.0047996207084208915,-0.23143438266040464,0.10189940192117536,0.4531839955842745,-0.05523316746004723,0.2285056230816931,0.4898037887523896,0.39633120190976695,0.10341571320019981,0.2652247129434297,-0.07332757429965069,0.07477039446294631,0.30616153060969237,0.17940347449403715,0.021752005543221153,0.18661467395214204,0.05168462778653323,0.6821933722450241,-0.1268599597936708,0.625116198749102,0.4326953546430972,0.0596174339674719,0.002879613217827176,0.6038136763505942,0.3640291760973789,0.49855161370921314,0.22315274143235456,0.14175332969889548,-0.29353420098732436,-0.07831512731109581,0.42526363369828596,0.45233531112926545,0.38733625510663966,-0.15813000839180846,0.4357556167108261,0.21545661422722742
000568.SZ,0.4441105775286986,0.014441750968405461,0.17126265831626783,0.45350553560798273,-0.38423472971737277,0.3014086710429284,1.0,-0.2523941482140194,-0.4449526021325521,0.44013226207242223,-0.2489661781039938,0.8608335735813415,0.3194726129018322,0.3575287403174853,-0.42734402105880914,0.27821758128532253,-0.5019266112491204,-0.16384604880463102,0.741288846560692,0.15788077011545495,0.4977543561116402,0.35670953678127076,0.2721755850631204,0.47033075469379737,-0.39883516704794747,0.17545018479955757,0.4762419492059757,0.6465761512341458,0.4077343881839224,-0.5749399882617134,-0.06171327426846576,0.373999374955367,-0.4584894583099512,-0.014065884225337657,-0.12558188386108646,0.03461817140928574,0.5511785991140656,0.5241046676612995,0.5400982742412282,-0.3007845850499828,-0.3905738367927368,0.4644925098713339,-0.6215039515339712,-0.32710768139937707,0.06742788423149075,0.2080689984053136,0.42727669199502044,-0.06273508483188697,0.08778726483223565,0.809685386745115,0.6516296195382792,0.5812152066458335,0.5427046637998021,0.06788817302941293,0.22789228985766996,-0.3660894753309824,-0.2958541982847592,-0.4037790944972146,-0.3912475522380609,0.4977709751057475,0.2318621467709694,0.3406562783814324,0.4752925828135513,0.3611741717675376,-0.20328554820899183,0.07389616888981046,0.21804227581205962,0.19322420956613165,-0.18793626266183006,0.25107586856997316,-0.114509157668424,-0.12920641732194396,0.381474720557404,0.5475487797341512,-0.12059112599033717,0.5657982752838323,-0.15141081466203732,0.5166280402885053,-0.42858710930795735,0.48115764038911113,-0.6026533814174052,-0.23225320057359353,-0.5935448351534715,0.06756601198929281,-0.5981958293255131,-0.04886919465967296,-0.3076295725514549,0.4176604336264911,-0.5707496270451783,0.20654985331695386,-0.36133058727622563,-0.04192624676093524,0.6236980757229743,-0.37405277021614336,-0.6683588331533189,-0.1581008301196528,-0.31817795071964744,-0.2001023030713435,0.03942797216766386,0.03975353748538305,0.606417664631843,-0.453898613794403
000625.SZ,-0.6042027339246214,0.6415382917313339,0.24531141126990444,-0.13121471693011258,0.7835049042677857,0.11163592400041812,-0.2523941482140194,1.0,0.668360871510612,-0.339474360180813,0.7201830748860577,-0.5106757123663791,-0.6181234465846644,0.25559817754518754,0.4808629757085743,-0.5515962021895303,0.582500136850734,0.2566774912250782,-0.41439825181585693,0.012344136718043769,-0.26567958961702526,-0.3110683505158421,-0.21156613174517103,-0.6191568690796398,0.7796309481909739,0.30194745367038534,0.03470845374481595,-0.5282243662889536,-0.0575728301264643,0.6820403227371682,0.4957712455349251,0.20605819519831617,0.6738887911001452,0.5487076653392275,0.05421516209749678,0.32354217860971124,-0.3204694724666732,-0.4400549670743214,-0.6275265123923445,0.5919853698456864,0.7988556664827057,0.10993888606207536,0.7000181749051304,0.5892891831591386,0.45125476356911376,-0.4722271467639805,0.034151026571173734,0.48982973723075496,0.1534590192124483,-0.4943434799786202,-0.633345147719424,-0.5605269351387444,-0.34323648978896504,-0.1955364903173746,0.04694975304199383,0.6641322109865325,0.6059722080449046,0.5963317355173389,0.7811184250748808,-0.3893503828439109,0.257661930786322,0.13425215642425836,0.05922046309009763,-0.04566439890980666,0.8309389482458599,0.547579407287934,0.19355559536524627,0.2373469447570693,-0.1853719499199115,-0.1267394684824327,0.7786126468516178,0.818171490810509,0.008830150316034983,-0.4057378019787207,0.6390843725903813,-0.5835424805035608,0.5935394235245379,-0.5738301262196424,0.6176304251300108,-0.6236336378065103,0.6850091758557536,0.7258545302577762,0.6594060444781437,0.5017831686426064,0.6162572476850536,0.5567368683512509,0.32952189660567055,0.05710639459398486,0.6335134064220447,-0.10128278543935383,0.7938793444001564,0.6004880141062517,-0.6545520773903397,0.3705815580618901,0.5479227226831827,0.5728587641672368,0.5735729775442028,0.5009784768058422,0.16859727086341225,0.4162120577287103,-0.5746638019300502,0.725810790521552
000725.SZ,-0.5555507780152237,0.44213854514825107,0.16610810918569285,-0.11040036818580068,0.8250392545099237,0.2702938795291752,-0.4449526021325521,0.668360871510612,1.0,-0.09801729551708112,0.7634664413114763,-0.47299819003014804,-0.3773692347931317,0.07058285669599751,0.6526245668576568,-0.49704859046159283,0.7527558176029214,0.5406534128898833,-0.5150305701892048,0.14797140973463477,-0.23233999001841052,-0.07963387840388203,-0.07386239401513962,-0.5548149330989922,0.7535233796704031,0.25670664578362307,-0.00959338421642957,-0.5704560816250192,-0.27224012948640297,0.6480453542745163,0.425328920457445,0.029937709541064627,0.8303332592695613,0.7078101640821662,0.46923196765203107,0.4065309274054454,-0.22037922717619263,-0.46049456198708927,-0.5391304586231778,0.6457337527480899,0.7705415601605848,0.030664097806835797,0.7946565022793292,0.6944299005476408,0.4796862586184299,-0.16348370349184768,0.1332955565935068,0.515090827951786,0.32196532791290694,-0.5066239712576551,-0.5174444394580545,-0.41885553726515856,-0.2528689608916007,0.20558471709663947,0.13938635305257926,0.8181299122907819,0.701942993365731,0.7731663667062101,0.6265787796834327,-0.16627859232272643,0.07830670193277167,0.030548361627929416,-0.1205886286188466,-0.005742564637064666,0.606432867718936,0.34904765272241783,-0.00016646632031674935,0.029716650875811712,0.2874498926065617,0.14849889278522677,0.4010068011741464,0.6438210563250447,0.03701296294011772,-0.3005677273249077,0.5697157592920474,-0.4173108293763194,0.4665773877967177,-0.48560896884222243,0.8765891158122733,-0.4330300297947282,0.7874833778056719,0.7919429185304886,0.8532098146230064,0.4988699575486839,0.7590150728422304,0.4502836166385926,0.7243090627661043,-0.20713571678000883,0.7499405539133924,0.15214411045283827,0.7638140104781783,0.6184055160988765,-0.5324242952490287,0.6326168656376175,0.610327506519321,0.4054908522627017,0.7565155168284056,0.4767157791599364,0.3713583704639934,0.18312839383446813,-0.27887071346677805,0.8414628195995552
000768.SZ,0.45778874942812625,-0.33178523137091936,-0.16543991732625316,0.5791961766391038,-0.21670911297785933,0.5298528888016311,0.44013226207242223,-0.339474360180813,-0.09801729551708112,1.0,-0.03160521462425144,0.6224290609736526,0.3178195073809256,0.36148631325357466,-0.05360048755796634,0.23060881846168937,-0.18363463765920376,0.1767464875237922,0.4814491210879528,0.2941896821365272,0.2723406662263803,0.6669604381915306,0.4897310397077695,0.25018760001830753,-0.30683474575410014,0.39683881919333897,0.6065591462509395,0.6156718065152013,0.02377920003403906,-0.5352074970601935,-0.18492939150585255,0.18882705167706285,-0.373060983963925,0.2653198223678482,0.3629878207534259,0.3215921780586951,0.5668892117017725,0.41545929771735385,0.5920508129331256,-0.057437401066653036,-0.2792500872787813,0.4645709212834439,-0.36297186207308707,-0.17271175649761694,0.38552676004330255,0.7149359078691732,0.3765185560229752,0.03368921746071097,0.6171958877968726,0.5434755393921159,0.586047476787057,0.6467237428758564,0.6623915468494787,0.6048129416470004,0.5102262866013144,-0.19850979766963783,-0.08882340882600487,-0.025096341147964368,-0.48410969928946,0.35351950893901934,0.13267446224111304,0.25508417278043966,0.3855075377111836,0.552034302866745,-0.3948655835208979,-0.19027109621375013,-0.11168289835126295,-0.2062776914370499,0.42363685722515804,0.6619101277658318,-0.4034100037788053,-0.30678107681304706,0.4636428043863259,0.7060542136811939,-0.23647641907407413,0.6582763595220943,-0.3535432187622225,0.540789203863028,0.007412296243607637,0.6947129029300639,-0.4330877132782665,-0.15396741026567534,-0.2826246667046824,0.37480200199796054,-0.4216821537533835,0.016789795994372303,0.27909269166633516,0.03272106863300444,-0.46662754674095935,0.6118076825561706,-0.18602396742778934,0.19193821306442937,0.6525259395207502,0.05832951087265118,-0.47853240470890834,-0.3692670791138169,0.07999699742380771,0.17365390192765076,0.28979567018131397,-0.26201797756844164,0.7472851051684635,-0.24274630872480973
000776.SZ,-0.5010319759540945,0.5674600032822062,0.07777426832313168,0.15140581838850448,0.9436329084472366,0.42491971449831084,-0.2489661781039938,0.7201830748860577,0.7634664413114763,-0.03160521462425144,1.0,-0.36893161398172286,-0.4349106317198663,0.3020266748394154,0.580901142040655,-0.44918583524221717,0.7430298721629743,0.4176029145821125,-0.35666138671979586,0.20752271035728712,-0.1937259451038771,0.08843989396059869,0.024750730898392425,-0.5852673086730619,0.8556382318823089,0.5343441572417219,0.31764754229144126,-0.36608662433937433,-0.1687349989106567,0.5630544867824417,0.4273121654228653,0.2497454689287754,0.7005582336701185,0.7246895614628343,0.29816341640872873,0.45288319501128216,0.0015001572206885898,-0.3744416776407584,-0.3472639571443532,0.7576903176880933,0.9182934213850974,0.26806930023378184,0.7415489944495408,0.6999913063329665,0.574143637168408,-0.12738408581109378,0.26614866289994504,0.7406588578916291,0.5084518933617458,-0.38744725728466056,-0.44170558091568113,-0.354688818110261,-0.036494046517990854,0.13061562509661248,0.19358805208666466,0.6709420931611209,0.7479051819058409,0.9192244068042948,0.5599195683473897,-0.2111635560391645,0.2013075740141919,0.13472009719685998,0.046794967086683785,0.06940365077831169,0.7506839818196286,0.5001969977539258,0.1324664286964794,0.07041304247088795,0.10736769815787518,0.34892402851066,0.5347451357667481,0.7220033024938498,0.13267549654443825,-0.2026241542258372,0.6474772500875378,-0.3861453259543759,0.45970869528794284,-0.4602737819931431,0.7686390192521454,-0.47054957508533585,0.689005473320235,0.7603655106282726,0.7028911270055674,0.7875363724880625,0.6144835133992163,0.745572728452749,0.5922528705701661,-0.05148552125113424,0.5884934778491752,0.31500289726084535,0.9398483355924521,0.8222236546974369,-0.49757927990567424,0.5929515656611806,0.4956958277389385,0.4581306574050523,0.7493027959068699,0.5650389824160128,0.30953044989060474,0.2422266097090786,-0.29059208870619124,0.831444509273963
000858.SZ,0.6269354756272951,-0.2546216066023654,0.0986247278600131,0.44681558631664253,-0.5030741398173674,0.30171253433364803,0.8608335735813415,-0.5106757123663791,-0.47299819003014804,0.6224290609736526,-0.36893161398172286,1.0,0.5586021159998459,0.3197243513998688,-0.4829451718994893,0.4627939077085686,-0.5255209786639757,-0.07764795058872388,0.783438916413682,0.20843341443491792,0.6314985214745782,0.5374634013863802,0.356768974258689,0.6733778340049348,-0.5427418135370782,0.1316331725753498,0.47266501990543475,0.7789409382344297,0.41087746004116954,-0.6678087689066117,-0.15356909361470797,0.36248304141285576,-0.5811253684529128,-0.04195057766124894,-0.04400376964214256,0.075866561491934,0.6165116998042396,0.6631253671107092,0.6780236052344377,-0.36843093271739363,-0.5422908585864299,0.4119812189393098,-0.7033601759897699,-0.4325490087660468,0.05793834204791629,0.39319215394816354,0.391413687911845,-0.1815661260408055,0.09422935074225465,0.9061463830838474,0.851585964521178,0.8070515358148955,0.6879618676676197,0.32278513715387697,0.3215612257287151,-0.4752222195668636,-0.46764958431448217,-0.4402924211553936,-0.5910227898914083,0.5045874870790467,0.2219257083245214,0.3462996351525344,0.5199011357208599,0.4499597997039011,-0.48766966103766274,-0.11239799343392774,0.15766079901439703,0.126715631151183,0.019336578978955982,0.39562366274616334,-0.3391362851034565,-0.39850372929674044,0.4245719271358069,0.6819834099428134,-0.29237222717020245,0.7447627430039018,-0.26726064968011887,0.6881450580182925,-0.4713978098824348,0.6648750084606845,-0.6780594563769046,-0.360546873652461,-0.6965172703057366,0.03986693066697781,-0.6917852562241013,-0.2295500535502927,-0.26329460394374,0.3528915303442661,-0.6639982767853061,0.2913553027814512,-0.5162977139662835,-0.1161496841371897,0.8456149332386333,-0.37164145580249214,-0.732290097552576,-0.2801241808523736,-0.37520258477533724,-0.27544813024858145,0.03432642952118461,-0.04394682492399602,0.7707354296259882,-0.5434832258335996
000876.SZ,0.4611044938564152,-0.4794020585213139,-0.12742341024250484,0.13413763960052053,-0.49505185303094,0.10086002799599479,0.3194726129018322,-0.6181234465846644,-0.3773692347931317,0.3178195073809256,-0.4349106317198663,0.5586021159998459,1.0,-0.03532526419622805,-0.3310685451504097,0.37219782487181824,-0.2988242856131371,0.01701554042437604,0.32174401346840237,0.020561302933419224,0.3633267797524528,0.4471529878375395,0.18935303522613697,0.7797377633867401,-0.4995010265219293,-0.12258888026057324,0.01265696940998052,0.49654626823761094,0.06329583500238628,-0.48599203636627336,-0.36815199542520566,-0.04104060695810883,-0.4767256661052161,-0.22643682538525056,0.08896906291554658,-0.12968422292700718,0.34503041380153526,0.3513678550405721,0.42851909012933787,-0.2690236614655263,-0.4806760986148002,-0.10773574931812895,-0.5120819179383128,-0.20417540902321543,-0.201777899494025,0.4751381852060967,0.28439274692136624,-0.26161335523474044,-0.06622506765542789,0.48526959364195776,0.6605573606320545,0.5122696736224596,0.4641598717579953,0.3315119051734447,0.06874231970893004,-0.45930681218738206,-0.5180191615060616,-0.4010555037898113,-0.5872629535304844,0.39001791705887867,-0.10871978634453028,-0.036480164293639,0.06543672273531828,0.10395293550167621,-0.6101378581083499,-0.3198177903677882,-0.15726770634956683,-0.23046264497843694,0.24932861221707958,0.18169794631633215,-0.5231836152054258,-0.5562346272811141,0.08567927859766507,0.3511776161104427,-0.4821735563582803,0.4847572934427262,-0.3937478456563486,0.43683569749170054,-0.3688549188467431,0.4903517926652184,-0.396844666222975,-0.43447998719144065,-0.4839265073595105,-0.20144488513264502,-0.4283229323403545,-0.4240398570867802,-0.12956667366659924,-0.019914432913263957,-0.35493985969484215,0.13837496171663607,-0.5034905367099455,-0.3826516774650006,0.668253928939211,-0.1838781710813869,-0.38568937503271256,-0.44888466332906396,-0.3140852829460223,-0.31687290487571124,0.025275868819951034,-0.29649289130640627,0.4544326782336258,-0.3973386479891625
000963.SZ,-0.04184783869399128,0.276047440178804,0.16208663888827796,0.5239102137722456,0.24289065308076627,0.5562149855170074,0.3575287403174853,0.25559817754518754,0.07058285669599751,0.36148631325357466,0.3020266748394154,0.3197243513998688,-0.03532526419622805,1.0,0.0006590242821735611,-0.1226928081230347,0.19418091525088046,0.061624576743995706,0.42003626152051693,0.04591680982071803,0.21008995537440067,0.2448142343057592,0.0844734366074914,-0.04236102824239151,0.125404302970094,0.7856436182458769,0.744290402120726,0.38239335882771547,0.2818339383382273,-0.11439499564817175,0.2784580158970957,0.46627069686224837,0.06187513668573851,0.3390838244748147,-0.03910201216824485,0.5500102247302666,0.441058556729607,0.22813951862805562,0.018963378590098556,0.49116461386465476,0.2398985262932616,0.5513307957792942,0.04118199491301525,0.2119491920891398,0.6592155073321037,0.019131130542555153,0.46729273670568744,0.41405041244388924,0.301886821787618,0.34863920497621675,0.061468850619068295,0.23237950544456296,0.44088127310997477,0.08947816047621021,0.31464994130107227,0.17680222238437424,0.025480674143708613,0.16698743408005265,-0.01640375598376179,0.030215907434256697,0.5549346090107643,0.5311379888283903,0.6893141631329275,0.34492071278853764,0.12115174791584117,0.2873852929316558,0.31525017272580547,0.24596810037345798,-0.2128401984831617,0.29058143447462,0.09434935780804533,0.2769812492120377,0.3544748301439251,0.28089585828987845,0.13949357043379734,0.16418677517008776,0.01849703454200417,0.0972004150399076,0.1521641794662226,0.012851604390698853,-0.006809148874658878,0.17598208025954662,-0.12952081841993138,0.6648019962194155,-0.20932700085146697,0.5132707106396818,-0.013886807268842685,0.30929848520941045,-0.06965680975976184,0.16655115662275893,0.33168039828205037,0.5178981350062264,0.1205508208407499,-0.029105591454805055,-0.24045190026461047,0.14342268420169385,0.12474397914898039,0.1118974837024565,0.19115993408750276,0.22192286995582625,0.11657794076424773,0.12186055790911211
002007.SZ,-0.6171983187357072,0.18884700256487594,-0.1589168018232249,-0.01798890054590892,0.6290384309497613,0.20791541751724427,-0.42734402105880914,0.4808629757085743,0.6526245668576568,-0.05360048755796634,0.580901142040655,-0.4829451718994893,-0.3310685451504097,0.0006590242821735611,1.0,-0.48886621483355563,0.6613807872988523,0.17060840983195594,-0.50155684603012,-0.10345041656694215,-0.47754380983303957,-0.10164777630825932,-0.025079184825161766,-0.5196038138176567,0.6128090382534777,0.15583661026854628,-0.05718299822037428,-0.3518916372191024,-0.47968013966106254,0.4788230987867659,0.040906597450408234,-0.29846778897947274,0.6157242619372914,0.43823807778606483,0.3336151706905792,0.11791492168944546,-0.21294692301457596,-0.5711324222923521,-0.4529212527714664,0.508090483978256,0.5510805528743623,0.012687337897979536,0.517266384863156,0.5971697425714004,0.2545448222706688,0.07727465262214882,0.19808330877703872,0.44381790477894506,0.4320511265837539,-0.4497792494149198,-0.552909521270165,-0.49116783245254436,-0.306976464971726,0.0008928322637975448,-0.14590847300301862,0.5726372360846097,0.642884951673415,0.5773875401205782,0.3727588801074507,-0.13725368411242087,-0.18845084108560703,-0.23579899809238478,-0.25708969547720456,-0.18550428777115976,0.3520927771482864,0.13057604273266946,-0.2736384317357661,-0.2466626158871721,0.07336761551330685,0.012117241862855371,0.14054140358527842,0.48354625420797454,-0.10165821973907696,-0.3804449856947343,0.2955448563337555,-0.4684934518505055,0.13171308387867406,-0.5164725336457673,0.5758604447613042,-0.437939140767706,0.5197964404342336,0.4785503247733698,0.6247591523024726,0.3535809174958022,0.464504374101154,0.3985519653475162,0.45088049097390215,-0.33783793571749116,0.5174871144317721,0.11511298794532758,0.617946892428067,0.39082222077164075,-0.5282463017172716,0.4122589995443591,0.5779164770715403,0.13964971311909738,0.7328191518589127,0.5276379220841617,0.41406336124943294,-0.1685653608934772,-0.26870539672803284,0.6228551656037746
002027.SZ,0.6816369994018197,-0.31747300721282246,-0.0538685559224415,0.019703676866358443,-0.4669798369496588,-0.10087723546307559,0.27821758128532253,-0.5515962021895303,-0.49704859046159283,0.23060881846168937,-0.44918583524221717,0.4627939077085686,0.37219782487181824,-0.1226928081230347,-0.48886621483355563,1.0,-0.6352198921427082,0.1835656036787334,0.4058564815138161,0.5898209599402962,0.6796155232789013,0.4230565197256495,0.5056493048668612,0.41288459887790435,-0.5637664379701041,-0.1865329416864777,0.1040183301425099,0.3656225664430261,0.3825222919262093,-0.469783497022724,-0.07947477449488262,0.21490029966627036,-0.6447662414931195,-0.4104504929377688,-0.19302801098329883,0.023731217667167445,0.14334681436420435,0.6627341478712175,0.6779214694305858,-0.6466435903129284,-0.5158931847297361,0.28382193747394197,-0.42627545666679767,-0.5742170364536439,-0.11058523439006653,0.2629444863316985,-0.24737559083329463,-0.5001778096512878,-0.16948214828776723,0.5675035074970727,0.6062470102041794,0.625961002267888,0.26641362934546314,0.44708731445401034,0.44232879256281904,-0.5634726637761545,-0.5854856335235216,-0.30761338849174674,-0.39980928464219606,-0.043393608916369675,0.21026205622795524,0.17724472827515395,0.13312977861520917,0.5670050784042311,-0.3936039904709177,-0.10996287227647461,0.2166696213172775,0.1710023770792608,0.15574003451397708,0.37943520801688996,-0.22902415714745586,-0.5961142582175384,0.3163921929031449,0.541852154229023,-0.26715185689724347,0.6672376994666767,0.026140761726564835,0.7326371167852362,-0.523027228966758,0.6224991899406102,-0.44616013187479453,-0.4312973805454227,-0.5603845023102904,-0.23598329613671698,-0.4265750065930232,-0.4032111065387661,-0.2977380841673101,0.3786260513260938,-0.601555312838016,0.3191535869138861,-0.5446613042842428,-0.1509443298581528,0.5651366073187374,-0.1835259130211847,-0.5086324074902797,-0.09786015179892234,-0.600745931221191,-0.3389469128812587,-0.4890783995554336,0.04250132678091722,0.45926758470364515,-0.4767219913785287
002230.SZ,-0.6438625443727468,0.2937353461282928,0.03566399680639517,-0.09901894692115078,0.7705689287959906,0.18359118607458366,-0.5019266112491204,0.582500136850734,0.7527558176029214,-0.18363463765920376,0.7430298721629743,-0.5255209786639757,-0.2988242856131371,0.19418091525088046,0.6613807872988523,-0.6352198921427082,1.0,0.244604568285133,-0.5480900207180334,-0.19203822019787534,-0.4310364794612494,-0.20159118601883966,-0.27428099472326084,-0.4820480863799008,0.7525264545410062,0.41879838162645794,0.047934249766809635,-0.4382589012592655,-0.3779964616818389,0.6222571224376444,0.2128259221552402,-0.13448563930367655,0.751560094463018,0.5311233788955988,0.3186592658409354,0.31019773619685326,-0.21899420706426675,-0.5956416382769117,-0.6472055929472441,0.8419934808074321,0.7900548142043972,-0.149271289673116,0.6880722666264477,0.7188022888254652,0.3697295675734041,-0.2342893782207943,0.17310218594896273,0.5555022065576114,0.3165925274243464,-0.5781870121426862,-0.574494990164297,-0.4720098053819057,-0.25768128873016327,-0.07168528985001543,-0.11901207468404489,0.6862706191628023,0.5885806393989919,0.7088902761342616,0.42559051787594365,-0.18384703076400152,-0.08144289356144588,-0.1373530040430407,-0.18657943434232827,-0.28033403565831766,0.46239057941083983,0.17848172796308848,-0.1613421322557689,-0.10881093503144784,0.14896900244912217,-0.008555237152567877,0.23363531802827145,0.49698497725368335,-0.23526575041498207,-0.42261443365820184,0.3574588624171726,-0.6046566760932465,0.22130391067584101,-0.5958015469669151,0.7502557092402773,-0.5895635019838097,0.7383637620828298,0.6029200199627294,0.7489361770525614,0.5120176435621684,0.6465019332020577,0.5101466103492808,0.5656898141659616,-0.35498684799122643,0.7093291193167569,-0.05047767956362659,0.7757993470276618,0.4594017099134176,-0.5665920272842362,0.5688142405825072,0.6622288341427953,0.2560459634625701,0.6955621855439728,0.3534042343335692,0.41448249439712836,0.0343955230281242,-0.45196772768981114,0.7399383825990616
002241.SZ,0.0756986277062283,0.27733332943766326,0.11001767076746212,-0.10366717270930638,0.42313347713705163,0.1786955425544836,-0.16384604880463102,0.2566774912250782,0.5406534128898833,0.1767464875237922,0.4176029145821125,-0.07764795058872388,0.01701554042437604,0.061624576743995706,0.17060840983195594,0.1835656036787334,0.244604568285133,1.0,-0.14313961992813973,0.6018767119953935,0.46939229644665353,0.27547761014009414,0.14246106172875736,-0.1510674566986484,0.2646489905555395,0.18339620497617937,0.11382586934789234,-0.3095148996405505,0.14396340279965628,0.17281467530079675,0.4775028623441111,0.3185908553099747,0.1967828042313412,0.31564074941544684,0.39111797976478785,0.5390059504324306,-0.09073883618331281,0.1971781165469296,0.013251945928437559,0.1731737457082321,0.37854976289559716,0.16695693016808413,0.45855467591738824,0.16872469806018095,0.4489111212510859,0.03239627290990977,-0.1400236557485814,0.05361788023674072,0.17593338307361173,-0.068987123467555,0.01593776234852508,0.14461646940623402,-0.0003322995373523004,0.7090133688075597,0.6156158340998771,0.26084795228404567,0.15929654727489276,0.53856575881031,0.28780631503914605,-0.29164510676575023,0.4043508027412537,0.2565626897762136,0.06493746783671317,0.5467669303362449,0.3557488743196063,0.3945447862676416,0.3088574007263996,0.2799225391347216,0.5580263560994276,0.504678422083224,0.2707102921760012,0.19990744145260264,0.40811178416354993,0.25989534834417843,0.42612137874467343,0.19283078203801987,0.5580157340156334,0.17694194436232438,0.5182650843679467,0.20355630517912218,0.4177522899604987,0.533947472776183,0.37041580302512894,0.3787745945773111,0.4777612648844294,0.09997949115904793,0.518487675791908,0.21738382939505382,0.2948165036178186,0.362707981637529,0.32228104662131013,0.5706864892359916,-0.006760060653208277,0.5581087002890233,0.17312091599663468,0.4047132595079388,0.20489542952291184,0.2908026506433718,-0.15124511133373889,0.35758080176670676,0.012954894231022187,0.38088465888238104
002304.SZ,0.5837873413545233,-0.008904256185061058,0.18620171432545596,0.4865976889304491,-0.4697923440887765,0.31907286311021216,0.741288846560692,-0.41439825181585693,-0.5150305701892048,0.4814491210879528,-0.35666138671979586,0.783438916413682,0.32174401346840237,0.42003626152051693,-0.50155684603012,0.4058564815138161,-0.5480900207180334,-0.14313961992813973,1.0,0.13432576229726878,0.5200721134843381,0.39021401237628434,0.34509169284194835,0.4076366789002501,-0.5863350345298003,0.22146327241936267,0.5373870674604372,0.6779391579720113,0.5471114457705587,-0.6619612176046138,0.0680686679252984,0.4924252411101504,-0.5699097436134655,-0.16456157402175478,-0.2278664767571096,0.13910182577477773,0.5567002080047564,0.7236414593569847,0.5928189886697844,-0.3239971049487362,-0.5080334005222829,0.556965256208379,-0.5884512692357301,-0.3894598091624537,0.16130167718875232,0.1565779183883661,0.2564534926510173,-0.1662954632506963,0.012175801252425586,0.7806160573346076,0.6200546194973204,0.5842396065499186,0.6391436470995061,0.1431275144685912,0.36855177934699973,-0.46304526962270715,-0.49824502242229474,-0.47324944054328877,-0.4587262448686837,0.24722554520503737,0.45515487482150857,0.62381818947663,0.6035341478753473,0.44925365979593307,-0.31840406305389884,0.20792368580579476,0.43083967353391706,0.31122596287301435,-0.21095150156275622,0.24977046344495646,-0.2701446419831136,-0.23839225737685363,0.5585708392659688,0.7061192124148351,-0.14613529104023304,0.7637213311759145,-0.14504692610734962,0.6845080028345721,-0.5112605010439463,0.5760646796688947,-0.6032677706094811,-0.3013951510966241,-0.703149116839381,0.0301505887267387,-0.6591331266329475,0.017251671104928323,-0.4168462241368638,0.6135308905171216,-0.6330848080743582,0.2649162128424804,-0.43623817266471443,0.012806471273096877,0.6638792062492634,-0.46026253865031247,-0.7552212536435173,-0.025398797835838427,-0.44969898799516367,-0.19514635591994037,-0.1450978990661985,0.16013108901824982,0.5511770090246325,-0.5619253154904925
