,000001.SZ,000002.SZ,000069.SZ,000157.SZ,000166.SZ,000338.SZ,000568.SZ,000625.SZ,000725.SZ,000768.SZ,000776.SZ,000858.SZ,000876.SZ,000963.SZ,002007.SZ,002027.SZ,002230.SZ,002241.SZ,002304.SZ,002460.SZ,002475.SZ,002555.SZ,002594.SZ,002714.SZ,002736.SZ,300033.SZ,300059.SZ,300122.SZ,600000.SH,600011.SH,600015.SH,600016.SH,600018.SH,600019.SH,600028.SH,600029.SH,600031.SH,600036.SH,600048.SH,600050.SH,600061.SH,600085.SH,600104.SH,600111.SH,600115.SH,600196.SH,600276.SH,600362.SH,600406.SH,600436.SH,600519.SH,600570.SH,600585.SH,600588.SH,600660.SH,600741.SH,600795.SH,600837.SH,600886.SH,600887.SH,600926.SH,601006.SH,601009.SH,601021.SH,601088.SH,601155.SH,601166.SH,601169.SH,601186.SH,601211.SH,601225.SH,601229.SH,601288.SH,601318.SH,601328.SH,601336.SH,601398.SH,601601.SH,601618.SH,601628.SH,601633.SH,601668.SH,601669.SH,601688.SH,601766.SH,601788.SH,601800.SH,601818.SH,601857.SH,601877.SH,601878.SH,601881.SH,601888.SH,601901.SH,601919.SH,601939.SH,601985.SH,601988.SH,601989.SH,601998.SH,603833.SH,603993.SH
000001.SZ,1.0,0.6744932785453294,0.788520924038946,0.4022511523146966,0.6738662537377582,0.5446850012973691,0.08599707901456626,0.3532080699590878,-0.0997956535433388,0.3577505944630497,0.4388324076100685,0.007477191407442453,0.7173496476369992,0.5547628161153532,-0.5521761458311663,0.5986985548942723,0.06341140723644184,-0.47636482890255144,0.21466861900793877,-0.17087601104991967,-0.3551007845327021,-0.005260769015979948,-0.46548799042390226,0.46437055210277606,0.4005023452532564,0.4896395592049912,0.5587901757965471,-0.2229010342722726,0.8181118680140264,0.7271827822237044,0.8493903035882732,0.7174837475847983,0.7567407923592692,0.797822685296679,0.7813441956419639,0.644938567633797,0.5970653100618535,0.8387842164324661,0.3359323093110224,0.5159474329260801,0.2739898581913294,-0.0893122652854656,0.3841043706597043,0.8193520516971248,0.6140857555052217,-0.06213195436646373,-0.4206132485626583,0.7540742833998274,0.622378158504505,-0.6100498393900616,0.17238290004834025,-0.45449023961305574,0.6893727331930903,-0.2420181255211681,0.17708266168307407,0.04975967709261231,0.7967020581389215,0.644835976155795,0.600887762575914,0.11003597283371587,0.1531301281138208,0.5878997234608274,0.8367819769089538,0.6225280764154782,0.8088356408688515,0.733091078499508,0.8066472094029251,0.8709720590778632,0.8598569469171752,0.5569602897087002,0.7398704595417028,0.5916357126699153,0.6962169884921864,0.42338331688835923,0.8581716597203061,0.5417713353403096,0.8982568091182269,0.8334763435465296,0.7294696787622709,0.7026088295596989,0.8281342927848687,0.6962195184154419,0.6252944953299345,0.6399640903155023,0.8804712432632749,0.6680475754285949,0.7948489857839919,0.6582453864621086,0.6321677177911448,0.3227086317748175,0.056601971782961856,0.6101528106685896,0.6601022799601073,0.23240459552207834,0.5324505264341911,0.7288507678193437,0.8528064030641072,0.7976797349137698,0.6305131890825516,0.7627599235128094,-0.18427929008786625,0.5345039126241719
000002.SZ,0.6744932785453294,1.0,0.7793034604365848,0.3352578135282151,0.6862864057175481,0.6174328385787254,-0.05022279885764729,0.048767513214834766,-0.27438110617414374,0.020027306122846793,0.27969345285816477,-0.12068061329220442,0.5745156735226766,0.6207977374027752,-0.387930010047657,0.48113198262250495,-0.1114536030599577,-0.6085888080612304,0.10509998139892907,-0.4016603864728028,-0.48547734483459865,-0.22818359669954916,-0.692766863697949,0.3409369185444955,0.13894870901461487,0.35744671532897204,0.4363107148784951,-0.40719922484194687,0.7600241894066381,0.6138292144349842,0.810198116244815,0.6243303457987553,0.7332286509069791,0.7130058368417159,0.5898669131127622,0.7466007455369333,0.6333226824809141,0.598860276003553,0.5344685622611622,0.1632648972037214,0.24689589228009448,0.13910638829450428,0.32853789255594906,0.5893833030173958,0.7748668305952872,-0.22122682143370456,-0.4375598424850345,0.7528593610544885,0.6628545170724898,-0.6444833154425968,0.4015022760905195,-0.5331046447051432,0.8422052190031714,-0.5311105985143644,-0.07581640820607728,-0.1205252734105899,0.8016291570607833,0.5800619935740475,0.720036086213479,-0.07000419048936847,-0.17524675203711235,0.7163544582297238,0.792045983911938,0.7770071974233481,0.7543946834985652,0.7694064089388477,0.7673591391934177,0.7798877601713031,0.8265643375264796,0.4069587190207555,0.6682100408685921,0.6417557636678289,0.7520030833147683,0.1728910583830361,0.755639018103381,0.32054496527370074,0.7429821744428029,0.699072080103886,0.5855138984052096,0.7194829292246677,0.6437413044765902,0.46271022929817024,0.4910731042709844,0.6613565185439315,0.782629978088791,0.5353251184085461,0.724487888859858,0.7510905494478283,0.42142652183793067,0.20030355436107608,0.22472711717150795,0.6105149332076368,0.6666112528109026,0.2632062749037833,0.7147283619802408,0.7809945889638251,0.727194949922017,0.8233020476734261,0.5063531631686636,0.7955094803420651,-0.19937087826430386,0.27971124162374816
000069.SZ,0.788520924038946,0.7793034604365848,1.0,0.46810408315944535,0.771527102665439,0.4921537063772952,0.24187141437791984,0.28329784676735414,-0.16747848690191128,0.11900055718334962,0.4622858477006006,0.17198188653727195,0.7273464653489362,0.5913274036474857,-0.4847072069842606,0.5966276563563913,0.022891761978019797,-0.5672421191996964,0.2878199588951566,-0.22160848762135607,-0.3759139667720808,-0.25972454863456673,-0.5402217200457488,0.5061111168026793,0.39246617502033737,0.44799977936553903,0.589252141820846,-0.2713303147609389,0.7813122365303729,0.6417852097593382,0.9126553420258333,0.7861357616533118,0.6763937334600657,0.8521106941485268,0.6376787402429573,0.737516646535595,0.6392347124038272,0.615562696093041,0.590987916903836,0.4675498293310201,0.3813107652362427,-0.007186237434355859,0.49086631937993763,0.7797133874148682,0.7516742673858495,-0.10694461088621908,-0.36357853305872073,0.8476830427111052,0.5642758192580982,-0.5816025135805344,0.3871629995763958,-0.5057390204733695,0.8079001222283652,-0.3888808691313197,0.157823789426597,0.05360699197604921,0.7616042713330086,0.7399758046528729,0.7669331765068531,0.14508341714625353,0.13377893720854636,0.6086585118722415,0.8755179948271984,0.7418845461367755,0.7642511201404827,0.7745450725782715,0.7203310083499673,0.86535330341466,0.8779788633885013,0.6348829310711605,0.7211389067287658,0.46927005947051664,0.7142945835626522,0.4186731544635331,0.8623818296203042,0.56431041602079,0.8019852604696239,0.8185785116202876,0.7626376908160973,0.7531338944985313,0.6485302262177777,0.6312763212336541,0.6873615864495357,0.8162110281630754,0.8155705413755951,0.6732759805981662,0.7569878629846802,0.5931889068450615,0.5241182341561565,0.3442776852723444,0.09507539444045447,0.5900458501741058,0.624133461780987,0.4507824510297361,0.6089190941968491,0.6952081375343718,0.8024265891143566,0.7971302989330183,0.5759366558359525,0.7304645245157843,-0.16987399104642734,0.564767735127333
000157.SZ,0.4022511523146966,0.3352578135282151,0.46810408315944535,1.0,0.5548853083995554,0.3831542883359189,0.3029204559299042,0.3265760612969917,-0.09209067637857375,0.2244208143705152,0.4880302551895011,0.298090665790029,0.39514699683734616,0.09202067093169668,0.10427622299955959,0.3173084837075654,0.09714137088948015,-0.033541797178027,0.18754036705710778,-0.02388799610754101,0.09648331209208827,-0.01080669338226115,0.08446019008294421,0.40484653310835556,0.5065437045633123,0.4310215988414791,0.5067595350324808,0.048502852777573935,0.46916808665025206,0.15283480847707423,0.454828296322932,0.572916742203485,0.29461852750358014,0.5914162853092162,0.33043616816447113,0.3217738253035202,0.7559206514524681,0.4730090759042496,0.33206531619582685,0.45367158075924846,0.47321199727062074,0.04768058789089705,0.3592714664147331,0.4067196226554899,0.2847109175385607,0.46390496240351475,0.33635787654655785,0.3149789550957554,0.08231562985730574,0.03047260259492895,-0.03029491703916104,0.11928153630370646,0.5964151081202568,0.16019380776067857,0.31572864872505446,0.17846459437045267,0.3160050898077136,0.5637755480064546,0.371274717731793,0.3235808371156473,0.3071163890033883,0.23758351037588432,0.4401110040136922,0.3107068433206484,0.3851553719406798,0.3381001097860999,0.32536610477988226,0.5260600231669075,0.4827929573605454,0.554132214960901,0.22990101286766496,0.14584882662319681,0.2289196270573771,0.6588416927154351,0.5128710923572929,0.6412720420824688,0.41576512760430817,0.5188738099607998,0.6163276974314235,0.38528229494797134,0.4884264386158485,0.4872809034113363,0.6203353051863874,0.43457189441250343,0.435334360059535,0.4865338319235073,0.5507231196314123,0.22122438618342502,0.19807212825632603,0.2706656036129942,-0.021456357159241875,0.5632038813164221,0.28725933550671107,0.5390023206329997,0.18705293992108207,0.360215837686013,0.3736914628624917,0.35376609195470476,0.23291938579385774,0.3126158373056647,0.4964357684867775,0.21979253981536329
000166.SZ,0.6738662537377582,0.6862864057175481,0.771527102665439,0.5548853083995554,1.0,0.5711862567765184,0.17563545988897053,0.18431180001633463,-0.1849258994137997,0.2640951772948253,0.7205670273021804,0.046744604130056634,0.7034356275889343,0.3564220052110585,-0.25649828751194775,0.37938709714814944,0.014991729069871057,-0.39592668785764645,0.15652440158850434,-0.1972454181505656,-0.30556493774347554,-0.1630101355955463,-0.4272770436576207,0.5854067542464234,0.5697900349891354,0.6979463388281723,0.7851207529847747,-0.23572694338882993,0.6725718079504737,0.5272264413274524,0.8167905538271537,0.6984839620229887,0.636628425755189,0.8668516053416043,0.6624919981856032,0.5317043217089571,0.6940800225951889,0.5890523259700867,0.3901502043136844,0.4035576016951115,0.618799935799589,0.18354651505326133,0.20243997046266485,0.7414988662246514,0.6009158796174333,0.0808720127762334,-0.17776849839097106,0.7725349102997076,0.40443817793739684,-0.48021615622039576,0.15968031900089388,-0.3148474595458631,0.745205411321853,-0.23955011325554434,0.1895719355025777,0.022744748657089243,0.7240225100071416,0.9489666553520882,0.6593815940290928,0.1035237343523493,0.10581330564878837,0.5287402824589312,0.7759229796313073,0.4977370855475564,0.8505571852114541,0.6047845602987499,0.6638145642749259,0.8210142456384659,0.7920537435544771,0.7435220748708389,0.6520224237008327,0.502985978986926,0.5941865641918328,0.4339856410183141,0.8133784896242302,0.6220551784474708,0.7098956566342677,0.8050344762163805,0.8339299791891284,0.6564928367435818,0.6336521217328827,0.6144653785908174,0.7852146586606303,0.8873201869178168,0.7271150154964704,0.7895320994768964,0.8160089933158764,0.5040568736018177,0.5103745321375169,0.4258421482143478,0.2509317740429013,0.8006964743893881,0.4140062925625809,0.7352157335206201,0.5164166854295468,0.6732699321256321,0.7554500516526308,0.7494643563568334,0.49258991842529704,0.6518573775585188,0.02185567570159976,0.4028712811406879
000338.SZ,0.5446850012973691,0.6174328385787254,0.4921537063772952,0.3831542883359189,0.5711862567765184,1.0,-0.4057982398553169,-0.20679815961089862,-0.5280253015093519,-0.08364878609019939,0.05357974890740399,-0.3139217046761747,0.2589311649038605,0.4067755103203878,-0.12547762532393067,0.032219510915104735,-0.38907532073830065,-0.5862186871651963,-0.2201529982611583,-0.5645913661269957,-0.6377329775475404,-0.409051414006901,-0.6020091549294733,-0.019343677678341595,-0.09268292909648816,0.14580204649444875,0.17482703142076983,-0.5909235378661982,0.6007980823848867,0.540700138537917,0.6358816860869277,0.39898432301638986,0.7200792457306061,0.5586000456483847,0.5202221597417285,0.5226834302515126,0.5559937108435077,0.3700652648187508,0.23396510624640984,0.10839089006799725,0.05495992483975113,0.29076945365916734,0.06979241177710056,0.44281147403028925,0.5863079394975689,-0.23686328745199856,-0.3178038166492026,0.5750826740064009,0.6075471975020491,-0.6533211718835411,0.3815920348521471,-0.5504954595195338,0.6819534469986223,-0.5585741569016026,-0.3153091490949818,-0.3798902612466421,0.7125025848564625,0.39407272587115955,0.6472729440910622,-0.34246274030794854,-0.3040761470431785,0.7620103680220445,0.6485908183147063,0.4535805215091972,0.5768707529399378,0.5255573239181609,0.7554259786025859,0.6980791992796722,0.6578199141439826,0.09819405623144896,0.6456930409644844,0.7853563511359543,0.7535875298542251,0.11848981781461054,0.5946057359917812,0.03654257819138528,0.6422732525660017,0.4056634356227437,0.4190589695086084,0.5142371254208741,0.5478735643345752,0.15200781242095338,0.2562884838262283,0.3793113317804162,0.6832187274345721,0.2826898443234989,0.5770437923604451,0.771777325475377,0.30196754623205746,-0.24225101805077398,0.34320651457636364,0.5077775859783268,0.34735835464474424,0.12556801326734668,0.8159670393430414,0.8275373880076323,0.4848281994177491,0.7229503240807422,0.2904153593440101,0.7946330118454191,-0.15317732475160378,0.05676186089124132
000568.SZ,0.08599707901456626,-0.05022279885764729,0.24187141437791984,0.3029204559299042,0.17563545988897053,-0.4057982398553169,1.0,0.7088590472282347,0.39207909435294824,0.2694017792099576,0.5401738922022257,0.9048876960768707,0.3147983723165381,0.08205422751223435,0.08121896172974678,0.5512992029209607,0.46151852262225107,0.4734711215829647,0.7819462085668872,0.5165391417687868,0.5775923151732286,0.32422008734563373,0.42087828610530703,0.4958599881155487,0.7098287677876479,0.29593485221025223,0.5460198913622016,0.5245605442125143,0.0733681477216357,-0.18659998406870823,0.1298130014827192,0.47383792377550327,-0.14820150605915813,0.16803725947275083,0.00861624700645827,0.29711893153533064,0.2169033907963779,0.1855237213252927,0.4669041762617205,0.48416190370998496,0.4799119320945979,-0.4568713548092191,0.6411365510452853,0.20916008916968554,0.18990918211414495,0.4590516941465097,0.42659926314889834,0.04251677896101245,-0.30714109136472584,0.37742326963015865,-0.11330422819698716,0.37690664473633384,0.06680619682654874,0.5412403561655427,0.708521175545881,0.656438986587096,-0.08786357311289406,0.36171873618992506,0.21457327847703048,0.7903670616783449,0.8027279216664204,-0.2403479541122152,0.017618777405123676,0.23411856036683412,0.018117261048105737,0.18928909211193315,-0.21860591334489166,0.05620378413741253,0.01809999477323845,0.6106855486857551,-0.09081894192284116,-0.4474993197111335,-0.2591625989588939,0.5799258283761753,0.17866789013333592,0.6673720445200296,-0.062033256214489935,0.3169021213257995,0.28835251933622996,0.1892831380828476,0.12622346502785486,0.4205029751455722,0.47659444624351727,0.3656035845743273,-0.015296554355059713,0.36681361548983826,0.09878647761886176,-0.37355168927364435,0.09152883748880954,0.6721369203750518,-0.4561518347079403,0.0780271974948144,0.23640617551629353,0.42389095079058664,-0.36556249131706053,-0.24878750865077967,0.13697234477863954,-0.07512641261275205,0.19998898730034642,-0.21502924703045398,0.25394535415964725,0.4807549045205968
000625.SZ,0.3532080699590878,0.048767513214834766,0.28329784676735414,0.3265760612969917,0.18431180001633463,-0.20679815961089862,0.7088590472282347,1.0,0.5106547492700256,0.5379012372338156,0.5464432892682859,0.5851643199515005,0.5187152278270447,0.29388141674554774,-0.14419711065802102,0.6767098289475619,0.5682258706895075,0.301558897456495,0.7722622643681065,0.5880676182041847,0.42667242290697766,0.5679735796964738,0.35418605438240774,0.5897938124271532,0.722839879224778,0.4190655634704101,0.5486284632296938,0.5557734073280868,0.2226741776000416,0.018256596551437233,0.23303751652620094,0.5470771650969862,0.04765771576476552,0.32041037649707726,0.2949396762147336,0.324838615902672,0.34593505123861173,0.4854735454886161,0.3208806035651931,0.6255253884355775,0.4763267613520024,-0.5384696243698845,0.6509119487637934,0.3455883610452106,0.18090794405181412,0.4458905579340963,0.32708223242611684,0.0956300749075958,0.012186950087775867,0.19226343980585545,-0.2743398619599471,0.34504751264716105,0.1423779967373732,0.5738969085015758,0.8072188870318738,0.757546410642572,0.12665605100301813,0.3511191931153836,0.21216434523939862,0.7522808940902737,0.8011099202649047,-0.17595196976466884,0.14086999117121465,0.3330458955219142,0.18773275250202573,0.3517860563151711,-0.0743606040316203,0.235217915289595,0.23917352870171274,0.6229113597526439,0.14958306324447848,-0.2340717338717306,-0.14168042264937988,0.5076604423384107,0.32930455176902634,0.7384566643715337,0.1731275882213612,0.4790420071850452,0.4074968194738149,0.35734002084516137,0.46987192434753816,0.6549431331985811,0.5641635747400253,0.319789255316461,0.27155147917992634,0.514026454120307,0.36797919580134514,-0.2531847295419295,0.380337602227498,0.6699698325066946,-0.5161790888375931,0.2391537341521047,0.43824030389009877,0.30080204722577936,-0.2797410423592824,-0.1599451545980694,0.31513344136895355,0.12140643337926682,0.5132591102585792,-0.10074073351864449,0.2249711432590138,0.5263462248504748
000725.SZ,-0.0997956535433388,-0.27438110617414374,-0.16747848690191128,-0.09209067637857375,-0.1849258994137997,-0.5280253015093519,0.39207909435294824,0.5106547492700256,1.0,0.5010008502467451,0.26855089363837387,0.25779401832887827,0.12566511142389056,-0.14792024293375108,0.023175205478002555,0.4605003033008188,0.6841396262259821,0.4038926085422085,0.6004356894278972,0.7470652140927263,0.4506125990495706,0.5868488628309102,0.29189730313058887,0.301025577611656,0.3420877150982143,0.21376126516274263,0.2268703757643787,0.6578643187231819,-0.1346127950444963,-0.10642831895077642,-0.1988895304920882,0.07514139426464321,-0.2962194670747868,-0.10171471260337861,-0.004614125487737375,-0.10624314784642637,-0.12984680558676928,0.1290901232532305,-0.004250763421642416,0.17168015377706003,0.027654671817794216,-0.2821659192855287,0.31468025999992205,-0.004240636074095426,-0.2823951384547923,0.354376500038778,0.2148287941585282,-0.23220179968429142,-0.2983726747571198,0.3971117176520946,-0.4493827833779531,0.48726403310075,-0.3346875237022438,0.5619267038455165,0.49253586288433066,0.7432975267058625,-0.16012250532063718,-0.06275821508366043,-0.24290243005061005,0.562101996375268,0.548592470939002,-0.4420911407818344,-0.20756126966028912,-0.10456827585430857,-0.16793724997086198,-0.1717613115281668,-0.3210124714025833,-0.18561911155649446,-0.16678574068737184,0.27969996467417685,-0.148410193565183,-0.4931629894004889,-0.3643324801927605,0.11325919422535803,-0.05736908291172835,0.2823865233256771,-0.20598106190995222,0.010998603557125631,-0.024256397468176566,-0.12950375769957015,-0.038905886028385725,0.2849438666342555,0.08693172026326951,-0.10812094925709552,-0.2581072467661141,0.1559137208325434,-0.10164786830568882,-0.4935537258305216,0.24401197189786125,0.49629646509962266,-0.20471376153192655,-0.20670027052355588,0.07980113626379141,0.013064024949369632,-0.4878663690393883,-0.4427036999070662,0.030852262708425695,-0.25275036553715785,0.41501959127940236,-0.4173445476020208,0.2614865496839422,0.14883015219318055
000768.SZ,0.3577505944630497,0.020027306122846793,0.11900055718334962,0.2244208143705152,0.2640951772948253,-0.08364878609019939,0.2694017792099576,0.5379012372338156,0.5010008502467451,1.0,0.6285297020616906,0.05042593728793676,0.5262899198050855,-0.02328012932936059,-0.0946076163161186,0.4654159804603399,0.5970822965545467,0.24930712379006337,0.38134581219777997,0.6280640184687125,0.3709824933335552,0.7228608002900713,0.19961653601539875,0.5760553116937431,0.6011197650422379,0.5633324935184387,0.5288240718119444,0.6315018159713962,0.151888254081869,0.02137344667078675,0.1599833610032532,0.334489072626138,0.10400787372038439,0.27414946938761503,0.6050405523672941,0.0006495365352415516,0.29789818456063616,0.5719831045048367,-0.10326399452136763,0.39825709669367626,0.5014675516241959,-0.26916426677070165,0.10247937398784286,0.41504944160184015,-0.08083668326942005,0.4297471542204807,0.16707861353099984,0.02381091943860045,-0.04616574144980712,0.1661354897408071,-0.5593728908015277,0.43129319285660733,0.047170588933192516,0.5264724392678889,0.6172539744529706,0.6245932326639724,0.1698349253321326,0.3857118021722265,-0.059436061370754606,0.5108596200800388,0.48159788629970407,-0.18536345180091093,0.05818466934892518,0.0017755811529001908,0.3825738736897157,-0.005319387703522049,-0.012152442966605633,0.21381416347302037,0.2382854502716155,0.5742186687177268,0.289556838510817,-0.16483260992207258,-0.13347206313434032,0.34637838313205255,0.3178275713534345,0.6143830139894858,0.30963381115328,0.48928246568386463,0.45391035235620336,0.17313356147446554,0.3718310776486306,0.7280755248746474,0.4962338010405149,0.19617956509928516,0.26218771299562943,0.590712807464755,0.44658455113199386,-0.1734689827853552,0.6843349187456251,0.6977801461654316,-0.39657213258342633,0.37412344073305465,0.18016013926046456,0.2800541262588909,-0.25874638088294694,-0.06960359389290025,0.37844545861335893,0.14882335949622866,0.5875731022863598,-0.08162460129219763,0.2514304245834424,0.3571698526775962
000776.SZ,0.4388324076100685,0.27969345285816477,0.4622858477006006,0.4880302551895011,0.7205670273021804,0.05357974890740399,0.5401738922022257,0.5464432892682859,0.26855089363837387,0.6285297020616906,1.0,0.30059076876612456,0.6556146086123334,0.10697279166994805,-0.013964286762556516,0.49778692618072845,0.5091698829514372,0.1680919956024698,0.46432990955529546,0.4046707636714855,0.2975425198164227,0.39201332800127475,0.09189708632496302,0.7302659962076654,0.884681899297353,0.8627206608945436,0.9280609039653949,0.3956653199436822,0.3190258779672422,0.13930812417789631,0.47162546807504685,0.6294597936389684,0.19944045308275857,0.5974858836792964,0.5003220041235724,0.2690850272771382,0.547288884804621,0.5930964589200239,0.2562156411911167,0.4727711372254351,0.7949924960642244,-0.03269955756439332,0.2544496392228361,0.6092876695346993,0.236615664464335,0.502884146697851,0.2416312970367691,0.3638838708546144,0.0030443187273588024,0.06572855737682666,-0.2856683734123558,0.2618979404935577,0.344027694847093,0.368600740945773,0.6141668572827136,0.5018323509826604,0.3155360346076901,0.8485077210825182,0.3012998270935841,0.5209731387529778,0.5467653474534819,-0.0009496104786914464,0.38384872508874546,0.22017548760754121,0.6015823221201934,0.27985924747093255,0.20002693294889584,0.4592435590781556,0.44100713121161333,0.9092674758479357,0.36701185767051653,-0.028193476382389837,0.08632561832830216,0.5187959824456849,0.5486907504086934,0.8562100457451777,0.423715991165926,0.6940276141241436,0.7530862537433402,0.4682144502311978,0.47786599985106565,0.7560009868998887,0.7972636060997241,0.71837847617262,0.4059001269119364,0.8287048452864956,0.6114572094526282,-0.04341006681009571,0.5039889259272637,0.8129212537505541,-0.10927717183347736,0.632977594839318,0.2415031888718834,0.751231715456897,-0.062432985660871854,0.17183307732099215,0.5458750477016717,0.38873770630832727,0.43256117229519325,0.12535016854209677,0.2853373592790629,0.42227016726249705
000858.SZ,0.007477191407442453,-0.12068061329220442,0.17198188653727195,0.298090665790029,0.046744604130056634,-0.3139217046761747,0.9048876960768707,0.5851643199515005,0.25779401832887827,0.05042593728793676,0.30059076876612456,1.0,0.1251553721056986,0.06180832967004024,0.17233026514571045,0.3958832400989441,0.32742568892452956,0.43473519812276057,0.6813450151903373,0.39495214638298076,0.482979366539291,0.1576300412373077,0.4549143699524396,0.2698800950257418,0.5571100594396797,0.07933874645212331,0.3367063463767015,0.3773834481578277,0.09191239317470253,-0.18594927822520244,0.07342652713505103,0.4276868222913674,-0.12968983054324673,0.044857334424716115,-0.12991855811260156,0.28244406450448234,0.13800987008992108,0.044939225169615245,0.4883626403245484,0.4783471592692392,0.28258347433719816,-0.41305833513135176,0.6189730701950038,0.09977937532892257,0.19158684355958866,0.37739647320134534,0.3852634546039868,-0.010328895012901055,-0.31317269741117154,0.33406812126270097,0.06791837113784227,0.2976331607649951,0.07932484272750526,0.4688498603405505,0.5420172750664122,0.5044887072086225,-0.12347105739055068,0.1949455987143589,0.26827280713478224,0.7061726090281687,0.7853710542730014,-0.18919816137480713,-0.01143599862417656,0.2168253047116786,-0.1366750141446516,0.1824977859632566,-0.19640956000656518,0.02675409879721423,-0.043301099600009905,0.41842159684553204,-0.162814611188252,-0.3688667557179553,-0.2048565694026296,0.6242241801227563,0.11111454430644159,0.49463909120454086,-0.13721903837910618,0.15330306188730214,0.15182744294864112,0.11117690251512428,0.0486784901559697,0.21876415427239818,0.30718372835630503,0.23600992695047449,-0.06503441328939362,0.15513224660970684,-0.0284375892123528,-0.28854138307125293,-0.07848355437390948,0.42191493055521656,-0.34440688562745775,-0.038595811694774156,0.16521445838176804,0.2763849501847983,-0.2560556302122208,-0.20645238179177058,-0.019960242698221997,-0.11578580120200262,0.040408013814828427,-0.1797133324341228,0.22589953285594724,0.41568269039121947
000876.SZ,0.7173496476369992,0.5745156735226766,0.7273464653489362,0.39514699683734616,0.7034356275889343,0.2589311649038605,0.3147983723165381,0.5187152278270447,0.12566511142389056,0.5262899198050855,0.6556146086123334,0.1251553721056986,1.0,0.48767049021476944,-0.455679496021429,0.6276851278009681,0.3161695360651387,-0.26989742770473335,0.4238589504607164,0.16083918100685196,-0.10155729034744153,0.24596605987961243,-0.34621187632621025,0.868399486020014,0.6488536710449303,0.6105827819304795,0.6894454484120849,0.11543924615580459,0.6146541864463186,0.5277964269484833,0.7666940855590666,0.7183871736919102,0.5317912624853408,0.8297949295180542,0.775820429128339,0.5018590650657178,0.6192247232552021,0.7197662594691435,0.29908563869928956,0.49937525520519155,0.6357901096745181,-0.24968028872536982,0.3360040100024893,0.8228942827496585,0.4758151476834987,0.11053380384393242,-0.20206577977216697,0.6555918026080175,0.41690856114249747,-0.3907502624432464,-0.04273987751583156,-0.14492050880734592,0.5904994021368802,-0.008448187184816788,0.48665383661170364,0.37992279589548067,0.7173509364221796,0.7250114375856699,0.5306651333175318,0.4578707167421113,0.38558565423104807,0.26286037276386975,0.6873894962451587,0.5296884822086435,0.8065897184864025,0.5373500418829545,0.47501364510523675,0.719446137805999,0.7683841604096738,0.739242914221592,0.7014732467130371,0.2585366374263599,0.49549200484840156,0.3719093815668122,0.8148662346181087,0.7356303500118031,0.6946903429488555,0.831342452434135,0.8402271352141698,0.6239279230295374,0.6908767594623061,0.8531592082919278,0.8273521539499505,0.6868134720181248,0.672783076792497,0.8168281232803188,0.8098184922373898,0.2721495617791781,0.7440362349871269,0.6237937322492367,-0.1681032875057096,0.6528334848515575,0.5512160875311485,0.5046960667443782,0.29368443024562424,0.44614011880132215,0.8184118432258565,0.6923096670592406,0.7325267689490137,0.44724416855717203,-0.04904523016726555,0.5838122539941581
000963.SZ,0.5547628161153532,0.6207977374027752,0.5913274036474857,0.09202067093169668,0.3564220052110585,0.4067755103203878,0.08205422751223435,0.29388141674554774,-0.14792024293375108,-0.02328012932936059,0.10697279166994805,0.06180832967004024,0.48767049021476944,1.0,-0.5152703931710529,0.5096531913374674,-0.047742129518787056,-0.5060395046114373,0.24618649442723464,-0.2707182596534827,-0.34963725137080387,-0.16001324335707445,-0.4866853338721933,0.27596500382819417,0.07748748070333207,0.10652602535134903,0.2304852343335029,-0.28778760421012717,0.5878117534713257,0.5389647553464878,0.6092695201002627,0.5019241227496068,0.6234218759874225,0.44528433497633607,0.4677148656887055,0.7057392687386224,0.3498582171441247,0.5173199151996726,0.3507655055465912,0.30150468414220666,0.04590576685958734,-0.21983299682227708,0.43221454652778707,0.5062472744414882,0.655916890572121,-0.18351449293861624,-0.3795429571198788,0.5595470372926495,0.8570347206224511,-0.5255905165913499,0.2534973478130687,-0.45017422507091004,0.5112839167683301,-0.3572158669592665,0.10816121846992327,0.037037686414845616,0.5825018639393255,0.3161331290297917,0.6139112799286216,0.05646870687120239,0.07506958994950023,0.49245904678546343,0.5602688694735326,0.8064032171769296,0.4756114037575492,0.6498030136652697,0.5166259528801226,0.5583245471115824,0.5963156015238342,0.2737209970225077,0.6051061370585733,0.4524697353499552,0.5383394043729747,0.09416588017133372,0.563353158280001,0.2198285862164607,0.5540852948937186,0.5203858500758898,0.3683188906301886,0.8082323383314746,0.4989420131806392,0.3485316453873586,0.32447137610352045,0.46074703297319614,0.6274158724141553,0.36181909153732333,0.45652302051157423,0.471669074718121,0.3816570387681492,0.12039849420478192,-0.054236250728677306,0.2708859251251509,0.6775487883811261,0.030788243828020544,0.5098709478083898,0.5131368026683227,0.5746692222550526,0.5906507619360475,0.49930420042166107,0.539471424736026,-0.353516196890052,0.38592064682539373
002007.SZ,-0.5521761458311663,-0.387930010047657,-0.4847072069842606,0.10427622299955959,-0.25649828751194775,-0.12547762532393067,0.08121896172974678,-0.14419711065802102,0.023175205478002555,-0.0946076163161186,-0.013964286762556516,0.17233026514571045,-0.455679496021429,-0.5152703931710529,1.0,-0.3871780408222976,-0.015437060398407013,0.6103853821771901,-0.12654378817100545,0.15382900866367033,0.4695228479257378,0.11890196885270961,0.4876090204650136,-0.28519893779005984,0.0038961095143205,-0.15848582798469524,-0.16508289737124018,0.317929068271025,-0.4151585723716444,-0.486812823206916,-0.42334050639554593,-0.17070393596029246,-0.50395662458916,-0.41784858846642153,-0.4763427286891488,-0.27441449928633993,0.00197036984111032,-0.3827164169848594,-0.043016886215526684,-0.15299464530507667,0.13114569607622031,0.39003501229412435,-0.1469403399243545,-0.4547073433924386,-0.2823470050529533,0.5212798298159422,0.59663029823601,-0.5191168686132961,-0.5947226970216931,0.6333068317084928,-0.13844298657733978,0.4812946489659023,-0.20335258189537883,0.36954734879373596,0.014126292095694696,-0.0057189451680198415,-0.48784341642284007,-0.2367007159706783,-0.2488943348460876,0.07145291245618517,0.10040602263165425,-0.29811517818697936,-0.4449863837942399,-0.41776025983313775,-0.5188242139187565,-0.4604154364749315,-0.4144771700197212,-0.39093997330778035,-0.4336404631356901,-0.2005867295900817,-0.5444737208664395,-0.3997079012486115,-0.406742323300826,0.11432037061785687,-0.390632148167974,-0.04082667175656087,-0.5066497229634571,-0.407763734737479,-0.216256764476955,-0.3560591678476948,-0.3959730310203025,-0.33245344048444386,-0.13185378724647082,-0.35214197437668077,-0.4596136757765201,-0.3609531429150767,-0.29250033171900297,-0.36653771495328047,-0.518572126274991,-0.1499510598575542,0.03728423017287725,-0.1066636094600429,-0.5426390672773728,0.11908966004623521,-0.2587949229727567,-0.2968945940986882,-0.5403597190308286,-0.3842177206620963,-0.5348950985903587,-0.386657686250492,0.3469913042732724,-0.38131619489841423
002027.SZ,0.5986985548942723,0.48113198262250495,0.5966276563563913,0.3173084837075654,0.37938709714814944,0.032219510915104735,0.5512992029209607,0.6767098289475619,0.4605003033008188,0.4654159804603399,0.49778692618072845,0.3958832400989441,0.6276851278009681,0.5096531913374674,-0.3871780408222976,1.0,0.48007697738777066,-0.06580638826239626,0.719457962324252,0.30113837040611047,0.10810521354687685,0.3266943453421914,-0.21532392475783504,0.5383141942628653,0.5020258126435813,0.4426941345840551,0.6195963827947248,0.3127556719749209,0.5864346094531657,0.40999318624290876,0.5571682644444792,0.6781870286709119,0.38865680116010726,0.5158155080308978,0.5409972324517407,0.6295932758805287,0.4667574026138002,0.725207519911918,0.5115947744899328,0.467761835276097,0.2517730316044922,-0.4134726599198279,0.7371967032518829,0.5360103614474448,0.4615025071435071,0.2112292214530436,-0.07497681871118643,0.39907372215272635,0.33906514919210995,-0.13692222255209516,-0.041784848699078975,-0.020913769123348264,0.42770952976433946,0.1406837238006243,0.49611667195039266,0.5626772064742341,0.5041967950362821,0.46360664139955693,0.46805094865903757,0.571296256475173,0.5474184783115085,0.2542113105806558,0.46434391017286064,0.6176498103465335,0.4416447176072135,0.5594790272628029,0.34669486123382587,0.5241421017973498,0.5744580653656723,0.6612847019503965,0.43149369386369,0.028397750477577473,0.281504284175418,0.3786547481210996,0.6242563483953846,0.6359254033135042,0.5089947410681517,0.6831407124504428,0.49528854902827346,0.5555544670979694,0.5911373008638429,0.7388818401252671,0.5503894906421247,0.48512875848312104,0.5017288333204558,0.6099429419090227,0.5351469638577798,0.18104344296133035,0.5792713428152605,0.6541028378972805,-0.25344808864486523,0.32964442674004935,0.7066553633291449,0.2049788239548115,0.11080002925487742,0.2534158108224366,0.6816885613079134,0.4560577959770358,0.7309122849610267,0.32013201369923816,0.004780642194669698,0.4888846300857796
002230.SZ,0.06341140723644184,-0.1114536030599577,0.022891761978019797,0.09714137088948015,0.014991729069871057,-0.38907532073830065,0.46151852262225107,0.5682258706895075,0.6841396262259821,0.5970822965545467,0.5091698829514372,0.32742568892452956,0.3161695360651387,-0.047742129518787056,-0.015437060398407013,0.48007697738777066,1.0,0.4226851637082513,0.5153655554216513,0.8198990148591753,0.5261780250711686,0.6497927445887464,0.3258990541232181,0.3848790329960607,0.5667938970710781,0.5496216666072228,0.4838539001862958,0.750164096306277,-0.02839859192984458,-0.0720301920609271,-0.035826075378569376,0.2475219372980885,-0.21374107456815597,0.05739985501552575,0.222947935523925,-0.03102134657340648,0.10534222692083063,0.33707962489073506,0.08470133339426716,0.2872725713673518,0.26608928958061123,-0.284892785707139,0.2928271024894691,0.2594380372508147,-0.17972685486606757,0.3897559631782805,0.23714386991853997,-0.10410935988006588,-0.20954616678592422,0.3247267774442304,-0.45944981657110856,0.4903880980482332,-0.1635236391940377,0.6022254641494657,0.6219265569049243,0.7532800603351851,-0.04283513743870057,0.18204178708954355,-0.09209103196028301,0.6082677722960319,0.6350923631363773,-0.4138142636745601,-0.08640580558739741,-0.033204227766334526,0.06696796619671676,-0.036194911820563516,-0.2654808362121949,-0.03983337814661546,-0.006423986895832544,0.5174255418071443,0.07508415999691768,-0.4157395990589386,-0.25250728507510406,0.24648059902527486,0.11908765952493329,0.4707389907213508,0.017008428620805417,0.17465704297406062,0.22691956794678203,0.059217707660484904,0.13365295873265332,0.5525665696480451,0.31235384989512366,0.12140767237959245,-0.09069105492723545,0.45173958300049005,0.10766913709629222,-0.3926016827282444,0.46085216875161367,0.7222462795880675,-0.19392995363857465,0.027143428025339447,0.13951031547912562,0.20045391454078562,-0.376435655118821,-0.35001946092514297,0.21164349522099093,-0.07251668421693168,0.33677670171448254,-0.28963227933838936,0.29811066516222046,0.29488151490275855
002241.SZ,-0.47636482890255144,-0.6085888080612304,-0.5672421191996964,-0.033541797178027,-0.39592668785764645,-0.5862186871651963,0.4734711215829647,0.301558897456495,0.4038926085422085,0.24930712379006337,0.1680919956024698,0.43473519812276057,-0.26989742770473335,-0.5060395046114373,0.6103853821771901,-0.06580638826239626,0.4226851637082513,1.0,0.27235278301456395,0.6530300882153776,0.8551119071266879,0.5707703162667129,0.7730559349597733,-0.02678813591188788,0.32399407578322537,0.03202124316113432,0.042373338198119254,0.7002672695388541,-0.5552197381383711,-0.5741318077736354,-0.5656429330943614,-0.1590295313380656,-0.6820038753257269,-0.46700366673194504,-0.4046106965242992,-0.3499859696797605,-0.21637970611975624,-0.25014570334366504,-0.024356748339481853,0.08653249974334366,0.18925498555434317,-0.20377268075353017,0.08249944765990343,-0.36746028478193266,-0.4383859738545199,0.5033530481467846,0.6849933216832015,-0.6498781649147912,-0.7178905118221993,0.7853262632835195,-0.4269160594133606,0.7813691255698424,-0.53855994513304,0.8016770314087914,0.45462376380054126,0.46214036945952325,-0.617014804345519,-0.22712349117387617,-0.4380366248540519,0.5038710247166643,0.5425621014437202,-0.6498037760658179,-0.6278939050893159,-0.4642180035819099,-0.5161398654654483,-0.5517133297836037,-0.6685124388163576,-0.5556033903137159,-0.5813030680430722,0.022103720678512597,-0.5560219208622122,-0.734011731101435,-0.7182770959609521,0.15751776626448413,-0.44402208292221096,0.16553613596425276,-0.5702276900330111,-0.3309121826657673,-0.23106703257560193,-0.4200327598949949,-0.35244950816545995,-0.05259027748555949,-0.08041769256206274,-0.3453222387009463,-0.5469458262174248,-0.17713648106754395,-0.37416016734086543,-0.6974390008649861,-0.2795894929169063,0.2789110857013979,-0.37059665233572264,-0.22025618783183584,-0.43661581681038536,0.02485786092903185,-0.6931024773614997,-0.6397239854865221,-0.4559266464760085,-0.5714727162877515,-0.3176853878736937,-0.650514959858703,0.38335566550516725,-0.04980326197000066
002304.SZ,0.21466861900793877,0.10509998139892907,0.2878199588951566,0.18754036705710778,0.15652440158850434,-0.2201529982611583,0.7819462085668872,0.7722622643681065,0.6004356894278972,0.38134581219777997,0.46432990955529546,0.6813450151903373,0.4238589504607164,0.24618649442723464,-0.12654378817100545,0.719457962324252,0.5153655554216513,0.27235278301456395,1.0,0.575519391088137,0.33694325275614007,0.44659328958999356,0.17263247956429614,0.5326925848703848,0.6084451291292815,0.2939947759259017,0.5199865622333574,0.4909187933667097,0.19629829987380157,0.02518677268348071,0.21699100204793176,0.5008937138777542,-0.00012623708942386772,0.2753565497565544,0.2274654236401453,0.45557036184696037,0.23850823572396,0.31452245184900485,0.5160642483824608,0.3704124840566723,0.3149406964878186,-0.5740842349938825,0.7749008350673839,0.3241705296451113,0.3107747960786436,0.24986836610588578,0.2189211123894376,0.16974889773515078,-0.07847300117107996,0.14042734655531722,-0.0953023641004702,0.270182654260247,0.1140618947283746,0.4192205801548578,0.6374726779015735,0.7967098503470208,0.17087005392865925,0.31034056070933663,0.3922562431731107,0.760754999940736,0.7597504231541219,-0.09826491687735162,0.14939108900345643,0.41426051149997495,0.1621658811702302,0.3165210011012604,-0.06992376548791845,0.13419625919729425,0.15777284846974124,0.5926322561627941,0.20325496756505723,-0.23985993048951879,-0.0221373506095263,0.4008769446303302,0.31699356613609614,0.5875628250100898,0.09534358303601813,0.39161852386807866,0.27206862028836937,0.29011165777020426,0.34282220879787867,0.48740866682376655,0.3965933086770605,0.36438138779852786,0.13374598621415915,0.47724204715401514,0.19778752708162847,-0.2606665034097091,0.37231829354242,0.6931987149910185,-0.48490227658617835,0.023513929700729717,0.4837831121493672,0.21294959142173278,-0.21105622638090868,-0.11956369346940882,0.3061873576829311,0.1430931550142104,0.5795656428277388,-0.07773087541479712,0.1530233020865339,0.4665666780322948
