,000001.SZ,000002.SZ,000069.SZ,000157.SZ,000166.SZ,000338.SZ,000568.SZ,000625.SZ,000725.SZ,000768.SZ,000776.SZ,000858.SZ,000876.SZ,000963.SZ,002007.SZ,002027.SZ,002230.SZ,002241.SZ,002304.SZ,002460.SZ,002475.SZ,002555.SZ,002594.SZ,002714.SZ,002736.SZ,300033.SZ,300059.SZ,300122.SZ,600000.SH,600011.SH,600015.SH,600016.SH,600018.SH,600019.SH,600028.SH,600029.SH,600031.SH,600036.SH,600048.SH,600050.SH,600061.SH,600085.SH,600104.SH,600111.SH,600115.SH,600196.SH,600276.SH,600362.SH,600406.SH,600436.SH,600519.SH,600570.SH,600585.SH,600588.SH,600660.SH,600741.SH,600795.SH,600837.SH,600886.SH,600887.SH,600926.SH,601006.SH,601009.SH,601021.SH,601088.SH,601155.SH,601166.SH,601169.SH,601186.SH,601211.SH,601225.SH,601229.SH,601288.SH,601318.SH,601328.SH,601336.SH,601398.SH,601601.SH,601618.SH,601628.SH,601633.SH,601668.SH,601669.SH,601688.SH,601766.SH,601788.SH,601800.SH,601818.SH,601857.SH,601877.SH,601878.SH,601881.SH,601888.SH,601901.SH,601919.SH,601939.SH,601985.SH,601988.SH,601989.SH,601998.SH,603833.SH,603993.SH
000001.SZ,1.0,0.8664394290923715,0.7526715508883575,0.6998908251449056,0.8710264127210499,0.758474128254429,0.9366471628960924,0.7610752881732029,0.7857948535149645,0.7323273317423434,0.888086555721424,0.9462370674761731,0.1313440140456346,0.912017224656659,-0.14113149219428286,0.8483575005272067,0.7940677728246343,0.7436102100790586,0.8373430262160523,0.7981116986387957,0.8115979203476443,-0.16428736458707252,0.6281175938051462,0.6885943706364288,0.8724653584387467,0.8294373834706854,0.8786815197492972,0.3214423990502833,0.9506516759322562,0.8509611613282551,0.9277695645571887,0.8720112675053745,0.8970557911566406,0.902562244154239,0.7815104596609038,0.8773245290555588,0.6731627154160629,0.9142484345914853,0.8560228780696022,0.8951331962042626,0.8743503918442839,0.8369709091701386,0.8158638210822048,0.8193647090871936,0.8620019929377746,-0.44057483783293155,0.5366915067963652,0.9449295039304095,0.7630952337977018,0.636761913190021,0.8384478759494893,0.749310039489516,0.6620575675151882,0.5668854775471422,0.8488442509561199,0.7937591218593024,0.8808305573361209,0.898241447134839,0.27027388381931233,0.661935452197739,0.9089671687943439,0.880525405982043,0.9513377238011733,0.8741854454391146,0.7650972888329545,0.8017448240799846,0.9311556740429,0.90459567413349,0.7342680511340252,0.9048254838790428,0.8623938182840908,0.8868285557036261,0.8439761130241198,0.9179551480551268,0.8788972098547646,0.9511035129690549,0.8974281695961723,0.9236966762121827,0.7307431014976098,0.9270568661990349,0.6701375836976466,0.7874051611595997,0.6992967567534253,0.8951328507214594,0.5891513235279202,0.8879724777386869,0.7374916192966688,0.9501429498104663,0.6969631350562683,0.8444993108735613,0.8913597866386848,0.8977834388400762,0.778006970085869,0.8036781887552064,0.7365330408672524,0.8858277507036726,0.9057768815196461,0.9131886853330592,0.8500738149386519,0.9424383480589292,0.8599979611907403,0.8171327311844941
000002.SZ,0.8664394290923715,1.0,0.7798661885968218,0.7282657789517136,0.7672994674458123,0.8189555111818839,0.8053460314670516,0.6868420503782775,0.7634903448158491,0.6994832615737784,0.794555150449368,0.8572533940322619,0.04788050055937156,0.9004923817082467,-0.1158552476286024,0.8995729263826977,0.7730581990388464,0.8134801901545184,0.784899672996664,0.8564640574307477,0.8496587449239364,-0.12025318011405954,0.6878145115243547,0.6155949805852424,0.7682680501056209,0.7919836146740256,0.7944568760972351,0.25472171070176747,0.824138903224444,0.7870455848453354,0.8779150842890733,0.759455587045471,0.8170061101764058,0.8111428761768554,0.7259207676246286,0.8122076885223093,0.681110552534558,0.8018615746436821,0.8632579102902347,0.7726092983926232,0.7568979626753635,0.7760633193197429,0.8698341966235755,0.7278664457000508,0.8031399790935961,-0.35617676227609985,0.398389124058146,0.8610392807279866,0.6498396729009621,0.5553323789206887,0.7945867604621218,0.7116182297975273,0.6863156749411589,0.5866417471541941,0.82848219498681,0.8924019748193374,0.7971768690095281,0.8040922193024239,0.1793598325603554,0.591020502593181,0.8483658647450252,0.8180325440044847,0.8063816172707292,0.8200545189498901,0.7047554315490515,0.8556472432794338,0.8425691386600986,0.8019372102318904,0.7396822660587946,0.8204003608830887,0.7776774913733969,0.774517576502561,0.7806173968637219,0.877495449930417,0.7875952659882995,0.8332891648238081,0.7861264354144621,0.8580454717835323,0.7158903513295156,0.8437432013518523,0.6242307839371428,0.7683175366768472,0.741920848053011,0.8037281328242187,0.5717803264392275,0.7934648871952118,0.7905140866132315,0.8400534364406979,0.7043499985460219,0.7540649206377231,0.758041203311179,0.8007334943772787,0.7209899432372117,0.7193226386811805,0.6803007367623097,0.7492904210800062,0.8239571638634638,0.8108333171474409,0.7675821168887963,0.7793317222307995,0.933084855897646,0.7922673831210439
000069.SZ,0.7526715508883575,0.7798661885968218,1.0,0.8269597407417116,0.6803732963443974,0.6735443888323744,0.7944417518716684,0.6661771397115719,0.5613273303008116,0.5902215821497745,0.6675949804901644,0.8429953226119625,0.07403987814046349,0.7214702225865638,0.29264556604474146,0.719820078815607,0.6040121257483904,0.6405706608350611,0.597524981702172,0.7004559210825575,0.729634059901943,0.016323082891812307,0.6459152548044199,0.4611552683563187,0.6789145923121368,0.6771454210816992,0.6607429082790849,0.5737955508991914,0.7037768551358269,0.8119345551793099,0.7041073415651634,0.7743906235827177,0.6948481571476103,0.6588673351235677,0.5515962381375615,0.6217434144148647,0.920143901551163,0.90199628446591,0.7781679862036125,0.7008415473647701,0.6686341969489535,0.6825044905232468,0.8218456666221693,0.6442462067217466,0.6315078932106003,-0.02859912507026931,0.7222895027119055,0.7102176762582909,0.47720577289046284,0.6866122866933136,0.8628484489813917,0.6719748022041689,0.9104495654062562,0.4037981045361585,0.7032630274335774,0.7602339805132119,0.6250988181207522,0.6334988734552546,0.5553201459851317,0.7089997183386006,0.6501542152400699,0.6561633400259261,0.7060925847566915,0.7885783052866185,0.7963622518863142,0.8602771295675192,0.8180105832761021,0.6600777389998599,0.4694269393165092,0.7046786386548312,0.7708389491605349,0.8127496927802565,0.7756591089114618,0.7677963223400514,0.7230132128354708,0.7618801956101473,0.7873558038962235,0.8203135660000035,0.5963110369362257,0.8087599200479524,0.787436900397207,0.7267242462140718,0.4898417332460339,0.654321341894041,0.6267400423275896,0.6483846788265346,0.5374817299791205,0.7778911898110531,0.4024971039951543,0.6561080999626216,0.5151410214161426,0.6063286227177098,0.46032694149153247,0.5376598125172687,0.4690159955652233,0.7931426384909566,0.6711860328567382,0.7573038286225761,0.6610032523874959,0.7155529274245526,0.7830646433477613,0.5877637857139463
000157.SZ,0.6998908251449056,0.7282657789517136,0.8269597407417116,1.0,0.7605556804661298,0.7776540055879683,0.6995821429326033,0.5720615189372089,0.6842237237153258,0.758950624621169,0.7738385159746887,0.7434497635156166,0.11583054057300073,0.686983024135781,0.22365409583749352,0.7654331818068322,0.7608480551116292,0.7547433881411566,0.701650574066723,0.744777186791425,0.7386711755596734,0.19098810491585635,0.7809283429811607,0.5810367560987441,0.7914824376403703,0.7986590979976778,0.7706863336442841,0.4930249392632893,0.7577331742880103,0.7519224946876655,0.6765294257689995,0.7848781108504391,0.6825743188366099,0.7699325570379107,0.6719920708035274,0.6296687835221947,0.8541878576926006,0.8016440104866587,0.7779898276287144,0.7257832787737127,0.7526993787698867,0.7443930360558181,0.7146471857978427,0.8006228972703101,0.6227188855524352,-0.11886702527425298,0.6098886852164555,0.7521067479889805,0.4291352669203728,0.7804938192099665,0.7725536088816503,0.8271733569521383,0.8309522742020395,0.6098569657300853,0.6882941564244763,0.7111291632609724,0.7332944404975352,0.7397271748536625,0.511976770131889,0.8404994764433315,0.7241889964746973,0.6950350812192113,0.7447565284356696,0.6895663652024188,0.6941582106277688,0.7695331615448264,0.7849253484012482,0.727780390236139,0.5640984626399873,0.7902964646159116,0.8270325078818471,0.8259149873357877,0.7941359122646517,0.792215257640248,0.7438614637796066,0.7999919567159162,0.7993482012900142,0.8211159015887092,0.772423567845607,0.7593386598767178,0.5944944548742197,0.8526261603250921,0.6800348067555132,0.7844321817855087,0.6730090438745528,0.7587785838385974,0.6960710722360163,0.7749314902434038,0.5702494410200635,0.7656140623156095,0.5785403633780702,0.7102129175609194,0.45245743951429707,0.6317305154994572,0.5484587515279921,0.7921323563853738,0.7598722543945114,0.7570615949171722,0.7752598815756128,0.7537253786980673,0.7550154347947422,0.7285049524308355
000166.SZ,0.8710264127210499,0.7672994674458123,0.6803732963443974,0.7605556804661298,1.0,0.8000796241305556,0.8076671912496637,0.6603658199655417,0.8537963434318079,0.8865923291085753,0.9712273836235484,0.8300269341395025,0.15958083472455578,0.7985986159800499,-0.059438023428545095,0.7776260158242269,0.931042856261371,0.7248349499006195,0.8536865663867008,0.7367725821881185,0.7638391159759849,0.08960180506292582,0.6442842915972792,0.7529552461885731,0.9763813127750174,0.9376624121371359,0.9531334848383896,0.3884981899173809,0.8961351014987993,0.7906154256641639,0.7745209789880181,0.7796680970911097,0.8715316232320127,0.8776396206035146,0.792638882639168,0.8394491842864289,0.6714367845346644,0.8178740407087255,0.8260752228416437,0.964809729866865,0.9715178923458049,0.7623267434253114,0.6670899461275815,0.8826010339588382,0.8155320000851519,-0.47504480104462227,0.49171049394832456,0.921371873864972,0.6474751748552776,0.6848003177245773,0.7615851960314272,0.857475827827674,0.6994337833680415,0.7193384897279737,0.7653341301577464,0.703919302439553,0.9496687788876191,0.9545814031189459,0.3652273681504337,0.7723078230453915,0.861667195418475,0.8510201865918945,0.9252598627094383,0.79300520371555,0.6162594775713988,0.6928490526853524,0.8033142291480799,0.8255904589010262,0.7180919368119989,0.9573665897078204,0.8885666250053433,0.9177772494525351,0.7727584080165558,0.8633384496081814,0.7983563138211179,0.8886353055748689,0.8304878075338434,0.8888739147037246,0.8762975667865743,0.8475973881590092,0.510383951270751,0.8928560750085747,0.7743019687070923,0.9600531153918738,0.5971156196936942,0.9679991797387402,0.8172919787615842,0.853399116684381,0.6855820374321362,0.9167333829513451,0.891498470804358,0.9356519228753091,0.7308583993644414,0.8781988000593105,0.7310307458981898,0.7741456397094172,0.9521667064444171,0.8390877746119751,0.9340870920376759,0.9363953397802008,0.7623224348997885,0.9046901951828396
000338.SZ,0.758474128254429,0.8189555111818839,0.6735443888323744,0.7776540055879683,0.8000796241305556,1.0,0.7438439570026519,0.6111821347860531,0.7681562860094178,0.7634791984268859,0.8341834377196701,0.7499987728517322,-0.011616716036896213,0.7857982541110412,-0.027085393786702782,0.7959835425419836,0.8313218494304895,0.8517691349543339,0.9185393797671378,0.7910980306157009,0.8200126808311158,0.02782532629016259,0.7244506666205691,0.617305720085344,0.8174879588260322,0.8161887992472155,0.8154666391724806,0.27711700895428365,0.7938153395023111,0.7136240869451155,0.7684150386170429,0.754160303643013,0.7379254815109259,0.7856025801928982,0.7466822726246752,0.7669112244277544,0.6519318738366213,0.73539071053884,0.7943222627960674,0.7823060731164407,0.7997064609509928,0.7905361929728656,0.7433396316983555,0.7764634105288591,0.7652080485356002,-0.3670182701228542,0.4129770401086672,0.8082309443269695,0.5979959573167545,0.6019162743994126,0.708951238075573,0.7614086514566706,0.6644507986549245,0.6183130721802739,0.789790563714634,0.7722159808156371,0.8005463401215328,0.8195877547476251,0.1975659349499085,0.7081999073645936,0.8284551587437582,0.7541357896972257,0.7904179075896836,0.7208137341915696,0.6313416936880928,0.7234409111982791,0.7471796717472805,0.7793857300355428,0.7617395318057344,0.8301222079187065,0.749851287738458,0.7853689417348927,0.7728188665051724,0.8224022325408938,0.7498304163449965,0.8092231991577292,0.7637124854775598,0.7992540905526105,0.8010750246873242,0.7682696393036181,0.47040176289619406,0.8392575249128361,0.8542308024692257,0.8443889354851716,0.6816662868982147,0.8285888211988742,0.847828774289089,0.764276027732593,0.818629534762823,0.789131137116609,0.7488438241191705,0.7957056793587935,0.7002371363839046,0.7320071365077044,0.6818844084457435,0.6914316149795513,0.8142909391580638,0.7651505970613894,0.8174124741501316,0.7785941980881553,0.8156146674942856,0.7987001982635104
000568.SZ,0.9366471628960924,0.8053460314670516,0.7944417518716684,0.6995821429326033,0.8076671912496637,0.7438439570026519,1.0,0.7927856063579863,0.7033754675780973,0.6674398207777773,0.8298433555090353,0.9575293648089934,0.1730068425070275,0.851096514594269,-0.030812060501380464,0.8143079520141892,0.7141374096028844,0.7045628627433635,0.8017823382851862,0.7747502311011979,0.7893755606703476,-0.17547177546106163,0.6079465570909313,0.6532734156907122,0.825958848063646,0.7687314522277001,0.8168859823841913,0.41611879762363474,0.8769878746124187,0.8361899808145972,0.8658008967062253,0.8618797428637176,0.8813305732739817,0.8463389273998508,0.6973471889273268,0.8232226348545412,0.7359935203808946,0.9197541459610857,0.8442596189048626,0.8551909289558713,0.8178286930549241,0.8481819077830627,0.8194223178354157,0.7625527069493784,0.8160300679100204,-0.3054972699870268,0.6125115136669242,0.8554410156261323,0.7117500835323735,0.6501987231742491,0.8880664231799673,0.68841428548976,0.7089318969015294,0.4637534138045682,0.8172393491285787,0.759552891025101,0.787787474098724,0.8213451229664361,0.3591766635471969,0.6992476323994862,0.8303197664105855,0.7913315901672436,0.895725726169557,0.8505903609686537,0.81045751399505,0.8175378137915943,0.9012596427498639,0.8670474741987588,0.6745173838408528,0.8521975820727002,0.8178949975743279,0.8689077130016284,0.8293092980971224,0.8609328512172084,0.8225330413126882,0.9105718189813375,0.8943270300158687,0.8747018798091076,0.652283892125603,0.8987564103361033,0.7618141276757385,0.7444924855006896,0.6325839784959467,0.8175287782545367,0.6778350239048754,0.8277366665200958,0.6557783267034727,0.9255346132385531,0.5787042105964934,0.7741445212454118,0.8231355948074728,0.8294899208481487,0.7052914019174018,0.766527035784399,0.7125619887439069,0.8580673596054176,0.8351158962035033,0.891508280925299,0.8187833424358096,0.8844230247210655,0.8421867402133958,0.7249003827038396
000625.SZ,0.7610752881732029,0.6868420503782775,0.6661771397115719,0.5720615189372089,0.6603658199655417,0.6111821347860531,0.7927856063579863,1.0,0.6157422003241712,0.6122443825770667,0.7161069879835332,0.7861116012368599,0.19215576861917327,0.6798980920227914,-0.042027054300694845,0.689437377992475,0.6190188739050052,0.6645437584238986,0.6715716980835303,0.6493298951985003,0.7093325168465298,-0.1658677205241289,0.5429326726852061,0.5400500559105024,0.7328864484201184,0.6864244168629184,0.731087707487184,0.39720204666821485,0.7399384742625784,0.7033422288779319,0.6857129708256494,0.7609817463364447,0.7531985461312991,0.6948171326473468,0.5493720148576582,0.6747560860672507,0.6160473927903248,0.762224586027208,0.7944780543318931,0.710135725361512,0.6966247715438886,0.7225547982687001,0.6924188584296788,0.6750979070781015,0.6728594230310386,-0.26951302536559474,0.5334451433005536,0.713529259583041,0.7604274091597997,0.5735038899033279,0.8234675278318971,0.625519180278952,0.6027966707382955,0.38068152659484294,0.706458048833538,0.6412674253560453,0.671993361810402,0.6603396698644047,0.3570855310640279,0.6243045015673275,0.7001858660745547,0.6903948848281513,0.7593937100570088,0.6728519593866596,0.6568528768679837,0.7723614925839813,0.7579120357887668,0.7409108579176628,0.66548117938427,0.75060836713087,0.7042787367591704,0.7310974605789449,0.7070668308271428,0.7440515584355745,0.6987426653649064,0.7461547112054657,0.7618222977679241,0.7262668071010544,0.5370606682609317,0.754985786373771,0.8169429625287973,0.6643592379247444,0.48651127486405504,0.6964732282418368,0.555117146841117,0.6994544891962634,0.5193014890799253,0.7639391321970251,0.4561367922296477,0.6657707900850274,0.7237277630789349,0.6630451554423815,0.6887416324065453,0.6127282806828956,0.6272081797587451,0.7263977974399117,0.6732914181043945,0.7480243856630077,0.6995348323947673,0.7093509484921996,0.6786619771756622,0.6002021205680214
000725.SZ,0.7857948535149645,0.7634903448158491,0.5613273303008116,0.6842237237153258,0.8537963434318079,0.7681562860094178,0.7033754675780973,0.6157422003241712,1.0,0.8080397879384044,0.8693380476832941,0.7439643478114858,0.08651003139632422,0.7721199174338199,-0.2225958373088844,0.8064724891077985,0.8828730817923948,0.8103392588256377,0.765211084347662,0.8213839713744967,0.8112795341654536,0.07703494876735291,0.6399811921870785,0.7473533239001547,0.8704206206865073,0.8522752840940458,0.8790214602293789,0.19478349136468645,0.8306192045620561,0.7096534260831578,0.8143315708094607,0.6719942899375573,0.7916493983312236,0.889389511129211,0.8412209732351182,0.8532590916360653,0.5663879947071424,0.7125908045418575,0.7499111817156221,0.858523771044634,0.8545962055392641,0.753241520309759,0.7074624189069935,0.7668359349030651,0.8368406679658765,-0.5929881711518324,0.29901855901569707,0.8578227870571226,0.7314763422836023,0.5576276365914472,0.6842583210299044,0.8209533385994382,0.5793751101211232,0.6718303925485879,0.8428775442170088,0.7843669580853353,0.9052126001020371,0.8751455540806385,0.15922653988523036,0.6301302089388073,0.8150121373752572,0.8761859695795752,0.813696577234722,0.7884359592786602,0.5056300988435986,0.6929266941621236,0.771825523804135,0.8655035916679235,0.6965580619015519,0.8828892056180848,0.8167723329668414,0.8174156872727032,0.7688279963695099,0.8860760195114294,0.7688241329671724,0.789196562264348,0.7671872025077273,0.7908125050900127,0.753895772640934,0.7553535141603785,0.4094444267777026,0.7835444421802052,0.7058321909784989,0.8768881681541196,0.4566529409721353,0.8780391178769694,0.7615776302148478,0.7623795268840402,0.7119404466278398,0.891358231576964,0.8329475876316536,0.8977579336010469,0.7718711912328975,0.8565198524681271,0.7949109919923583,0.6844336568349688,0.8793679049819283,0.8024691642984778,0.8474707334833343,0.830009073118177,0.8003058167295823,0.9160148862217835
000768.SZ,0.7323273317423434,0.6994832615737784,0.5902215821497745,0.758950624621169,0.8865923291085753,0.7634791984268859,0.6674398207777773,0.6122443825770667,0.8080397879384044,1.0,0.9007497734709475,0.6431863786855426,0.03640356729665554,0.6521888944348886,-0.16269204309844087,0.7098086894617371,0.9396269458328524,0.7133352481272528,0.7641385393156885,0.7069066514682397,0.7369459947513931,0.12751112926657157,0.6597792945655668,0.6212696626506791,0.8855949302278475,0.9061052782038591,0.9009581635702774,0.21239929787237477,0.7955422039596446,0.6955988699445803,0.6669933491935556,0.671609799177533,0.8356715479632442,0.8126735780269553,0.7079821211006235,0.7814586159496576,0.5701748246384508,0.6607098649892745,0.8095272946091573,0.852722393557061,0.8859236595207172,0.6719171357792796,0.6030757981520277,0.8474454290312173,0.7535265316009666,-0.5001943480330223,0.2833495410344089,0.841264994021287,0.5626874481700409,0.576472038262305,0.6423247498662901,0.8783552363653331,0.6143433524770647,0.8115916865724057,0.6775209610260794,0.633221782064144,0.8711408904834866,0.8765074630105013,0.30925323562711154,0.6722579751488781,0.7477196468427602,0.8021930043385946,0.804434887262484,0.666982004049729,0.5076993818769822,0.6111628365927633,0.6756393051262942,0.7357903510693699,0.7245347895381125,0.8838350299177193,0.8478655073442843,0.8129000267000936,0.6859283018993199,0.7575090367585685,0.7169575707956972,0.7870912727327467,0.7071530212422351,0.7760636759339761,0.8919287131803086,0.7178422117697596,0.481951150154967,0.8596720701598056,0.8013729861621974,0.8979808973814204,0.5473076282749342,0.905515017210757,0.8408416661141432,0.7231154094126668,0.6865412520090804,0.8042489063275818,0.7864350762542086,0.8496257006563502,0.6623440839131324,0.7617910243564538,0.7297548569636709,0.692658376028771,0.8626978522429417,0.7492010438685477,0.8709415363619342,0.8221081692874516,0.6764674974418877,0.8726461880895225
000776.SZ,0.888086555721424,0.794555150449368,0.6675949804901644,0.7738385159746887,0.9712273836235484,0.8341834377196701,0.8298433555090353,0.7161069879835332,0.8693380476832941,0.9007497734709475,1.0,0.827536692865864,0.16223398058253502,0.8431158255860544,-0.09066579577116274,0.7870797143202354,0.9506883570518324,0.7614364362320566,0.8940557610133446,0.7683944141920321,0.7851813234349226,0.05129859775739203,0.6879639415418755,0.7564248927470741,0.9801175017282593,0.9547397501149697,0.9733030779822117,0.38334687467889167,0.9322610478335117,0.8271787676887263,0.7968484748531056,0.8182571421217899,0.8988114895188013,0.9173515749895507,0.8086518267568542,0.8612609589606558,0.6607378386477302,0.8146851948033579,0.8795338680104064,0.9489941814627393,0.9755905371813315,0.818277017602674,0.6964624364074122,0.9133512605838711,0.8353111128750758,-0.4622267221777127,0.4968104208605016,0.9542386250627445,0.6889089267643324,0.7086878961541262,0.7686537283238223,0.8834182749348294,0.695176452324784,0.7386126861867764,0.7833246194809887,0.7189887361536021,0.9598748648474332,0.9737204223942472,0.3782627122423296,0.7865904991692427,0.889652289162315,0.8796516427182288,0.9520658346082579,0.7660806401876746,0.6720312247195391,0.7142308245932578,0.8234421355256142,0.8625122260366026,0.7914413010095628,0.9819158874926167,0.9150010981134402,0.9183950387295677,0.8123504645690294,0.8803240720717644,0.839740987013082,0.9118232054059584,0.8639637077680828,0.9098840578285997,0.9096450692475071,0.8645543956186006,0.5543795855467508,0.924045365418727,0.8323710779559974,0.9839852860424118,0.642273077213942,0.9940999967447324,0.87065727087206,0.8780975047506766,0.7117178882881722,0.92659787157245,0.9175410263684722,0.9581938535474778,0.7383415055493056,0.8919100163614383,0.7525640303541531,0.8087903204857065,0.9718579312794228,0.8642438252455841,0.9626323685536254,0.9454367604934055,0.7741642222407833,0.9380160438077572
000858.SZ,0.9462370674761731,0.8572533940322619,0.8429953226119625,0.7434497635156166,0.8300269341395025,0.7499987728517322,0.9575293648089934,0.7861116012368599,0.7439643478114858,0.6431863786855426,0.827536692865864,1.0,0.19338719404979496,0.8862791601487644,0.01985859631241829,0.8672543797741802,0.7172527146838877,0.7269431404004392,0.787978338481864,0.7898094268958576,0.8060344818731785,-0.1194319976889102,0.6093757091646244,0.6842536530899211,0.8470158852830513,0.7838990220060075,0.8217288109609219,0.4555748691799067,0.88120277086872,0.856203916844604,0.8974005374933842,0.8681463458270735,0.8364038594736699,0.8516489403742217,0.7206322567068567,0.8010766791602114,0.7948328560877576,0.958424053586802,0.8357588269960908,0.8572728831012059,0.8258487797845007,0.8313693222580706,0.8374554077615944,0.764920538047602,0.7906494400229055,-0.2969876558658016,0.6594713188338212,0.8685775275065484,0.7181333330076335,0.6907989158424694,0.9343019454748759,0.7050871380329987,0.76540128470708,0.45840857216909753,0.840728716841936,0.8002424245070014,0.8011106540599625,0.8147994782967332,0.3804479377595813,0.7261335784207703,0.8459870571726489,0.8065994878608068,0.899227636586172,0.8840846685535105,0.7967157733250129,0.8665897828544193,0.9386438138988972,0.8728809072244342,0.6371286285625347,0.85963588465314,0.8203288271391762,0.886532826461217,0.8455078063273523,0.9045884724534551,0.8261997758659664,0.9081169609966416,0.8999032601003334,0.8997127628139241,0.6434309598348736,0.9097417743310711,0.7308630399398136,0.7530184283625286,0.6018118671249583,0.8177405115953941,0.614574590392214,0.8233379679800148,0.6372485456741165,0.9382062589193879,0.5807300210930123,0.8064460193207795,0.8087714227890688,0.8284046480900004,0.6962818673828993,0.7595082556799153,0.6755545488037925,0.8535361268659124,0.8532795617008189,0.8895392713917466,0.8072574477517152,0.8860760450502635,0.8856839525980139,0.7401815281389724
000876.SZ,0.1313440140456346,0.04788050055937156,0.07403987814046349,0.11583054057300073,0.15958083472455578,-0.011616716036896213,0.1730068425070275,0.19215576861917327,0.08651003139632422,0.03640356729665554,0.16223398058253502,0.19338719404979496,1.0,0.12551898971617828,0.1416462844742467,0.07034229955753829,0.1061983810530327,0.0056408467963809565,0.05396334701643119,0.025840475085822507,0.03268000063319008,0.03750482534862938,0.1215411464910865,0.5547563260787682,0.2041479552326766,0.10444639638251112,0.15954393533076655,0.40608078638683764,0.14446653285982078,0.1854228464655753,0.05100763187731729,0.1798411072537696,0.19961212382615104,0.15569523655034487,0.19594136644188556,0.1600475530104655,0.11287412035929935,0.15779130427909752,0.08918059844608717,0.19407446628234512,0.14124210424209063,0.16260325784506682,0.07635589021103313,0.236981528338816,0.171624348948251,0.19428065927762386,0.3036555274223079,0.12344427129140108,0.08951492118208837,0.33512244873292124,0.23361440785739676,0.15720221395741676,0.1239051724137501,-0.05854522425372932,0.01886746765604877,0.010583408090638699,0.1803241914533651,0.1359577240058459,0.413517345699787,0.32329396179477315,0.0652034888635468,0.0812502996781189,0.1899709647069805,0.1148194796842464,0.1672669467541237,0.11901840616206345,0.12660679663649496,0.0921338070827206,-0.005110823961407808,0.16593520920998842,0.20882452319762992,0.12994531879714658,0.1414397360287231,0.10639847577541219,0.17960492626097233,0.14581740642329802,0.174414524156853,0.19373073478290861,0.05660129355385921,0.14132280820749502,0.24666283498248806,0.12065497327339954,-0.010185569458992317,0.17220542800271754,0.22559677492096256,0.14641480615484803,-0.004717196350952986,0.18363202565608952,-0.08169952762528072,0.23403788244378984,0.19404761498730827,0.1849450583025911,-0.023956672747126446,0.2890251323397151,0.24460188878854625,0.18611632829466193,0.16158997994745292,0.07815134658112105,0.1876880996781054,0.14484837694008224,0.04561452650757408,0.15664234491344098
000963.SZ,0.912017224656659,0.9004923817082467,0.7214702225865638,0.686983024135781,0.7985986159800499,0.7857982541110412,0.851096514594269,0.6798980920227914,0.7721199174338199,0.6521888944348886,0.8431158255860544,0.8862791601487644,0.12551898971617828,1.0,-0.07736983763494078,0.83665960378247,0.7415289713711989,0.7722784123466552,0.83951540262958,0.8290643319962046,0.7993101070898118,-0.1414866089794181,0.6749853518633997,0.707713900126082,0.8019996972737881,0.7743059930724878,0.8058569695184986,0.367737390780895,0.873435558366006,0.8303905492017524,0.8655861397170918,0.803367296333319,0.8068000921053945,0.8545502274720659,0.7802976360443559,0.8418503900606882,0.6478283436111781,0.8354309134784758,0.8090233816987401,0.8124863538872508,0.8140043806206116,0.8238991607309823,0.8209044314051912,0.7959683512004997,0.8268023882224392,-0.3662606055997933,0.5539203954869821,0.8951573870281028,0.6946169639146089,0.6351952397962236,0.783071188678948,0.6831882528327614,0.6502595782326166,0.5023629215658649,0.8365491784275654,0.8333865776451431,0.8102256024564326,0.8427397658726083,0.2266441611829021,0.6233606408152372,0.8765319646335231,0.7824644491600026,0.8892709674654792,0.8237900101369259,0.7160184953314124,0.8000639623756182,0.8743230923586486,0.8442939078543762,0.699236394439774,0.8433644793127401,0.7831702951882017,0.791273342407013,0.7816228279429831,0.8594217102054418,0.8238312338794147,0.8793591022027242,0.8187226719905424,0.8815809775567102,0.6971653111622026,0.8796611998439614,0.5985025991292553,0.7435599727081222,0.7187155420230348,0.8344248637725826,0.586597087861718,0.8421132332941818,0.745452187229101,0.868337099921359,0.7077047628907304,0.810879737273793,0.8295855213420816,0.8612772619628051,0.7115402170845927,0.8223255769967605,0.6899370440183619,0.776401409019979,0.8553714446989052,0.83094039256414,0.8115367417578564,0.8514344398044521,0.8585993298819733,0.8403493866423425
002007.SZ,-0.14113149219428286,-0.1158552476286024,0.29264556604474146,0.22365409583749352,-0.059438023428545095,-0.027085393786702782,-0.030812060501380464,-0.042027054300694845,-0.2225958373088844,-0.16269204309844087,-0.09066579577116274,0.01985859631241829,0.1416462844742467,-0.07736983763494078,1.0,-0.14878256980910765,-0.11622788732212229,0.003932945267595837,-0.10378530439295648,-0.07564502039578185,-0.030354291042274623,0.46074399742070576,0.14296632303129134,-0.14823463680296067,-0.050824960458581085,-0.032797469162435006,-0.11628827300425189,0.6958558902343984,-0.09808565158068812,0.04327473270825872,-0.20399839415068155,0.0846168764064391,-0.15253458375554416,-0.17471031505096146,-0.18212394891710268,-0.27587211740795997,0.41564043926508876,0.16601218623181221,-0.04621130294284211,-0.09309843727582812,-0.10225354423131512,0.055952917156695654,-0.018551698019918225,-0.010654921746367688,-0.24458161049401017,0.7864872963596167,0.5928315619151349,-0.16338849566352032,-0.2996674863337933,0.47290834361600737,0.12603945657767043,0.11659632424530564,0.39773956332364874,-0.006433044868775414,-0.06411463972239961,-0.0018479995600745684,-0.1628176320487161,-0.19213947565092324,0.6283997979691252,0.360271646363054,-0.1589284742351633,-0.19723601913609826,-0.04235138391432874,-0.12186858696907675,0.20533624005580595,0.11945683707357731,0.04162273326373328,-0.1042923905681436,-0.35520999861364416,-0.0687373573003497,-0.029667539022789912,0.11050445035200578,0.12413553791634925,-0.047580324615475456,-0.03192563372730793,-0.05442815933785549,0.10737787108616902,0.06102060076622623,-0.019648267548124165,0.10225752942793982,0.18552771504957055,0.057263912001073246,-0.18456155539353195,-0.14472725019932645,0.16579834491353634,-0.13293429309342733,-0.23030904428051638,-0.011051898411604305,-0.33253323497045656,0.013656066611988496,-0.34557884819323853,-0.2756395586210982,-0.3414632876974193,-0.21926123327475122,-0.36349604700507293,0.11545228110306781,-0.10575181949106709,0.015244460388002699,-0.051279288674108546,-0.056977496027359166,-0.035296520487881435,-0.21842611399536752
002027.SZ,0.8483575005272067,0.8995729263826977,0.719820078815607,0.7654331818068322,0.7776260158242269,0.7959835425419836,0.8143079520141892,0.689437377992475,0.8064724891077985,0.7098086894617371,0.7870797143202354,0.8672543797741802,0.07034229955753829,0.83665960378247,-0.14878256980910765,1.0,0.7449542478855117,0.8169466106410006,0.772220192580403,0.897740354364703,0.8433723492766093,-0.11671388608280396,0.7120125935034979,0.655551169705689,0.7914289534394698,0.7737909379315413,0.7904616706898469,0.16375160204221836,0.8273894470742057,0.7803777576468298,0.9005517241718214,0.8066774961078145,0.7829521765202979,0.8856121862748467,0.7534276817880147,0.7826605998048537,0.6765240204192624,0.7963514238922392,0.7968336948676945,0.7755551839467105,0.7581575069474876,0.7639448389701285,0.8100338859686724,0.8027240074853189,0.769985262436105,-0.45250669371249547,0.3939494980470409,0.8306038464447257,0.6790612315542464,0.5258280202841464,0.8321751210781265,0.7016212297181489,0.622157129862152,0.5444316144974273,0.8578653078029875,0.8359682564723823,0.7967085242645013,0.7917199316906792,0.12254307988490835,0.6538743375105343,0.8196785789014581,0.7957539091927351,0.8012897391101296,0.82836037761022,0.6621889667232702,0.81799951240144,0.8443918982543583,0.8566230819695225,0.6870298434940022,0.8152762172531728,0.783501030169197,0.7940537889524272,0.792949229223311,0.8801930882791638,0.7652204942995694,0.8504402822040659,0.7934339347265497,0.8057059271551851,0.6569379195851385,0.7977197504420189,0.5514678760202771,0.7077032152540267,0.7080191482838686,0.8071221325189524,0.5122630550879902,0.7880576282190336,0.7226732911821268,0.8562761008082965,0.7536704895428232,0.7508655598106083,0.7663375087220138,0.8012942648282814,0.7597696117063409,0.7152013510384618,0.7482495282412821,0.7439133389553114,0.8200142086489488,0.8309943015297997,0.7916155281031836,0.8065535709303334,0.9308816283517126,0.7684569553551496
002230.SZ,0.7940677728246343,0.7730581990388464,0.6040121257483904,0.7608480551116292,0.931042856261371,0.8313218494304895,0.7141374096028844,0.6190188739050052,0.8828730817923948,0.9396269458328524,0.9506883570518324,0.7172527146838877,0.1061983810530327,0.7415289713711989,-0.11622788732212229,0.7449542478855117,1.0,0.7840928313448763,0.8469490116253143,0.7373103954457183,0.7982236983974872,0.13036082905876653,0.67771036410989,0.693643050685111,0.935374469810625,0.942578569805358,0.9346539400358364,0.2823908744915212,0.8579099324559373,0.728299130242514,0.7415058892535812,0.696448995784468,0.8651193216480862,0.8666695301225603,0.7584828615155413,0.8106050026268096,0.6121630273766507,0.7144503697737332,0.8565899947681196,0.882940182199774,0.914685553688185,0.7511809759595748,0.6582355496050404,0.8457302136876361,0.7913628673838794,-0.47350686781233997,0.3439522415692711,0.8912201654359212,0.5960715134332686,0.649624375918305,0.6769620953209797,0.9109322443363155,0.657794689763714,0.8413062314650611,0.7452383055006275,0.7091653928516782,0.947310729694312,0.9347612480278512,0.31567676396678673,0.7221199287665955,0.8218153149897164,0.8711285664465827,0.8588290597510021,0.7042879805033501,0.572008581492901,0.6818845514752621,0.7439339776090693,0.7965778880745985,0.7770215424292911,0.9439854969012226,0.8750934846778957,0.8539383030834417,0.7439937628977749,0.836766007089512,0.7616134086198478,0.8277524163146744,0.762733255676065,0.8343891113072918,0.9385099238666927,0.7899515258720206,0.4520469612795716,0.9181026845069574,0.8431979208430537,0.9445840875120473,0.587076011273065,0.9444278551265451,0.8998861493424767,0.7758837044374606,0.6999842529617862,0.9009637487357226,0.8374015075079323,0.9074353869626738,0.6885907743308803,0.8221068890414455,0.7204565044159384,0.7240301363339663,0.9348779470028289,0.7881721742329239,0.9072636296274584,0.8668668271381644,0.7603219016701033,0.9220180467813476
002241.SZ,0.7436102100790586,0.8134801901545184,0.6405706608350611,0.7547433881411566,0.7248349499006195,0.8517691349543339,0.7045628627433635,0.6645437584238986,0.8103392588256377,0.7133352481272528,0.7614364362320566,0.7269431404004392,0.0056408467963809565,0.7722784123466552,0.003932945267595837,0.8169466106410006,0.7840928313448763,1.0,0.81692205732239,0.8884056043142126,0.9203985076841392,0.0009267700355653774,0.8300543649229087,0.58451276225092,0.7601430625244748,0.7717030263170391,0.7738500682551712,0.2708580652471186,0.7607778377027098,0.654974272345978,0.7611633112581209,0.7155960033989556,0.736008218825947,0.794533235757337,0.7308250781407876,0.7313146338016133,0.6421421914972442,0.7208263714207686,0.78205223727955,0.7197912338031736,0.718697309397787,0.8425036548612468,0.8260188852723446,0.7600528494865789,0.7431823992828641,-0.3210745342792138,0.4188554901171015,0.7463887722751754,0.584249085988023,0.637232863285918,0.6811799564298536,0.779032066924983,0.6005813365901814,0.6311178985083892,0.8910889661983273,0.8912400707283897,0.771430470965322,0.7529244747747469,0.16633312316515736,0.654707464186678,0.8342297095621602,0.7429691198819217,0.759674189885299,0.6963931961921985,0.6064356776620784,0.8203640019485267,0.7938487487106127,0.8538662401188954,0.7009004829917291,0.7900382674649711,0.7194722333234251,0.7306030376967229,0.770227995215039,0.8387520876808967,0.740128908797467,0.8165429327760579,0.7675674048613254,0.7709795891694416,0.713315244881109,0.8012375879512526,0.544714935156405,0.7522999894804943,0.7289044782854243,0.7775706447905134,0.5855038932207306,0.75524356685847,0.7422232853351128,0.7435937363430026,0.7481864915027833,0.8044980120529738,0.6901475311731017,0.7298546199918464,0.7042918122285505,0.676621221484044,0.686461752515315,0.7126209879623389,0.7560333508566162,0.7739435538044802,0.7500647064921521,0.7401152956285233,0.8419621982754156,0.7411037767124703
002304.SZ,0.8373430262160523,0.784899672996664,0.597524981702172,0.701650574066723,0.8536865663867008,0.9185393797671378,0.8017823382851862,0.6715716980835303,0.765211084347662,0.7641385393156885,0.8940557610133446,0.787978338481864,0.05396334701643119,0.83951540262958,-0.10378530439295648,0.772220192580403,0.8469490116253143,0.81692205732239,1.0,0.7416903151372284,0.7871238778584289,-0.12934931870604438,0.7308269993630585,0.645104390453196,0.8745985401081618,0.8265862576423778,0.8440458218092016,0.27221556931946406,0.8736797350309452,0.7334390217934473,0.7967754823505456,0.817309987558858,0.8170014974606415,0.8304649773819016,0.7683109289053663,0.8060502417398118,0.5737496262540414,0.7573090445432964,0.8269504824287246,0.8313032496486348,0.8517169336813767,0.8477072863807367,0.707067152881713,0.8406377650401454,0.7986007506159737,-0.44354760408967225,0.45056315381136686,0.8642168894493127,0.6559026928309709,0.6212180047478757,0.7158437104773987,0.7287265194801127,0.5785576272100312,0.6079758814900357,0.7862260477119091,0.7370899890280027,0.8622658665136446,0.8758175663389028,0.18989561684804568,0.6956923636561895,0.8892049358098975,0.8054890314878836,0.8951906866311926,0.7225466270234392,0.6830517872299039,0.7343736219820288,0.8102478207838897,0.8312950422861856,0.8355413492559717,0.8725927718596963,0.7867214456631352,0.7924738977613921,0.769633872506344,0.8213214421286148,0.7976183595211855,0.8622065764904466,0.8070941053226224,0.8173978952716361,0.8309294481648939,0.83253293522283,0.46961375700928326,0.8493431382038606,0.8805400737027184,0.8884031086195533,0.7164322175348726,0.8867302367566623,0.8660931850819269,0.8347623385696831,0.8190245787525408,0.823431141728514,0.8524555235671608,0.8691782575762281,0.7491690806407757,0.8147936000257626,0.7329963237245734,0.7468890626289308,0.8708593163384409,0.8137143195799839,0.8764116748441606,0.861903089071253,0.7941497806471637,0.8318224960235013
002460.SZ,0.7981116986387957,0.8564640574307477,0.7004559210825575,0.744777186791425,0.7367725821881185,0.7910980306157009,0.7747502311011979,0.6493298951985003,0.8213839713744967,0.7069066514682397,0.7683944141920321,0.7898094268958576,0.025840475085822507,0.8290643319962046,-0.07564502039578185,0.897740354364703,0.7373103954457183,0.8884056043142126,0.7416903151372284,1.0,0.9041041729959364,-0.029557116510583625,0.7682497474255002,0.6370440032088277,0.7482592130321102,0.7815134747379591,0.78138270687956,0.25229547416723136,0.7771406729362694,0.7383178375958548,0.8273078417895499,0.7408363346130699,0.7378245202493718,0.8480112862272545,0.7531792999790888,0.7775630044389219,0.6526982781447054,0.7416037682080155,0.7421135970076519,0.7739885088124753,0.7378324285938774,0.7672458671453949,0.8516104034418315,0.7817027532796947,0.7755468466619889,-0.38391623765436683,0.410341829371212,0.8010025045980026,0.6326163762204676,0.5373800193206607,0.7329146940680301,0.7556627377151087,0.6419764204134454,0.6018422508547865,0.9083957005116742,0.9199759817254877,0.7657698759386147,0.7852864394957547,0.15288466986911128,0.6213543646094207,0.8379995740148534,0.7508229577352498,0.7570329284230718,0.7754834270038348,0.6472451167114329,0.779406539367435,0.795335201659499,0.8642713753104596,0.647568393355264,0.7961524930310023,0.7421319693535979,0.7759990685378578,0.7921727614208414,0.8502978799864106,0.7655229618764966,0.8404776059350016,0.7822857594294758,0.8217424391777515,0.6482666097042408,0.8169128339951652,0.5731018566258923,0.682614743009823,0.6890746591699788,0.786661178123568,0.4805431831315019,0.7751842854469255,0.71102348081337,0.7861026246845916,0.7478293584008768,0.7774926382799912,0.7240164693234945,0.7685886703263302,0.7206134629226287,0.7179731354793826,0.7084279695235337,0.7370147736804792,0.7773835207665268,0.8169210601584879,0.7600432470271001,0.7487568310505998,0.8737307265596871,0.7860605695732074
