,000001.SZ,000002.SZ,000069.SZ,000157.SZ,000166.SZ,000338.SZ,000568.SZ,000625.SZ,000725.SZ,000768.SZ,000776.SZ,000858.SZ,000876.SZ,000963.SZ,002007.SZ,002027.SZ,002230.SZ,002241.SZ,002304.SZ,002460.SZ,002475.SZ,002555.SZ,002594.SZ,002714.SZ,002736.SZ,300033.SZ,300059.SZ,300122.SZ,600000.SH,600011.SH,600015.SH,600016.SH,600018.SH,600019.SH,600028.SH,600029.SH,600031.SH,600036.SH,600048.SH,600050.SH,600061.SH,600085.SH,600104.SH,600111.SH,600115.SH,600196.SH,600276.SH,600362.SH,600406.SH,600436.SH,600519.SH,600570.SH,600585.SH,600588.SH,600660.SH,600741.SH,600795.SH,600837.SH,600886.SH,600887.SH,600926.SH,601006.SH,601009.SH,601021.SH,601088.SH,601155.SH,601166.SH,601169.SH,601186.SH,601211.SH,601225.SH,601229.SH,601288.SH,601318.SH,601328.SH,601336.SH,601398.SH,601601.SH,601618.SH,601628.SH,601633.SH,601668.SH,601669.SH,601688.SH,601766.SH,601788.SH,601800.SH,601818.SH,601857.SH,601877.SH,601878.SH,601881.SH,601888.SH,601901.SH,601919.SH,601939.SH,601985.SH,601988.SH,601989.SH,601998.SH,603833.SH,603993.SH
000001.SZ,1.0,0.6403891783914761,0.5800926405026955,0.4764784667082487,0.5538906635302874,0.42937025580213667,-0.14115178079549387,-0.007030622172696031,0.07077812055099192,0.019535467614305038,0.5150293661201998,-0.0453239479424886,0.47349711436388414,-0.16803288499280467,0.03419217436279921,0.1777387742044252,-0.08993652749692631,-0.28791826400135223,-0.22296095727477494,-0.21040795904466325,-0.1521630511003521,0.3531857101648395,-0.1787772607264884,0.6729739831758027,0.4810304701655331,0.17784160459278522,0.5914707205828705,-0.49078365892492243,0.4087739429070965,0.3070757093763359,0.3954604060847387,0.40429816555287706,0.5035103235576853,-0.1373699361969762,0.48205909802037183,0.3746934339093773,0.17904739736708994,0.7205381938333885,0.5129368647390503,0.380773773399186,0.44383330814389055,0.11188497392508923,0.5264009195573462,0.1919321469620758,0.44357121473212285,-0.4758108153983547,-0.2649174642601688,0.03304799060006776,-0.15472219844025617,-0.18039111895114412,0.05494906787222684,0.07796146297270341,0.4919030174116796,0.27134344662296345,-0.1340769263532566,0.4321760550275699,0.03638802974224369,0.3418325873086771,0.3871611477021992,0.1791833300485257,0.4604681422901488,0.2864028572531809,0.5310768845618686,0.4333336051736456,0.14182843575251003,0.36089777371809034,0.8074840772499283,0.40041687919795227,0.38557360758922243,0.40039604812391016,0.27737261036678823,0.453812767537317,0.40101051149751227,0.5695048032565769,0.40465503262724595,0.36175762428376085,0.4892605031745485,0.5602673339668925,-0.19462670121223957,0.3803505538938241,-0.05770893762693196,0.3606949392373768,0.3489079656965714,0.42560751375516565,0.42796656998600363,0.45396493423873246,0.48002085753406726,0.5052859681547117,0.281946319596635,-0.20519766954094787,0.4091748365403252,0.495436407993038,-0.15196665119278027,0.585062579212236,0.1339423532226462,0.44744690710764473,-0.10794540550514287,0.39853945548369357,0.35556130105599265,0.4538792825889993,0.401310827460811,0.1783190198753166
000002.SZ,0.6403891783914761,1.0,0.7741293295747044,0.6741926136625942,0.8317526737699813,0.674342004376748,-0.518388261493219,0.4263669164310359,-0.20577770630803582,-0.24186192004689547,0.8564097306966003,-0.40168520615304537,0.7170289447287207,0.12087783728914996,0.4270596164144916,0.3914526581090259,0.05244244937226256,-0.1399463191128236,-0.4409824110564404,-0.5375694521828284,-0.32889595185848836,0.11543644756019361,-0.3426581814518657,0.6036622426642977,0.7522579355774099,0.5608872785339667,0.47164551191585957,-0.5372720086201063,0.8035143902194827,0.5558855049037715,0.8572904007969568,0.7633532000610549,0.40416729471768953,0.15080215871984345,0.8103752354050142,0.7670708388583644,-0.19371449868995835,0.7659455990758631,0.8292267615090859,0.7040521813621207,0.8005129710160679,0.47339032203495696,0.4323344883846532,0.39897775532380636,0.8132726193512559,-0.22929608670534782,-0.5666125432622248,0.2248694972007574,-0.4842438469832024,-0.5507194530380599,-0.269979926336639,-0.07000986471287786,0.7238620679659652,0.4001388383364098,-0.4702286871840955,0.5647888003015307,-0.14601037664221678,0.7435865950673687,0.7197083751501774,-0.30836780795727936,0.10988573278146542,0.6714398472307453,0.9049239096885936,0.03403163711342685,0.3913668981557956,0.6799487878425209,0.6462370859718004,0.7753999672446484,0.6928411461453553,0.7656005938363775,0.5016900214530461,0.8289363006685716,0.7477965999999787,0.7225563837849612,0.7713142039023132,0.7634908134540282,0.8508068815372721,0.700848990401434,-0.165366534192164,0.7313538211331023,-0.4829715766417268,0.7640691284353345,0.7416193611113129,0.7348300953624677,0.7208211545898421,0.7272284167528649,0.7673296725021835,0.8173848907128809,0.620991969461007,-0.48221772570275007,0.7535368573269209,0.8201218291378344,-0.506300502523728,0.40702585675028463,-0.26503106259235715,0.8008573076673334,-0.2556232373704593,0.8003246007594479,0.6760703197577227,0.8648176947602589,0.4773338017747846,-0.3191530315444235
000069.SZ,0.5800926405026955,0.7741293295747044,1.0,0.6165788169528333,0.8811304335433895,0.7260030963646403,-0.40319216712664935,0.45353468889272824,-0.01423541092812671,-0.0861669146849409,0.868724375783076,-0.2728873609755303,0.6351135233416311,0.1737381330058172,0.4894599192221247,0.45085075171635464,0.3815658671276769,-0.1800781561216743,-0.4716348966683312,-0.37812083410553265,-0.25764691124802297,0.34834971033719064,-0.08164512019224603,0.5432219089470061,0.7203754405164581,0.5793255147367135,0.6481025975542946,-0.3187672645846153,0.7661009897777412,0.564989623013778,0.727373177010036,0.5622349638516145,0.5158527616353702,0.016728300068930415,0.6259762412195616,0.6972025692938676,-0.14977539697974657,0.7424805175006859,0.7108906740707531,0.6677927752094844,0.8149967911696622,0.4004579516351335,0.4544360024014457,0.4095193248542492,0.6854750517965432,-0.23737446185284253,-0.410828670328873,0.19000444280606257,-0.36776079325573474,-0.44322779044588206,-0.1737556521492418,0.03031288137097474,0.7253263914847535,0.5293493962174775,-0.3150337333634507,0.5266893708634969,-0.02816013299460224,0.7653468454698472,0.6631371457802399,-0.03345639995479851,0.012317569676233561,0.525755176259687,0.753646332353546,0.20677416448421068,0.2989543163320832,0.6789805499267961,0.5209929503847271,0.6038716705250002,0.562623443476408,0.7832391213489832,0.37631011924704455,0.6912702448221159,0.6085071985396772,0.7228788419948714,0.6343799093514262,0.7402869394906014,0.7090707262249819,0.7344155890058296,-0.033991617916208576,0.6783587921342432,-0.3047435905165109,0.6285417793828109,0.6478697255674493,0.8000433018334246,0.6296720088592337,0.7915347892116915,0.6163899913057534,0.7295940322679425,0.48283980037206703,-0.2386746329187793,0.8192188512893598,0.861936447114232,-0.3884311914344574,0.5832287325155948,-0.08249743717471952,0.7120545432468091,-0.13837444073579855,0.6331146993449728,0.6871779453461122,0.6766833597165269,0.6507172411988832,-0.13217518380132565
000157.SZ,0.4764784667082487,0.6741926136625942,0.6165788169528333,1.0,0.7379934809007705,0.560098456741544,-0.4597687234884316,0.4063721776581546,-0.13970212262439727,-0.1625042763945072,0.7180960461452566,-0.29243071880818733,0.6631374908970337,0.03681775773802686,0.31931505191997833,0.4155609816379786,-0.016161535133374896,-0.026300964202483564,-0.3710583014390578,-0.480487758433121,-0.28089519652283107,0.3340989400125171,-0.1923123932665279,0.5904712416444072,0.5905002155272744,0.3966256256410325,0.48215985332096767,-0.46334777337706373,0.6853136665724543,0.4728063199054456,0.7512529067486016,0.6950444648733222,0.34169442072515294,0.03007543709473193,0.6037395424349165,0.5728276181831237,-0.19944988494431937,0.5422080499701624,0.6010154066270341,0.5520609594000817,0.6664722921759879,0.3970363669969035,0.16698244952961136,0.4039012349223863,0.6227006258842988,-0.3927183261915183,-0.5365967742151289,0.18561797441179917,-0.4831143424946535,-0.5786202912374566,0.026424246242825317,0.14110731004169694,0.6125258634555666,0.4274720177710185,-0.42792452858612057,0.36878302956561043,-0.04074364709122818,0.650663612095631,0.576602324094746,-0.1144381717997917,-0.045884857823543464,0.5909601590099037,0.7094969786887798,-0.027759722843991284,0.28304832171810707,0.35243431665202646,0.5333985097750363,0.737317039582699,0.6242411643579291,0.6430347397371129,0.4273822676605811,0.7426435037751623,0.6586496462292509,0.6624191711000074,0.7054914930938082,0.639640031182973,0.713510379547714,0.4954501845378949,-0.2252426001889116,0.6248045113810141,-0.43469540356292335,0.6481449054109971,0.646958831146648,0.6087982579019318,0.624021908310938,0.609631654998858,0.655629769713092,0.7605266811450715,0.4481214093138255,-0.5222931285898041,0.6689341514837476,0.7406444681552173,-0.4190409091970708,0.52898600725115,-0.23954677704183355,0.6931323211608985,-0.299393741689175,0.7019404644062709,0.6580673411316533,0.6885062472710669,0.4104643216851052,-0.34356473919065394
000166.SZ,0.5538906635302874,0.8317526737699813,0.8811304335433895,0.7379934809007705,1.0,0.6507674915256482,-0.4310450564372168,0.3344911373792909,0.007399615463936808,-0.042296738034594855,0.9447109700120392,-0.3325576339919963,0.6795508233568136,0.05287132204294568,0.3310774579548505,0.4854522074786251,0.2460062692451249,-0.014413502936679522,-0.4104471277870955,-0.36976380865264985,-0.18747405402498277,0.2901127500172032,-0.1119085888497263,0.6287759281069571,0.8512338275733476,0.4747205141554774,0.7319252310202553,-0.302418782981756,0.8240294558630773,0.6927930860129008,0.8594527588033087,0.7028422159618694,0.6244575306448585,0.14641761629587113,0.7002486642985889,0.7015223133696402,-0.14038138748404658,0.6886453693438499,0.6969942938995657,0.6627554302035147,0.848714305920538,0.34661058786807203,0.39761392695773284,0.629932419026885,0.7278817691015244,-0.27900312070022854,-0.4246373016277265,0.3211674741756589,-0.3743861411644256,-0.49671372066320324,-0.1669845257272369,-0.040080607884550784,0.691449855589092,0.4045373385110424,-0.31939985643211827,0.5687811511963007,0.11213620920962747,0.8915651103944576,0.7557513728164076,-0.07715356663445007,0.06734442342830158,0.6240361253877594,0.8343316942957814,0.1025668253934255,0.44248589955062984,0.5425587825830646,0.6124865628811785,0.711346716811247,0.6069898790082346,0.8280804084735577,0.49596953275294847,0.8000201331586996,0.6645353504519428,0.7220818173550234,0.729630194891087,0.7829608377319612,0.8086906115876596,0.6998615973004058,-0.00699737065224373,0.7347070213434672,-0.35411720803944985,0.6444449731686505,0.7290589765042124,0.8120534152177367,0.7020264726393716,0.800675413808399,0.6953643598519275,0.7586314233526341,0.5702341276910167,-0.28687118282477836,0.8394350970765238,0.9388537512248668,-0.39583278848113607,0.6316019871421691,-0.03357857819153621,0.7649314491700704,-0.06511159378321518,0.7502049883811684,0.8258015779167686,0.7929828313732452,0.48691854524560485,-0.1426142645917642
000338.SZ,0.42937025580213667,0.674342004376748,0.7260030963646403,0.560098456741544,0.6507674915256482,1.0,-0.5355443797321685,0.6209836883572399,-0.3715055350285453,-0.4137574518906817,0.7568483521561133,-0.4130177174995533,0.7733287419843365,0.4760643309184396,0.5960732370214231,0.5693092854669273,0.2988430226554658,-0.15470076840355776,-0.6435305620471887,-0.5919307775805686,-0.4377929644853698,0.12822235109902222,-0.3284123453577988,0.3712083521421725,0.5214031478279199,0.7938115553310284,0.28231990757872166,-0.49013226499216317,0.7540378088462444,0.5821188495124306,0.6764827533964182,0.5817760962312567,0.23922712981999453,0.1647676859870056,0.6881079909000278,0.7353973234715402,-0.36198122255312465,0.7068725440907158,0.816690397539479,0.7866823664955298,0.7975360674994052,0.6137533548096471,0.3636972484373862,0.28254124524780283,0.8037882520160565,-0.034484442427268974,-0.5549874606821807,0.3575616294446375,-0.48515780731350294,-0.622271931515984,-0.39399732532665377,0.08263282270734944,0.8245303198240063,0.691057454635643,-0.5168669135619891,0.44559635620424554,-0.22109639528782687,0.6444540350308832,0.5706733005857972,-0.3080115529033903,-0.16226013656999697,0.6487113922864159,0.6757441789146568,0.09411697630539873,0.39339387328108993,0.6964128226146675,0.3276206531199034,0.63654624891632,0.7294745100545268,0.7908487693230407,0.6260406285833312,0.6899980205218824,0.7332080934741462,0.8534208317915374,0.733424277657546,0.8319721183725971,0.7337379965444555,0.8067325999306704,-0.04675270551846874,0.7490831087146578,-0.511146523433526,0.7730126028793923,0.7266498818343977,0.8147556619065291,0.7177122799127414,0.7901895588995086,0.7562720051403612,0.765355124812964,0.6673562234956308,-0.4591783138310704,0.7968570704344798,0.7683481854716333,-0.6286815348604419,0.28472684764009865,-0.4148468934629879,0.7831966237208464,-0.30588905663608035,0.6793819813013658,0.5924117091388882,0.6070181447139563,0.7096995443099358,-0.381246132496937
000568.SZ,-0.14115178079549387,-0.518388261493219,-0.40319216712664935,-0.4597687234884316,-0.4310450564372168,-0.5355443797321685,1.0,-0.5217231297554297,0.6309445952969507,0.6045454954510093,-0.595965461424922,0.8379261057971327,-0.6348742220156217,-0.38907645855099293,-0.36938342113790856,-0.38926339810902966,-0.09087262706060252,0.024654997466779627,0.8377025832396051,0.7599017670133522,0.6562597948574834,0.02719151977237212,0.6782326331910555,-0.2719826311851058,-0.3666322991093042,-0.6887141607383874,0.11164388933757947,0.6611124662615989,-0.6766114787722123,-0.3060306344226262,-0.657148639436581,-0.7191561379092365,0.11604216033251806,-0.1165879265895056,-0.6473756256095127,-0.6344679564958953,0.7200214276995188,-0.6104392238074879,-0.6013799863797452,-0.7286364934198285,-0.7356990919992703,-0.6779171741603879,0.07089452610152157,-0.022609689605118045,-0.6895468382237399,-0.11305227216252707,0.8981758261111518,-0.004194506713298533,0.8761694379528487,0.4954305126222694,0.5497281382367288,-0.33399843880290336,-0.6213248631792104,-0.5537072124136294,0.8510572595119726,-0.29760461090730955,0.5751537279392412,-0.5308229348356029,-0.40821572342771106,0.6991115320603382,0.3052894311206141,-0.7814571625598163,-0.586708935330979,0.3435355129917563,-0.17973908795932733,-0.5712894464457313,-0.05536349980134597,-0.7462498342366249,-0.7555416789973887,-0.74710028368498,-0.5598072591434118,-0.754595265412325,-0.7496249067853008,-0.6042885345374184,-0.6935514978848913,-0.6359125536425383,-0.5824815069939203,-0.5842079215347945,0.4804086154350065,-0.7008950225440677,0.8528989005191514,-0.7109631029877456,-0.627860595317275,-0.7497727273712935,-0.6857640430101822,-0.6422796519620761,-0.708109675879986,-0.5970311031414424,-0.48222064511808105,0.8171370503476898,-0.6947166105535372,-0.5987497097277213,0.8179835663188181,-0.03172979196817743,0.6777839128739259,-0.6295750144779148,0.6221279878423774,-0.6274251148389566,-0.5516281649436432,-0.5577620472425124,-0.2144086412348093,0.7644918589820452
000625.SZ,-0.007030622172696031,0.4263669164310359,0.45353468889272824,0.4063721776581546,0.3344911373792909,0.6209836883572399,-0.5217231297554297,1.0,-0.49292281876096405,-0.5583568401056753,0.49085149264442896,-0.41301962901566275,0.45343473611646007,0.6173875037377834,0.7873913114305253,0.4761444615655484,0.3914618571984396,-0.21600170759672913,-0.5284974054076498,-0.5646292447765401,-0.543257796914797,0.008627299949873523,-0.1103040134322717,0.05231006210562494,0.21836823981399414,0.6215261729315619,-0.09243546527857903,-0.3001636549570869,0.5504736913902384,0.2401854819893904,0.5414430749642606,0.4615574214679565,-0.11770373440278088,0.2623635700945868,0.5625637901432041,0.6136327143210144,-0.569594852592951,0.36724480941465276,0.5658434647997752,0.6082279025654789,0.5641678211332607,0.6945317200521147,0.1329859426771396,-0.03338081671502142,0.5585802562442829,0.18864163857518648,-0.4908324523065593,0.2860803968975769,-0.5139410974051849,-0.5499379103149509,-0.3356320098811029,0.12905198200497278,0.5799110594154134,0.5485736279780553,-0.5516934126863288,0.2320558334832773,-0.36930711232097835,0.45547060370069153,0.41350778757423773,-0.43223066010821,-0.48044744424849367,0.5407651479016246,0.48825631529196295,-0.158226115797417,0.260209227612715,0.6127471363703199,-0.009499040990233581,0.5501154509298047,0.6466914093170993,0.578291606442343,0.34602074097475927,0.5723175633349719,0.5042019340049503,0.5287123027093276,0.5952871358736759,0.6443699202901431,0.4968872718414786,0.4674379268649472,0.06358650616840664,0.5173038425821245,-0.48625368969024135,0.7193707677620579,0.6581626384876355,0.53985847011995,0.5382077999360876,0.5613403025655973,0.5508510987126624,0.5826083613056848,0.5677594806008465,-0.4694463198825895,0.5764104274853437,0.4941285089088338,-0.5778522654457189,-0.06156246167563254,-0.6368893239049606,0.5679463204461422,-0.44719031768752204,0.5195787219645004,0.3162081374633631,0.5158813463707347,0.4733138872823773,-0.6261997584065422
000725.SZ,0.07077812055099192,-0.20577770630803582,-0.01423541092812671,-0.13970212262439727,0.007399615463936808,-0.3715055350285453,0.6309445952969507,-0.49292281876096405,1.0,0.8958886829348227,-0.1983226055841779,0.5867739959659652,-0.394822254106344,-0.6110019142675215,-0.358511160585174,-0.2710311448157145,0.0109657330068477,0.201786067848665,0.5882897131919747,0.7825938331122438,0.734372259021268,0.4153691483189139,0.7391547039625448,0.11628705245196208,0.07636080747591655,-0.563526682014721,0.5113843778217795,0.5059659435692953,-0.3717255358469207,-0.06309271807022404,-0.3233432663198355,-0.4290303487682891,0.38349218868096263,-0.24355391810790247,-0.45251314193455267,-0.46029210788179514,0.7572708756403367,-0.2308619686619323,-0.3984756881878649,-0.5163193774155068,-0.35646414820566846,-0.7054077901011739,0.2653494356168831,0.35933894514119097,-0.46193223869106453,-0.33228961434261783,0.5880550263230865,-0.08168482157044371,0.7443009306279528,0.3538599613595552,0.41842434744244067,-0.32588056026488005,-0.3950349671794248,-0.4722676769663832,0.818638247674221,0.0556880237017886,0.6420971952617508,-0.13027623135051006,-0.05380738621965855,0.6954314328370018,0.4216951469175055,-0.5477945609997884,-0.28006911100059645,0.35816925633333446,-0.15304647297586557,-0.4515896536171106,0.09651882034944777,-0.46856166688108775,-0.5821833740040571,-0.41072563305333337,-0.44324439940633126,-0.4489573470412623,-0.47543971913012345,-0.36340328965887414,-0.47304188034340006,-0.451082996862469,-0.32299655342233036,-0.40210058759070577,0.36450492558996195,-0.4864478890463058,0.8157306828530299,-0.5110515989699287,-0.4346542507588469,-0.3963042708710014,-0.42572031552679035,-0.3898323002171504,-0.5079982303919796,-0.3765713707889648,-0.4257270664553113,0.7435711858505784,-0.38221756747207675,-0.19410848669900496,0.761532004571113,0.39788820249761986,0.7945698386324556,-0.34298116926381184,0.7240827244838431,-0.3901409199497499,-0.09486059987273039,-0.22199020211436996,-0.1092556691015521,0.7323577354068934
000768.SZ,0.019535467614305038,-0.24186192004689547,-0.0861669146849409,-0.1625042763945072,-0.042296738034594855,-0.4137574518906817,0.6045454954510093,-0.5583568401056753,0.8958886829348227,1.0,-0.2512610042298825,0.5753861986582127,-0.3514711926159812,-0.6447901908008254,-0.44024173162221697,-0.2754499157240664,-0.031910157156736986,0.325418652437978,0.6340267114628326,0.7020093558172703,0.8238318425606459,0.3386271596573491,0.6108699068833032,0.16572789476678862,0.010459351862552363,-0.5679221629690597,0.42836127886519115,0.44491887767699456,-0.4474651152240779,-0.1454891078339379,-0.32670679684750087,-0.3871758953950066,0.26728830558382705,-0.33857603348838755,-0.4942404230490948,-0.482928400926019,0.8006058434525857,-0.29466909329587926,-0.441843196406387,-0.5687416871765589,-0.41842551699847,-0.6601463688168622,0.12020540708162042,0.3818544182565828,-0.4737084173897439,-0.28014882507636,0.502173294377619,-0.17378615553022217,0.7181155069413682,0.34880090721534107,0.4583204415648608,-0.2648312677027306,-0.4745298862250726,-0.4477879296371192,0.8091450099102486,0.019120536654450303,0.6096399998427758,-0.15530756417105016,-0.09492007263624175,0.6310855178243672,0.40737242821898084,-0.5347893235649298,-0.2865105781816209,0.2714769047804937,-0.2426150210784547,-0.507696291701676,0.03590406616550604,-0.4488326794560902,-0.6317792130663482,-0.46226456614411426,-0.44814138131427117,-0.46224497770656986,-0.5313722363905303,-0.4100959196926201,-0.469806486818157,-0.48143855102378524,-0.4032767914815416,-0.4077487041745534,0.22022969731149314,-0.4603742022879687,0.7433925634551488,-0.5615216048906294,-0.4509104937021435,-0.4382073733186525,-0.4946482297601033,-0.42562903212104203,-0.529337568492964,-0.3848194898200726,-0.5276582290940792,0.6961514804328557,-0.40264597404807034,-0.24576546342693076,0.7633948999175845,0.3079266084719495,0.710806295234916,-0.41164897090433145,0.6732762715300943,-0.39666574400613125,-0.015306781778168105,-0.2553524603476355,-0.09266092762098944,0.6299410749564539
000776.SZ,0.5150293661201998,0.8564097306966003,0.868724375783076,0.7180960461452566,0.9447109700120392,0.7568483521561133,-0.595965461424922,0.49085149264442896,-0.1983226055841779,-0.2512610042298825,1.0,-0.44172297442992253,0.7191853291802249,0.2659477803686103,0.5080186564244579,0.5266695278869008,0.30514076361465897,-0.12176705539741528,-0.5404664416003494,-0.5311871722261967,-0.37789651520806583,0.19401558105708094,-0.2587472574496518,0.5592979898343459,0.8182502489377775,0.6667476613508646,0.5715186968195508,-0.3871894716445981,0.9041449039858872,0.6395863872517427,0.8987055147009634,0.7811840393445125,0.5097716753968825,0.2582855702177011,0.8296491662145811,0.8266057485091158,-0.3080954372120513,0.7735619953123586,0.7840333086899367,0.795885034069054,0.939316745947283,0.5619003523555427,0.3620007003097459,0.5150571642202381,0.8407584487365956,-0.12120822063140768,-0.5395391853385914,0.38325728670839276,-0.5328906805629409,-0.5172446259169292,-0.26897824153584177,0.09945031113616953,0.8088374134457474,0.5806628965150585,-0.5074611801329966,0.5202486142097855,-0.061070202180890674,0.8875425414003256,0.7254009580314734,-0.23102603697508103,-0.015739857045479668,0.7207805665087489,0.8795376717557574,0.09451576496944698,0.461454288068923,0.7080547344452278,0.5745254064446866,0.7889755997669692,0.7434524688756085,0.9400020747949572,0.5649510578770015,0.8978057370337346,0.7766794643336392,0.8336420091244019,0.8179863735030266,0.8792870586760478,0.8512598331882318,0.8203028532488689,-0.07050513803672703,0.8194268521946048,-0.5375688121123089,0.7995421361809029,0.8398790870836456,0.9077609824345784,0.7740918316343514,0.8930407648172026,0.8120222545555263,0.8393317394591465,0.7074981314186782,-0.4369776496176803,0.9320652294881526,0.968297466269817,-0.5380167946795925,0.5248031327264993,-0.23570429580309882,0.8219689209462496,-0.24427716054589954,0.8056585512923634,0.7988274807907447,0.8445625179936546,0.5189369706308453,-0.3218999615318305
000858.SZ,-0.0453239479424886,-0.40168520615304537,-0.2728873609755303,-0.29243071880818733,-0.3325576339919963,-0.4130177174995533,0.8379261057971327,-0.41301962901566275,0.5867739959659652,0.5753861986582127,-0.44172297442992253,1.0,-0.5058082421978353,-0.29155513778537556,-0.26366401682971824,-0.3830826252830928,-0.023359122396160722,-0.08898437471280397,0.8634471301050333,0.6642031453950552,0.5694968169446547,0.19734902347623376,0.6761390964173314,-0.18934303261387767,-0.32731173211015674,-0.443356078383367,0.21406686855582435,0.5834963330428746,-0.5525363862602843,-0.4080556596976346,-0.5804366792490315,-0.6091991768377037,0.08193615372189691,-0.09253825273694327,-0.5316812616035436,-0.5261858312935562,0.6028334249324319,-0.470279594007762,-0.5055524391325964,-0.5921898884741169,-0.5670700471430531,-0.4871123613724036,0.10470995367880676,-0.017335491506195722,-0.5710939070526018,-0.13570852234803363,0.7076335733491299,0.045517001162030585,0.7643646848533813,0.5224449449421629,0.7844223003473695,-0.06107238890209238,-0.4963342002711491,-0.2811719689048179,0.6310221862272002,-0.30030628691729977,0.49747369412091574,-0.4645683303867127,-0.414788451766866,0.8378721015867083,0.20410506307743692,-0.6880210651442807,-0.5384756752416343,0.483340845616511,-0.22736738573139822,-0.38646409905269846,-0.038626274630806194,-0.6269067400043582,-0.694544269475538,-0.5823113838509862,-0.5529623589960925,-0.607938694659138,-0.6323300449380262,-0.4490352128301842,-0.6194499029569988,-0.52568880785018,-0.558402085515132,-0.39599331936113663,0.3488533694246218,-0.5565310431287858,0.754311820975329,-0.6086810251733964,-0.5378742794916574,-0.6151261992587976,-0.678119120012775,-0.4814740309296602,-0.6229475156522013,-0.5243971438574956,-0.4396910760153649,0.7129173142806274,-0.521849950613791,-0.43991024770064757,0.7992921395027803,0.11732025248476319,0.6075834281245184,-0.581854970475732,0.4590732155626604,-0.6249187929100286,-0.5208856253374168,-0.49687342882692537,0.01966512127577906,0.7199913608154426
000876.SZ,0.47349711436388414,0.7170289447287207,0.6351135233416311,0.6631374908970337,0.6795508233568136,0.7733287419843365,-0.6348742220156217,0.45343473611646007,-0.394822254106344,-0.3514711926159812,0.7191853291802249,-0.5058082421978353,1.0,0.2930051387052208,0.3420925673443363,0.5916024870354734,-0.0025310533080040326,-0.009189081041223167,-0.6317270437106203,-0.6410324936572981,-0.3613383253428679,0.09803072277955958,-0.46480711278378495,0.6441533455910978,0.5405824478729813,0.6072547190957948,0.2548511820180665,-0.6616059405609647,0.7569120477054221,0.622879529010124,0.7587203854913613,0.7414068616430806,0.2948418907783194,0.06836475364559713,0.6606632034928395,0.6331099370803123,-0.3942296413671314,0.6994811429560941,0.7531998777893637,0.7491109806385956,0.7429626425058111,0.5626701611077178,0.2994050388445174,0.3779345435301798,0.7556132252985703,-0.21152425366665298,-0.6973866353419984,0.21408268186440607,-0.5785839212076254,-0.6957022425907001,-0.4007248405018326,0.04983700171037351,0.7547674971072301,0.5203938081129852,-0.5484163587370268,0.6408077378543858,-0.13248798015628996,0.7453853233020329,0.6918996283093025,-0.36820706546552207,-0.05234704756931202,0.8031237383026335,0.6988967526468475,-0.10957926288458293,0.33472901411730965,0.49799884582491033,0.3655339595733695,0.7538990911064468,0.66891749194607,0.7605560144493312,0.6356784917686327,0.7504100080176851,0.7262986024220273,0.6880656115400519,0.8246859623038719,0.7158810527886467,0.7316660550867228,0.6266699420018771,-0.25381649163520015,0.8242215824356615,-0.6100910919471464,0.6735676252346897,0.6690117012726726,0.7460127225104493,0.71538757520957,0.6920102605152872,0.7341319534227786,0.724518144036864,0.5733935329991963,-0.6263537437572376,0.7331855288473381,0.7155959587316275,-0.6742592151735769,0.25177486699850743,-0.3604428685097633,0.7723712585585889,-0.3217188937095626,0.7861632990034811,0.7398923788221756,0.6409377795444039,0.5449629792388725,-0.4436500650623075
000963.SZ,-0.16803288499280467,0.12087783728914996,0.1737381330058172,0.03681775773802686,0.05287132204294568,0.4760643309184396,-0.38907645855099293,0.6173875037377834,-0.6110019142675215,-0.6447901908008254,0.2659477803686103,-0.29155513778537556,0.2930051387052208,1.0,0.684395152687492,0.29498500781629133,0.47334511468240814,-0.308038451898557,-0.46483854194150814,-0.46319493674238926,-0.5460726385005708,-0.13057518475576288,-0.3175511655516338,-0.19933514118516346,-0.0018711767856194373,0.6290376422085624,-0.3149713520092136,-0.07355650391081682,0.3392435101340414,0.14400883038252765,0.22082933239856573,0.1657392258947593,-0.2219019205973385,0.31146442037049904,0.3443493419931391,0.4755692934857765,-0.584650824935776,0.2484651941886021,0.4016027875673045,0.45907973578230754,0.42138575363040015,0.651094399596824,-0.018497385979573636,-0.14560213941688013,0.3973644307950798,0.5891109476148654,-0.2184585765652958,0.2712667189116409,-0.42555396574166005,-0.34258777725749234,-0.4094949248410076,0.17458226571620752,0.5237457369554536,0.4720095935146229,-0.5441897543091039,0.013511288773226595,-0.36601782800323207,0.19629469804416444,0.08499223057175886,-0.34098266147271517,-0.5537268018146589,0.28483362687282116,0.14639684706967834,-0.08343103676563086,0.10091988214486945,0.5774100172735575,-0.20786199211735276,0.24425578102706721,0.5017956749450431,0.4418149192779964,0.23019556152309037,0.3017099091782951,0.2994048179359707,0.3885252347427215,0.30157065708114666,0.4478975368303392,0.25465626937071123,0.3676233806168228,0.04784032600828209,0.3283059284142073,-0.5203605003293102,0.46903902928642455,0.44826710769959127,0.44685271898730883,0.357807415392853,0.407140252051315,0.38613195193111777,0.2693330686508223,0.5360758164997127,-0.3403337684222993,0.3948632981355033,0.2634744962609688,-0.5271206889907084,-0.28544363058273015,-0.588767077194105,0.290625324922235,-0.3901264431050759,0.23187815882135795,0.05148676561884491,0.16846682546933409,0.3525612960947166,-0.49212854249485716
002007.SZ,0.03419217436279921,0.4270596164144916,0.4894599192221247,0.31931505191997833,0.3310774579548505,0.5960732370214231,-0.36938342113790856,0.7873913114305253,-0.358511160585174,-0.44024173162221697,0.5080186564244579,-0.26366401682971824,0.3420925673443363,0.684395152687492,1.0,0.36025026444193675,0.43182166081622747,-0.29181184286482514,-0.39168130483615915,-0.4800517453594513,-0.43120852608916965,-0.009166078498731833,-0.11586400722827976,0.012319431236370372,0.22552319641666083,0.6034910567552986,-0.08012451519011414,-0.15094323357573275,0.5396412584253724,0.19210232514268846,0.48666311692996594,0.32311772459249244,-0.009586229536227758,0.2104248004855772,0.5381283133173606,0.6203050219541053,-0.37562252940890145,0.41266676212088926,0.5666626504963659,0.554194179594,0.528811524012733,0.69942368844523,0.15937410741124178,0.01545602101600215,0.5298938750734452,0.38856444835990134,-0.2720949913585147,0.2846707956379085,-0.38224206099467545,-0.444411741112371,-0.32694730012297435,-0.031738691193531086,0.6192314445710841,0.4768000355556508,-0.435321507004438,0.1670377834630994,-0.2532806168475879,0.4548263110802458,0.3650939245039477,-0.33023620728536623,-0.41971640982272135,0.38657311174477665,0.5088839124441514,-0.05808095419128224,0.16440459081791237,0.676039644821591,0.07030423923139953,0.395965748578712,0.5825838308292245,0.5716140264525494,0.16784021718530717,0.494910117984587,0.4709235200103174,0.5746638028589618,0.5392285293119828,0.587007219254402,0.5259770384904943,0.48024485731998007,0.07934234932323418,0.4359332197128926,-0.43042458313864485,0.6793790933000262,0.5978175451632584,0.5221671073759341,0.45139115570024707,0.4961519628378339,0.5162702389131484,0.5337941133525893,0.5674801614072481,-0.3131190134860912,0.5399185684177412,0.4424786740177257,-0.404525287375827,-0.06976373450845384,-0.5129545727074297,0.5552388293265809,-0.347092779107095,0.4819829043149771,0.28834335306259445,0.5137715808960174,0.49554357219780515,-0.4922606487955709
002027.SZ,0.1777387742044252,0.3914526581090259,0.45085075171635464,0.4155609816379786,0.4854522074786251,0.5693092854669273,-0.38926339810902966,0.4761444615655484,-0.2710311448157145,-0.2754499157240664,0.5266695278869008,-0.3830826252830928,0.5916024870354734,0.29498500781629133,0.36025026444193675,1.0,0.192622501641616,0.14984104752836308,-0.4416001241515866,-0.4023149152341106,-0.20417390393663448,0.05892736860912101,-0.11967274609737033,0.3148024559170968,0.3413569032301304,0.3976365910642469,0.15844542609475915,-0.2462550913095304,0.5648944894396258,0.5953191189386166,0.5657150104945069,0.567337636620686,0.29552819330413665,0.34828104556747436,0.5341862853781661,0.49228217579984457,-0.2791965913381663,0.46347231968290376,0.5212550951991958,0.5727022940471937,0.4682092037116155,0.44018687949996943,0.14506461537457452,0.3967968518380069,0.5538297116465082,-0.09636342269767723,-0.37887278284429377,0.47700665377847223,-0.31733349032900754,-0.49270854688107596,-0.3289688108689524,0.024889676576694098,0.5248679257847412,0.38803193189966406,-0.2757123020460604,0.4798206377961469,0.13295079773302196,0.6289146295029951,0.5145713261465753,-0.30321156281396466,-0.2654258697557308,0.6659064798967862,0.49651035318901093,-0.06965075502577396,0.6038353771586153,0.3603774266095581,0.16382825425371747,0.5754202503071758,0.5639624981668604,0.5565161309476917,0.6975984931998632,0.5459149273157059,0.4581902919676941,0.5106106829942568,0.6631046653426568,0.5342091811841838,0.4967189071005027,0.4647514855684272,0.1679958168497985,0.5997532448723644,-0.3260685072274549,0.5434763814602684,0.6160411155493463,0.5552529215853105,0.6147530578219956,0.5149862076067225,0.5818002570050484,0.4891329273234124,0.557122702810516,-0.32608313294901414,0.5128628625594355,0.4927086894459032,-0.4300211506025018,0.18908305699983927,-0.2907811008340188,0.5550419080184971,-0.16085377462237657,0.5907225272567211,0.6168170506040799,0.39701963331524537,0.31457855619367364,-0.3328895005140206
002230.SZ,-0.08993652749692631,0.05244244937226256,0.3815658671276769,-0.016161535133374896,0.2460062692451249,0.2988430226554658,-0.09087262706060252,0.3914618571984396,0.0109657330068477,-0.031910157156736986,0.30514076361465897,-0.023359122396160722,-0.0025310533080040326,0.47334511468240814,0.43182166081622747,0.192622501641616,1.0,-0.1652898388637025,-0.17069554383831761,-0.08459245882982906,-0.1862460328791198,0.28880290485949084,0.22841763299278237,-0.21614870399611494,0.13558055896232166,0.38499373956390576,0.21466206232236565,0.326031504799178,0.21585988101744205,0.031168529608651418,0.17245312684389594,-0.061743176476218985,-0.0637068782323737,0.17237320902443556,0.15314465156046347,0.3367598990569925,-0.19215151907519293,0.15315251834346733,0.18151626161041848,0.18815464877058985,0.34088089290306295,0.30849147781961056,0.0740576151718715,0.006775352595444498,0.23673126586004314,0.4945562440069671,-0.00163784351214401,0.09267916324567922,-0.04868188618529631,0.03571711414472516,-0.11686415573305407,0.13603822353763548,0.3162025557052163,0.2772524102782803,-0.09704810107723572,-0.04970264441720439,-0.11565586796311128,0.2400026160495944,0.009175362106279112,0.06431428775097203,-0.368226923465121,0.046874150025940885,0.09271977652597439,0.18625659305028971,0.009456868521666531,0.38808121916019006,-0.12306525607011827,0.00841744339688015,0.17514777578854213,0.3361623072068167,0.018361275572119817,0.14603802710220254,0.10401875291155531,0.2071103480168706,0.0768915720269533,0.3284062304623558,0.11117826016707699,0.3614822927911734,0.2505396771464951,0.15507948878761613,-0.024300923683980003,0.220602861980168,0.2591901030881477,0.35912810843785303,0.11049300640396602,0.39320612207857125,0.11223443802060606,0.15750481430353794,0.2815968192909684,0.16940796534878452,0.3665996792143782,0.32592684647793996,-0.058029621845886226,0.218095063384438,-0.19713569221993402,0.1363923077066821,-0.07846257986388118,0.05356680072774567,0.13050943808718593,0.16257365841431648,0.44059339182946505,-0.13003022899375913
002241.SZ,-0.28791826400135223,-0.1399463191128236,-0.1800781561216743,-0.026300964202483564,-0.014413502936679522,-0.15470076840355776,0.024654997466779627,-0.21600170759672913,0.201786067848665,0.325418652437978,-0.12176705539741528,-0.08898437471280397,-0.009189081041223167,-0.308038451898557,-0.29181184286482514,0.14984104752836308,-0.1652898388637025,1.0,0.09304575769183447,0.19674446882224184,0.5036906275546555,0.021703537358114228,0.13528092182337656,0.01007392035904505,-0.05347159114950433,-0.24794162359369656,-0.024862992349076365,0.20295103711177545,-0.06174472348397162,0.14259525002744425,0.022786228336899483,0.1594583151448146,-0.04858026542272246,-0.11541220469451118,-0.21428166463033294,-0.18517634429675414,0.09646523365083602,-0.24160053088902145,-0.13083673684214042,-0.17542178708495815,-0.14422088491572352,-0.35619362355616363,-0.25955569197282496,0.31493198386098953,-0.07388527597561827,0.007894505790182605,-0.033159165788921724,-0.030989914671116572,0.19861953743384064,-0.018864170394939334,-0.05313991134324449,-0.15410323796998193,-0.19517029481384332,-0.3146651400632719,0.1970095309541006,0.0828255491591819,0.24830044805794915,0.11039037095786504,0.1348940409968601,-0.07925250526868381,0.023311227304096294,0.005172635491379203,-0.05433957096678619,-0.3645162190868967,0.1879287863613405,-0.4534406862528379,-0.20506295599457736,0.10373906410632157,-0.16462725826068383,-0.12703656259424848,0.11261594338493365,-0.06497015775022315,-0.10236692056139207,-0.20613988466252645,-0.00888818651227828,-0.09355236651953701,-0.05203235689441327,-0.23917248466870697,0.011408530902079697,0.013014474313396704,0.09559510567462653,-0.16221138244238462,-0.12443047588590332,-0.09818101413134901,-0.07463010388972834,-0.1735672853151997,-0.1639138095692381,-0.12133536946234681,-0.22877493380254466,0.0738799578801234,-0.14525078470790365,-0.09453022838283247,0.13918881599089863,-0.11530173303013906,0.09259760226776548,-0.039307725703050876,0.23263558051038793,0.021804485754702434,0.2805782743520004,-0.1104734698354297,-0.224124699623394,-0.058918699323698864
002304.SZ,-0.22296095727477494,-0.4409824110564404,-0.4716348966683312,-0.3710583014390578,-0.4104471277870955,-0.6435305620471887,0.8377025832396051,-0.5284974054076498,0.5882897131919747,0.6340267114628326,-0.5404664416003494,0.8634471301050333,-0.6317270437106203,-0.46483854194150814,-0.39168130483615915,-0.4416001241515866,-0.17069554383831761,0.09304575769183447,1.0,0.6684836262067356,0.6460403474813378,0.034285597008653995,0.6125799078828137,-0.2782598833425251,-0.31896702869488963,-0.6440628802043842,0.09609433702940179,0.6166138055821992,-0.668110784887273,-0.4974799261487756,-0.55486956330659,-0.5839533581353759,0.04941969499695245,0.015124387689812243,-0.5569491455350876,-0.6158516728898324,0.6323041728548601,-0.6744765356168151,-0.6552918090350226,-0.7429878469005072,-0.7035818838581864,-0.5573869811880121,-0.08252957873578044,0.01576351981457969,-0.6649604947962194,-0.09624455941489174,0.7475877671974143,0.01954149535709313,0.7763636237929262,0.5714488908906151,0.738319750466396,-0.18408572579278462,-0.682093176241633,-0.527846371420647,0.6900454264364053,-0.4088866179403277,0.5455151387050435,-0.4968486230433107,-0.4373220782179226,0.6533100904221533,0.23492552306871084,-0.6784385735182008,-0.5322210698081243,0.2941065908314212,-0.22009982575826537,-0.5242151948874149,-0.0925563486292486,-0.6324260401711014,-0.7720719573089613,-0.706246088511372,-0.6121434250254878,-0.6482904056153692,-0.718463648065203,-0.6293849683852349,-0.6536754346342871,-0.6454317271827439,-0.6078028630140669,-0.5747444816905828,0.326200785941774,-0.6489978678161361,0.713296755453948,-0.6786481629508075,-0.5741121688416828,-0.7823870978358504,-0.7674629489080468,-0.6344721179336933,-0.6870122425816433,-0.6151363340267039,-0.48862485546766093,0.6786191980994744,-0.6678730142580727,-0.5717929850267276,0.8045983159630626,-0.006053320619909236,0.6191518296273677,-0.6742433936234523,0.5163044604869876,-0.6135646780481497,-0.524107279903152,-0.4503252707146579,-0.2273581854678559,0.6286183732216041
