,000001.SZ,000002.SZ,000069.SZ,000157.SZ,000166.SZ,000338.SZ,000568.SZ,000625.SZ,000725.SZ,000768.SZ,000776.SZ,000858.SZ,000876.SZ,000963.SZ,002007.SZ,002027.SZ,002230.SZ,002241.SZ,002304.SZ,002460.SZ,002475.SZ,002555.SZ,002594.SZ,002714.SZ,002736.SZ,300033.SZ,300059.SZ,300122.SZ,600000.SH,600011.SH,600015.SH,600016.SH,600018.SH,600019.SH,600028.SH,600029.SH,600031.SH,600036.SH,600048.SH,600050.SH,600061.SH,600085.SH,600104.SH,600111.SH,600115.SH,600196.SH,600276.SH,600362.SH,600406.SH,600436.SH,600519.SH,600570.SH,600585.SH,600588.SH,600660.SH,600741.SH,600795.SH,600837.SH,600886.SH,600887.SH,600926.SH,601006.SH,601009.SH,601021.SH,601088.SH,601155.SH,601166.SH,601169.SH,601186.SH,601211.SH,601225.SH,601229.SH,601288.SH,601318.SH,601328.SH,601336.SH,601398.SH,601601.SH,601618.SH,601628.SH,601633.SH,601668.SH,601669.SH,601688.SH,601766.SH,601788.SH,601800.SH,601818.SH,601857.SH,601877.SH,601878.SH,601881.SH,601888.SH,601901.SH,601919.SH,601939.SH,601985.SH,601988.SH,601989.SH,601998.SH,603833.SH,603993.SH
000001.SZ,1.0,0.5985494994744041,0.8338296519828007,0.23013200178435075,0.09214110156833784,0.5295307998559513,-0.3401865626818126,0.1533355099387285,0.21186185765578705,0.38641706545751436,0.7839981938476175,-0.42341075811231077,0.6565184899358382,-0.5509415441983059,-0.5113594331114085,0.3365713474789011,0.5244676116951492,-0.3516608202873506,-0.39759811792593136,-0.05827141116317125,0.5121591330434301,0.6278880674870634,0.6622683500147789,0.37587838017769565,0.45153685446670805,0.6751630463787315,0.7293686430977734,-0.22337879593771112,0.6045649791716238,-0.40582040292833654,0.8720187241751963,0.8697354351621006,0.760168162211519,0.33950225424292374,0.7375561074056121,0.7723679306795469,0.6315025294085191,0.8481844769226168,0.7631169642089328,0.7121876798443791,0.45318104481888993,0.7707219108840967,0.5547421236768323,-0.6756035817166369,0.678326317286818,0.8009058729659925,0.5297891868757661,0.3078051297845749,0.7151797190908654,-0.022456997823741415,-0.5040897899686023,-0.23437496396208413,0.794471470466923,0.6055283076924111,0.33900278196200073,0.5566370975405417,0.7886234167478295,0.7921037530343847,0.5117790842993475,0.7067589752757995,-0.5350988958826367,0.719028960421431,0.013687650769103638,0.6212910630199876,-0.4694577294969895,0.742118988230501,0.8815710024135526,0.8337825619771436,0.7490245897620879,0.8497562297967267,0.5401445394151481,0.6898275631222676,0.7018808361860026,0.8645683380469388,0.6524911760250273,0.7702397329158049,0.4398454228451789,0.8659067706851581,0.39639148229628285,0.8048738357906555,0.4037662108294708,0.8475069948318037,0.6681660270257247,0.7944803790586614,0.7149210432567478,0.6805286216451402,0.677973337591574,-0.08186339986712769,0.5500349775183817,0.2925078792055862,0.5035875514696599,0.46089392370775983,-0.19856234653276525,0.6651313975484787,0.757068163189187,0.20816594099640384,0.7474742527894871,0.4310204912056846,0.6010405864711524,0.874516796323221,-0.490933622382826,0.5100322562824585
000002.SZ,0.5985494994744041,1.0,0.5604542820178368,-0.13118597776743499,-0.33207423536909464,0.0633986322486808,-0.3982718813661262,-0.24087163588614233,-0.18358284612740103,0.22881135505898853,0.38717383699416796,-0.42818363042505553,0.651177516828028,-0.5476081937646994,-0.24229480717734156,0.05020012659580861,0.13257076168328022,-0.42239051078725437,0.007418362749282231,-0.2941257516449113,0.20628742778461753,0.2909212755728057,0.4413460488485656,0.6233531465411349,0.1091962518043011,0.30377972206082515,0.4595785254396462,0.09707022848014002,0.7009363928287332,-0.33104919230600294,0.6467331321250084,0.6407937384586687,0.5985142831776712,0.23916789338157327,0.33537029654941675,0.5998920493782024,0.22970418398096484,0.509011058789333,0.6879986975094136,0.38375968753946393,-0.01481418728393717,0.5512349497025812,0.13593150814259272,-0.44210651354494696,0.6189173636017143,0.4665221251026359,0.16146543806194605,0.23263470726665492,0.4139808529787002,-0.06729151017922644,-0.4929114005595982,-0.2621011659071788,0.4459104970328314,0.2596083473037555,-0.055596807168619033,0.03726061064117891,0.4948668457805136,0.40368319930024876,0.4712069911140677,0.541578454857925,-0.3517323543139778,0.6294906039378924,0.17480167525057308,0.5829325792717767,-0.2624863821856412,0.5719957655853573,0.6732353979920354,0.6191242211869452,0.41773381275063876,0.6485852906946902,0.47878686500079487,0.7367150332700759,0.7199636452548726,0.5657154477580159,0.6035648362081131,0.318021121403648,0.5818334575737258,0.6248464231373769,0.05934848925409786,0.5085861186894634,-0.010079947658587699,0.5646926623240579,0.2653989609012967,0.43116525825361257,0.3377300723982925,0.21878323767511984,0.29982264212285886,0.2775647450056257,0.1508163895960569,-0.005342258304171381,0.15830591504467262,0.047444298214569365,0.17930843906087943,0.27708165018247055,0.5438691800537526,0.262095663300189,0.3811263495561364,0.4471299410882348,0.4306996668695174,0.7413156849556995,-0.260479333220301,0.17775307485756234
000069.SZ,0.8338296519828007,0.5604542820178368,1.0,0.25935163023243085,0.050155609748321256,0.4787061359276506,-0.4182579235467922,0.12868392390081484,0.12574598606712928,0.3277812220944501,0.7497225284293063,-0.5194255411442192,0.7601635846305294,-0.5348873708720498,-0.5662866810447178,0.24933616711444204,0.5330607540659745,-0.43134247604511283,-0.5221844881673208,-0.08896584985204377,0.48336522279545197,0.7274754186552874,0.6662565167071328,0.5265660148726156,0.38648955572692323,0.6537746367243306,0.7290677119966716,-0.26888320011462563,0.47367259390165994,-0.3191765910914161,0.7709640343867923,0.7639938780318568,0.8577725321968241,0.36820524707896546,0.6946438015640437,0.6995191173712557,0.6741267883909776,0.5961333911815739,0.7544656256098677,0.717588427080695,0.37106894388801,0.6958139927513977,0.5008857697488837,-0.7283515005522462,0.6051766095345391,0.750481924126169,0.4896435770257752,0.23796794254243395,0.8021186150011407,-0.12148034931714195,-0.6276878452104245,-0.32380228973108105,0.7788504732339581,0.6839794198980503,0.281353813372919,0.4421902672426506,0.8811723003498346,0.8168789301294019,0.5067900711902639,0.6417667062806456,-0.7008496730764047,0.6739223530099144,-0.14735946151012777,0.5586221758079071,-0.601291069671439,0.5765909466610403,0.7215116844685373,0.6962550363366162,0.8241030914354986,0.9020739012513862,0.42108641213901765,0.6263724106832295,0.6031913557274203,0.7773125547414836,0.5190874321953327,0.6052560605498104,0.2777283677602796,0.8202660190429117,0.4883458285550096,0.7847882550511759,0.35499850089212526,0.8624901508522735,0.6766093698644156,0.7856033982089067,0.7737684554601735,0.5770354955377748,0.725509196435225,-0.23023909656566532,0.4825612787804372,0.1612130937941085,0.41627741643104327,0.3308368069665183,-0.169648899880793,0.6745564819791884,0.8553407799365281,-0.06390406796783166,0.8022592461885902,0.29859319701224774,0.5891577786957314,0.760462488717584,-0.544052922261352,0.5234175063800522
000157.SZ,0.23013200178435075,-0.13118597776743499,0.25935163023243085,1.0,0.8661736719337386,0.7694651847041557,0.5081159718212366,0.8226266954505114,0.807308664756503,0.7237037409052971,0.5984189277338002,0.38416857750046124,0.03717120907864993,0.1539326904372017,-0.4996971002164332,0.4887891987444575,0.7125715837522235,0.20191550182240006,-0.22515601019033213,0.6905428044212893,0.5130583009822712,0.6390435206560859,0.2505192361355835,-0.43304876581899715,0.8620646326836366,0.6266396328441458,0.5302106923156022,0.10597430936947953,-0.16252841785227065,0.4441699397433636,0.14742432920686863,0.24384165459055232,0.23742908298017085,0.41515230177320994,0.3368695323833106,0.18036283898948938,0.5354554330658422,0.15422819740776747,0.00631767945360992,0.48221337155638794,0.8154342229062053,0.21554924671875195,0.5940857808156489,-0.05144414469908068,0.12209149178639396,0.2620277436243644,0.43833519383522607,0.5755932723495454,0.5278859311862468,0.4491488659705303,0.2685569415732499,0.43339003784666663,0.5739952259894772,0.32234277904008124,0.840236335097779,0.654085906275591,0.22985184328600625,0.491828726461746,0.3080497857915603,0.10981660860206421,0.13322868183995196,0.19993080610312655,-0.030572371177243162,0.053018243429479306,0.162092949904429,0.4248321270661947,0.11780224448221703,0.22375674957662728,0.45737539338614314,0.22334450858838414,0.12054746983306251,-0.12298823135845127,-0.09626057159660106,0.36129524473965,0.14546317318780638,0.5086026951870183,-0.03314297850803373,0.11743750005269847,0.8439203750162091,0.22938087223459167,0.8444507823977094,0.39665636068293053,0.6889547398802843,0.5501554796116854,0.4315493663675641,0.704734313828227,0.6092986494806509,-0.3357260038635606,0.5189370237201011,0.33426049043284384,0.7461229756165159,0.8058812437680732,-0.290980392966095,0.7668870015691326,0.23673660497800894,-0.07658224332898934,0.4894226254897105,0.29531100366551233,0.6118081915076242,0.07567985477915116,0.01462324021228499,0.6815079668450702
000166.SZ,0.09214110156833784,-0.33207423536909464,0.050155609748321256,0.8661736719337386,1.0,0.736835360976425,0.48275246667987104,0.8631044288887894,0.8025075129098016,0.5967347354512004,0.44009611151407446,0.4379623009407796,-0.16551607384935058,0.3745396310838267,-0.3209498298266596,0.512111216878277,0.5717631106300974,0.37804789021564633,-0.15510582356218047,0.7033407303744359,0.42129141487372523,0.42444925571620445,0.1810031032385717,-0.5405106243308954,0.728300381844894,0.520413789889993,0.3391048902676819,0.06463593852896114,-0.2822158509724351,0.37663387901940504,0.015080046669746458,0.11516293838619279,0.07306112816887457,0.250306705811044,0.22461048255825256,0.08836106419639812,0.4339561206384606,0.07958534968313592,-0.14095770528121457,0.40287111467001907,0.7067357306099212,0.12762223378585863,0.597917767750484,0.12327417080028165,0.05111332760842063,0.1258516682494649,0.325426955799151,0.5057166309179754,0.3353133344628838,0.39475280501569937,0.42967900540911236,0.4219271286719697,0.34655796177157416,0.19255243427597848,0.7540516365563814,0.6321360379603883,0.014521650728342739,0.32411392801192224,0.12806890127033324,-0.06570150011228325,0.31085571132790163,0.05017167136202921,-0.030179136608094764,-0.05589958388484345,0.21175508954906797,0.24941136295709512,-0.029746754159113376,0.10318529760946789,0.30480018396993,0.07782986519368054,0.09368608552311951,-0.25181459705167186,-0.22942725926834237,0.18612753989287448,-0.044341892583852786,0.35485881717667495,-0.19296700384166518,-0.04619683590580287,0.7295347617650751,0.07648573911405009,0.7337953399623749,0.23211531124174942,0.5622555850021262,0.4338409095501168,0.28049952640303544,0.6324769237333954,0.49888314916083226,-0.35815560051391043,0.468143759000844,0.39974276951227994,0.6003339879037967,0.7487593309339529,-0.33977451771109485,0.6007717565871451,0.024915259171622812,-0.09192203248073337,0.3034531309209029,0.1730703612860048,0.4341956289272604,-0.09397660928025957,0.05685176629766616,0.628588565137154
000338.SZ,0.5295307998559513,0.0633986322486808,0.4787061359276506,0.7694651847041557,0.736835360976425,1.0,0.08786528619668266,0.8529281452838792,0.7163387370965147,0.7922337642061507,0.7679750454719413,0.07516182340594274,0.2922754687042978,-6.047416473187184e-05,-0.6018380847069454,0.7009445471324719,0.790058161425272,0.1946334147574469,-0.2850358556572759,0.5609895108681381,0.6308002978324381,0.7238424248455826,0.5812507522431646,-0.16908859583472866,0.7797191618252785,0.7999713450042356,0.7033750238039217,-0.10639607195034222,0.13782615611887689,0.17648824411389571,0.49128978523345485,0.5607340979498802,0.5581244170926442,0.520369840264257,0.5855540664144162,0.47470442301132626,0.6964852307776552,0.46943500208158095,0.2849446519698413,0.7883995749481372,0.7585306641028247,0.5734191076265812,0.8163761348182726,-0.1515667874287754,0.4527448100265638,0.4781921569362415,0.5693069619784442,0.6595976016055888,0.7045818292313636,0.29827933915700483,0.07238351965536334,0.27454348833825964,0.7269063214898136,0.5368893125731186,0.767286534203833,0.8315904293997284,0.4762463239567192,0.6630558484015471,0.45742324030266457,0.3086332035979408,-0.06786313595094523,0.4691191847425189,0.041205334825176666,0.374653149281625,-0.11085414453648419,0.4864230541794515,0.4148915060879232,0.5422310495391781,0.689039501571453,0.5089162814835353,0.25311212218167006,0.1823869853354926,0.21131142165061734,0.5855743097907601,0.33871772539531436,0.6971159442975342,0.09027765402797207,0.41078889575884653,0.8108341657741313,0.5129746306384161,0.7954575355997595,0.663807769582509,0.9180861328229977,0.7994366923188392,0.632836517345427,0.8384206637903523,0.8737162465370573,-0.2970690315552036,0.7257498146281155,0.5506006506366116,0.7987001180931753,0.7822679835993123,-0.2048395380439617,0.8112262601006776,0.48269438623051414,-0.08952372754217276,0.6725813696034483,0.3453931871864246,0.7016315228625033,0.3743275644751332,-0.22755639311942943,0.9123579137134405
000568.SZ,-0.3401865626818126,-0.3982718813661262,-0.4182579235467922,0.5081159718212366,0.48275246667987104,0.08786528619668266,1.0,0.31891723787773635,0.4391601942333149,0.2758882263371902,-0.009574568092800412,0.8393991632325183,-0.49935641542125775,0.31851917459298823,0.022405610190021696,0.005588367787925638,0.083135187369121,0.18170983767573526,0.21692573610750107,0.5165768821686136,0.14123874329899538,-0.019042112344397632,-0.3578162098861824,-0.5986714841765944,0.37332000980384006,-0.06722225780334011,-0.06140822982872732,0.4221864398801509,-0.4109076331271218,0.49525939313408607,-0.39844589126888835,-0.2623380409567224,-0.490402068649657,-0.18370218222563942,-0.16746897035694677,-0.363758884821215,-0.07322583740658502,-0.2811589743886183,-0.44960836832018886,-0.22670050431118807,0.42571511431716963,-0.28906268088248677,-0.2104476567008182,0.3475572447769148,-0.46661014070006335,-0.2225180518985388,0.1324120249956197,0.19530693988959366,-0.09660791539771646,0.5561015705126732,0.6139301568378727,0.5045710476212698,-0.12600924246311543,-0.2798410266503161,0.2707197863389796,0.003993719911463162,-0.3781597849229625,-0.16664595160622472,-0.16359225891352933,-0.17327084341866214,0.5057379495033955,-0.29735534996429464,0.014680137724446167,-0.47234156585675935,0.5279369326653379,0.023426414962855014,-0.33708311209488,-0.3184111271736378,-0.23874904921537252,-0.43943869800189966,-0.2274857847278048,-0.5302573100608973,-0.47405590139953996,-0.1590694545903918,-0.09208358965317819,0.05360296829940503,-0.21152312373043136,-0.4147571176941795,0.3012255565982107,-0.3418571044384156,0.2565857714953051,-0.310497267640191,0.00017429290943368989,-0.22130079001454497,-0.290819156614672,0.05060716609258631,-0.1120794318892206,-0.09456410116799858,-0.045583353300623984,-0.12114051634917372,0.1660233981348245,0.3489140359323206,-0.28744004500372394,0.08153907533760267,-0.45405148212301144,0.0816641556830865,-0.21715487393513766,0.11100831186097826,0.07681937365972387,-0.33469590706550956,0.23730501869045229,0.03106026764413332
000625.SZ,0.1533355099387285,-0.24087163588614233,0.12868392390081484,0.8226266954505114,0.8631044288887894,0.8529281452838792,0.31891723787773635,1.0,0.8093028562729954,0.7277631258072853,0.5072657304975263,0.3126071522212807,-0.01914373247654097,0.33877605665582594,-0.4596694184252816,0.6558534787907687,0.6114353887061782,0.4484800104651751,-0.1589008536434208,0.6864730302269879,0.4989945904319792,0.5361784550227273,0.3231724451907461,-0.4313568518481612,0.6984447780918881,0.6143292194045531,0.465882112161224,0.02729671472460979,-0.19205727322177346,0.41770027404238924,0.11312168684707635,0.17279008009952965,0.21387462499563545,0.43437669562527,0.26497548304214485,0.169002700253888,0.4966719261828321,0.103877538879015,-0.03178794361002418,0.5026402649006493,0.6605316174478507,0.25374128137011587,0.744056630001419,0.0982790399753435,0.21477089986069076,0.18957933316328165,0.29974858637141005,0.5223591428321953,0.4372643305494914,0.43352761102877874,0.34444478590557953,0.39609531687302685,0.4787939640647103,0.3619517878271457,0.7999879303595913,0.7851255618094978,0.1430252663578543,0.35515509565583286,0.30260695324089576,0.06902119802300465,0.2451729285567185,0.19794467699993282,0.03307988460024589,0.13734827480566095,0.09730771212416217,0.28046365869161777,0.04682100478341266,0.20984465723351328,0.3891374464750135,0.14443699163324367,0.041742541912961235,-0.11054724473843269,-0.13469407848501422,0.2521558699723451,-0.012665295427400858,0.4064985437513735,-0.11081251898076667,0.016154015276808084,0.7520560689288475,0.16005618538886648,0.8251938724470219,0.34246601726556075,0.6969563345005967,0.5597720280267482,0.34445723476342516,0.6484441289095941,0.6165522090960128,-0.27783330465835215,0.475571921027307,0.5192356829886037,0.6780184990736359,0.7533980965008323,-0.1336106492930392,0.6482243401051563,0.13245499585899767,-0.21601060754350876,0.36854459520695926,0.14751766823604792,0.48584823920015324,-0.012660493757847002,0.09080020553527057,0.7352539981103005
000725.SZ,0.21186185765578705,-0.18358284612740103,0.12574598606712928,0.807308664756503,0.8025075129098016,0.7163387370965147,0.4391601942333149,0.8093028562729954,1.0,0.7447242180876189,0.5774128000647992,0.3841837961910202,-0.03959405893999083,0.2853649123617504,-0.40582451197006536,0.5687762270855145,0.6796004693815286,0.4594205636566289,-0.14203319706268178,0.7714944408954315,0.5338890444331771,0.4750998873489742,0.28558035205436094,-0.44979546904578444,0.7713011078049982,0.5648260317607843,0.39231086241185914,0.053742647308359905,-0.18558906149740118,0.3154950172413102,0.09451956397877309,0.19486752145784006,0.15470023069779792,0.338724194562956,0.24746768820444118,0.20496041328427964,0.4942517746436707,0.22708270018993548,-0.12365792806519509,0.4298983217358741,0.7353959065653277,0.24016210720996403,0.6076821037557633,0.06716571187542321,0.17100145961833743,0.21171448197158693,0.4525844031776207,0.6075704014551652,0.42149530733135004,0.42592302807540666,0.30694002947576243,0.47374395604897007,0.4423135037135812,0.36023464475739536,0.743537311070515,0.7158509982981909,0.14100781774984314,0.35128434285367166,0.27401419727425635,0.02772431906333962,0.32688636759148354,0.1889868144106777,0.048965722653395445,0.07242144883700552,0.19378978315558223,0.2802357551936485,0.10738624651606803,0.24101108148365036,0.34767676947398524,0.09949685505340083,0.1772727292398019,-0.13811708003828482,-0.13188988806206917,0.2933595970553249,0.06486150838198726,0.5130747624245008,-0.10787025549956226,0.02603710138334755,0.7341415874998182,0.13198359182446337,0.761171909931662,0.2909191765339782,0.6059123334972232,0.48438400801289855,0.3632178977280027,0.6602503349646902,0.5407226954224057,-0.3162861793877629,0.4809878698328805,0.5592188522867515,0.6559334316403435,0.7859944110821027,-0.3291672693550155,0.643852667795338,0.11817078723412071,-0.001488640429602038,0.3432415560892772,0.21597897185658557,0.5613664559063153,0.04491756691176857,-0.01933734400166198,0.6489979342291892
000768.SZ,0.38641706545751436,0.22881135505898853,0.3277812220944501,0.7237037409052971,0.5967347354512004,0.7922337642061507,0.2758882263371902,0.7277631258072853,0.7447242180876189,1.0,0.7005114793395246,0.23301466348220568,0.28070421332153844,-0.05473806022368315,-0.5462441383542971,0.5223442773071805,0.7523865628339043,0.14096640417576647,-0.13291917481087198,0.614100792603972,0.6293428823083314,0.6464808041017375,0.46379967463954913,-0.1459510325341726,0.737366411914348,0.7137794792667481,0.6703561355135307,0.16490425110204343,0.053646178963354975,0.19651743278007897,0.3490374778123167,0.45257237065000816,0.4001921593488065,0.38719977937844763,0.46633805349282126,0.4189578811108901,0.6075897697425702,0.34468553336792346,0.1547567860307506,0.6496386163351558,0.7056831574534191,0.5243758813686369,0.5902230098339651,0.0018613727009335241,0.4255917479717339,0.45920644811277794,0.5784862417839582,0.8085779911776174,0.6235937452374971,0.471249225491029,0.09753643416499962,0.39584838951791435,0.6169878255577572,0.5059078539574199,0.674082291370512,0.6689380182701741,0.40261886244580664,0.5479399813385055,0.4155257505692809,0.23554737341712262,0.12532706969700835,0.4727245779256181,0.03611960454268478,0.3082695882161951,0.046695809355723185,0.42494909763909244,0.3123510490870255,0.43106657587110103,0.5364450422084218,0.34327305220891763,0.23071954660247582,0.10009759071996698,0.07495715987162901,0.4896386643133836,0.29139424181181334,0.6225000302545187,0.053328937124170146,0.26705180937890843,0.7660624337831697,0.3205916274161252,0.6859227821297725,0.523788106214382,0.7915707723135385,0.6455646924222019,0.45370120426241733,0.6893742701556577,0.7270452781175699,-0.24183444222709793,0.6151329148435194,0.38281638112044464,0.7083724194943075,0.7520787326695598,-0.296087659354402,0.7131269680196112,0.34900683201306554,-0.07179941211257186,0.5210070271174835,0.3439850125609454,0.8178280434578361,0.3017629044566303,-0.20220663307367148,0.7960249104268419
000776.SZ,0.7839981938476175,0.38717383699416796,0.7497225284293063,0.5984189277338002,0.44009611151407446,0.7679750454719413,-0.009574568092800412,0.5072657304975263,0.5774128000647992,0.7005114793395246,1.0,-0.07215255482531235,0.5437390145839817,-0.31928500684861655,-0.6095405330589142,0.45791172540991637,0.7951732624440125,-0.10247025988176173,-0.4221034764432896,0.3587310334945751,0.704519230174991,0.7606834739324225,0.6300865653627735,0.11493818892236178,0.7911668607022427,0.8403141610310412,0.8472357369123479,-0.04480795232284653,0.36273097647406954,-0.09217264073477612,0.7047532388426411,0.7898225672112572,0.7369801582529809,0.4157274425670292,0.8073794634416709,0.6992444891489044,0.7509457954902367,0.6879370648115596,0.5379747188610817,0.8252180792543027,0.7620225469823453,0.7251938041903246,0.6493950600117496,-0.45597027473092594,0.5985293823496262,0.7267752194257634,0.6917544955485497,0.6012468838967895,0.8270697263061416,0.18863863514125767,-0.2293792517217561,0.13950530263781732,0.7780406151149396,0.6933838787992994,0.5769974492262431,0.6496071826045028,0.7461956203777595,0.8926402131703001,0.5582647341163057,0.5562349175004181,-0.30252662247991874,0.6620405395513155,0.0031314658450570985,0.49008177102019773,-0.25624549288141835,0.6546025357729811,0.6837121595513507,0.7122594145392571,0.7986450965957425,0.7673249834231957,0.44510195311777667,0.44208181770854477,0.45736519466880704,0.8349011530587536,0.6003641721183396,0.8107834950710106,0.3136148492310977,0.7092521411470262,0.7180780304550952,0.7209369358406681,0.6306396260683266,0.7886181689842537,0.8586826630580612,0.8992156724158953,0.7762297030961688,0.8504818968326314,0.8209314897395151,-0.26637849604249525,0.7144634072859857,0.3442099771147036,0.7677632026627285,0.7292186910185864,-0.27093946031821364,0.8924850557221694,0.7200456808349177,0.08456410995684192,0.8404922765588161,0.5174164102062352,0.7617484200730119,0.6956320220028878,-0.4361756124003462,0.7476003829465503
000858.SZ,-0.42341075811231077,-0.42818363042505553,-0.5194255411442192,0.38416857750046124,0.4379623009407796,0.07516182340594274,0.8393991632325183,0.3126071522212807,0.3841837961910202,0.23301466348220568,-0.07215255482531235,1.0,-0.6122456759529175,0.5792632174221012,0.27232362103213653,0.0893227091787369,0.033440630780857454,0.3921550175631649,0.45435589682156946,0.5488885373125648,-0.11163332954915213,-0.16126849390114859,-0.3177034935174356,-0.5840860655033615,0.3154111873152327,-0.18858242413322432,-0.21484150388288992,0.45883513192017006,-0.3399326216531309,0.5097515961552632,-0.459409288650765,-0.2983505720438003,-0.5334353486730461,-0.2025825789217556,-0.2470652260208026,-0.403071425877815,-0.1944675116790545,-0.2698931112345821,-0.5465013462542389,-0.2611062635797911,0.2796902746067498,-0.26887071746073166,-0.1914047753763889,0.6167097517423802,-0.4536007320273601,-0.33466320028728697,0.016934742865153615,0.31987064234485013,-0.3154819480207068,0.47051004813868696,0.8430757057671016,0.6126239880019027,-0.24227706122086315,-0.43671784563892935,0.2854999959023539,-0.08325159554839816,-0.4934046235911153,-0.2614832344524829,-0.21301010724165334,-0.28479573718908285,0.6646372048812068,-0.4171920705344296,0.1976681794347526,-0.48102611843310833,0.6666656153563222,-0.12126717517469376,-0.35156293968790425,-0.33057691129923444,-0.362895439551608,-0.5024481557799055,-0.16871635082749167,-0.5591109888316703,-0.4417242172094948,-0.23172323675179052,-0.1424487284960937,-0.04223852570020617,-0.17842138190658985,-0.5097476210458111,0.10645568475958832,-0.4360721197996545,0.10504783739161129,-0.4276043846197722,-0.06821819593542815,-0.25068187330173136,-0.3869706825829598,0.011464599962591832,-0.16771488188918945,0.04901588789719887,-0.04201568116313842,0.046700836736643735,0.11274139660112363,0.19065036322791165,-0.09019807219144264,-0.04921449059524932,-0.5487788968476998,0.20652106825541586,-0.31332762768711997,0.1267598552065762,-0.032120162733221234,-0.40754680239509705,0.3367125521057228,0.08008021857917719
000876.SZ,0.6565184899358382,0.651177516828028,0.7601635846305294,0.03717120907864993,-0.16551607384935058,0.2922754687042978,-0.49935641542125775,-0.01914373247654097,-0.03959405893999083,0.28070421332153844,0.5437390145839817,-0.6122456759529175,1.0,-0.7123132206637045,-0.41515003490376823,0.020786280366092664,0.4249459021444976,-0.5515540152541003,-0.4905703619291722,-0.28940252243653986,0.45568639586787424,0.5964077979812225,0.5338312354161808,0.7789635823382031,0.12254603895396303,0.5647824257147155,0.6468258005354981,-0.08922315480051228,0.38414935002266476,-0.5255909846671604,0.6667876203545765,0.6251186482547105,0.7652581462364254,0.1733649347207803,0.6512321286903225,0.6491382011688857,0.4634626456476874,0.4320633618602767,0.7437529821432368,0.6526648924927766,0.1007322171441688,0.6161447168397135,0.36282185013502216,-0.7000522226996219,0.5493769241669638,0.7470161744156396,0.4737627409089053,0.17646237726714423,0.7254742074927902,-0.13707601430725266,-0.6908748507290506,-0.3726969439253593,0.6475622331833152,0.6382395724057272,0.009963603778817456,0.24797678273121151,0.7721011643758984,0.6698350590533061,0.2827380705505134,0.5983120083908842,-0.7378396310457079,0.6631202958189085,-0.29410379674117937,0.49775617760053065,-0.6486114075374646,0.3786004116492258,0.5587892332946683,0.5494421679373948,0.7522343882430446,0.8123038789614144,0.39615711244396773,0.5924084054983788,0.4876224360516075,0.6225305494463849,0.4043997605410757,0.43257464779664107,0.21338250105004664,0.7167629082095813,0.32451101972764473,0.7127716521005555,0.1623370879901148,0.783729985895421,0.5256814796580774,0.6178747340193915,0.692967579780219,0.3432999614900985,0.5824977899438936,-0.3289469568832922,0.4560800480668512,-0.045376756856112865,0.18037675726635413,0.10203158226842628,-0.14118724377548444,0.4513626805475683,0.8474576804591435,-0.19211212354296445,0.6697647409502384,0.10699739473589975,0.573725766417644,0.6968353081305841,-0.6495120736187664,0.3435519292807569
000963.SZ,-0.5509415441983059,-0.5476081937646994,-0.5348873708720498,0.1539326904372017,0.3745396310838267,-6.047416473187184e-05,0.31851917459298823,0.33877605665582594,0.2853649123617504,-0.05473806022368315,-0.31928500684861655,0.5792632174221012,-0.7123132206637045,1.0,0.4027118948506236,0.2867355020283885,-0.16345737585770959,0.7723615273707543,0.4663821170165369,0.4981253611876859,-0.3223259318022684,-0.3425375473952165,-0.19754630895394273,-0.5637450859324583,0.038668032687916166,-0.28198543748662014,-0.4859921390419279,0.12760099722238713,-0.3558635771903175,0.5826151086738223,-0.5768260385923063,-0.5292901326919678,-0.4751909937406504,-0.01179212810661607,-0.5860373263847464,-0.4647188957903927,-0.3407336214274191,-0.3997202253703589,-0.5775005307602784,-0.38625852026257856,0.013735545396673753,-0.40497658386088214,0.025677542212013238,0.7102330437042322,-0.33330226763523896,-0.6161617196325697,-0.41839038719724475,0.05209774070548164,-0.4626531152922498,0.10397143065688412,0.7259087087640158,0.4701732028460492,-0.42073814339003407,-0.43079335170679206,0.22941861486536574,0.008048581832039752,-0.621526505172381,-0.4939485686845204,-0.12214144277290119,-0.5512301534079139,0.7172828313037721,-0.547621443631303,0.34718401791412584,-0.32484003035441966,0.5457355732147682,-0.3610752032417155,-0.5083802584134014,-0.42386493923796836,-0.5069601410083089,-0.5608077755967705,-0.2327749647902524,-0.4702390020221614,-0.3982563246384208,-0.5174725721613048,-0.4725990298167868,-0.4099176169135074,-0.25635339175403704,-0.6171267284270587,-0.08680984909951088,-0.5995654294391763,0.04744572980148563,-0.5386883448033358,-0.252750278542408,-0.2706985153116305,-0.45718942988466416,-0.06690139669179707,-0.27590510605974045,0.16663453796470137,-0.3076206609448004,0.39054997012275366,0.0053056019221401724,0.011074867089843171,0.25360310773604916,-0.18377395504622399,-0.6346894295524192,0.06640813293261255,-0.48752461684098086,-0.09762629004754508,-0.3960500887574421,-0.6113253089119827,0.5625782498997581,0.03547466474706077
002007.SZ,-0.5113594331114085,-0.24229480717734156,-0.5662866810447178,-0.4996971002164332,-0.3209498298266596,-0.6018380847069454,0.022405610190021696,-0.4596694184252816,-0.40582451197006536,-0.5462441383542971,-0.6095405330589142,0.27232362103213653,-0.41515003490376823,0.4027118948506236,1.0,-0.3533499332813785,-0.41841018520768136,0.2007603375828825,0.5789254805346701,-0.23657412939457134,-0.6152108883431655,-0.7351267371646424,-0.3849113968966567,-0.032822652124175476,-0.5355413231225244,-0.6291534837510513,-0.6591720503620561,0.28972219635155333,-0.20007314644492868,-0.09985654829530079,-0.5199215572166013,-0.5206801947845069,-0.5465683634970775,-0.4489685416338817,-0.5037650633040129,-0.3896893562002635,-0.602850001077611,-0.3756153808716016,-0.35648915198911985,-0.6053241193092983,-0.551143285493194,-0.41432123541550486,-0.5341929735785854,0.5001568091079039,-0.35260642229558486,-0.45238216225268374,-0.45585068172886717,-0.20446492289939924,-0.7198434859809995,-0.11833080594646682,0.3810494422089898,0.2473616712405099,-0.7032948174723935,-0.691535202226148,-0.40430220623684804,-0.5973742935872103,-0.5765873418391633,-0.6155521191554428,-0.4576888966973289,-0.3818968269241261,0.3285119176896803,-0.5737404802442118,0.06726526623775893,-0.30359909472191177,0.4676134889975674,-0.5403692678958504,-0.43512287096511265,-0.5287302176761002,-0.6314337041161772,-0.49052755387004393,-0.02577138107053097,-0.3472227286050709,-0.24192997080547599,-0.5180733593767015,-0.39485175445358084,-0.6062916644531801,-0.09363745956937869,-0.48013765029202043,-0.644513762968702,-0.5230459297553683,-0.6069087099011342,-0.6181379837227804,-0.6853556368776368,-0.6374615918287556,-0.6001113086532116,-0.5568664720324371,-0.6298722003215232,0.24287654267877332,-0.43863072555004085,-0.186486204177119,-0.5740780506798573,-0.5986233519538579,0.25997155571985237,-0.6975237022579298,-0.5152814223932248,0.30339476805860927,-0.6478377437826338,-0.25520680627965125,-0.5764344292957103,-0.4570938226098466,0.3031117030588138,-0.5276563191507582
002027.SZ,0.3365713474789011,0.05020012659580861,0.24933616711444204,0.4887891987444575,0.512111216878277,0.7009445471324719,0.005588367787925638,0.6558534787907687,0.5687762270855145,0.5223442773071805,0.45791172540991637,0.0893227091787369,0.020786280366092664,0.2867355020283885,-0.3533499332813785,1.0,0.45822490807669575,0.5225933171490583,0.08476170071111226,0.5445496457371345,0.40772670240285147,0.410378230558151,0.6398191285114628,-0.28451283182934034,0.4980221298034657,0.48465492572393504,0.34853858038796587,-0.045012378237785595,0.15141208200350773,0.37913777372705687,0.2857337443100101,0.33762649517547705,0.32513941268070407,0.5697249207330678,0.17742253921327342,0.24818644539582357,0.404140269508695,0.28871022166800464,0.08509581546582266,0.42159638251638926,0.5072606236439743,0.460638932938338,0.6250496809296778,-0.0033287311813941004,0.3670814819919522,0.18703858702666673,0.15533307226684445,0.40673748287900907,0.36372065721101965,0.3159475623598427,0.14072254186630037,0.2825624472656144,0.46249438117631864,0.2816313196362241,0.6060463481214196,0.6757962016546174,0.19137281979648546,0.27572055690533265,0.5071016669716162,0.23600590080601372,0.11425688998174029,0.30184380062821364,0.34955395151504537,0.3847747106753774,0.045421086554191546,0.3512954275372895,0.31424313784251257,0.4265180188843786,0.3005037879608485,0.24304151176620228,0.114414377569045,0.1893692699586397,0.1931857187809409,0.3586804684542566,0.11952320882224947,0.4738075448719532,0.1209503581536171,0.20328077886714713,0.477643595866657,0.1882872954890559,0.5997939444283708,0.38954022218713663,0.5825527729727161,0.5375775090004319,0.27870149361537305,0.5886340284415188,0.5607802009403019,0.06796381511413259,0.3171388897578095,0.7975123908466211,0.5872700079049974,0.5811478475874565,0.21163781330124878,0.5277699106548336,0.18685709813253262,0.07870496552442119,0.3173511683861466,0.22086399038449414,0.332626313983606,0.22329961485161376,0.15135943896620266,0.6691439090832271
002230.SZ,0.5244676116951492,0.13257076168328022,0.5330607540659745,0.7125715837522235,0.5717631106300974,0.790058161425272,0.083135187369121,0.6114353887061782,0.6796004693815286,0.7523865628339043,0.7951732624440125,0.033440630780857454,0.4249459021444976,-0.16345737585770959,-0.41841018520768136,0.45822490807669575,1.0,0.051006163607764256,-0.3068266566194201,0.5019288804874401,0.6305581923630406,0.7089466470866692,0.5243463971019341,-0.07357997112251462,0.7331447317507133,0.7760315376091563,0.7178326554661733,0.07050517395234199,0.06322692205139359,0.009059601981251608,0.4576323169986846,0.5191042923941881,0.507065860557221,0.35616336870336207,0.653400776319033,0.5392263433617802,0.7621422358448573,0.4801815204842261,0.2643811507200264,0.7182346233870823,0.7312546719204169,0.5390940896057236,0.6379741727779431,-0.2850515760942957,0.4498358696242959,0.5880379322899952,0.6607483983947912,0.7157105396863889,0.6969072736261349,0.294277143112967,-0.06875187303115231,0.41071404164353514,0.6572912604821156,0.6050711016690357,0.6743991788490171,0.6581509290632624,0.5567808549283292,0.7066077906926217,0.3360852702860495,0.37090732244444674,-0.1902814875258612,0.43666485502554625,-0.14118818581565643,0.367408587518558,-0.08558360884222338,0.4205630730134566,0.39432853011000635,0.4693466734762723,0.6799495391546868,0.5191214237172485,0.42593475517281193,0.14318581386038942,0.15322526447721133,0.5971014156219465,0.31433088351076294,0.7004118756159355,0.09751113259208327,0.4743285097627535,0.7463782599341552,0.563239927370749,0.6624508565509962,0.6190556397132215,0.8148199203742319,0.7162357593242629,0.663710617085005,0.7590973888683687,0.776753965844176,-0.3908573306034144,0.7447645820644221,0.4064293324134711,0.7120328673415584,0.6816677879267967,-0.3451761356132837,0.7907163903917692,0.5657963197237088,-0.010751598847795113,0.6725094276179586,0.3124403842869077,0.7436838447302526,0.3795050697036781,-0.3568307850812769,0.7629304295053968
002241.SZ,-0.3516608202873506,-0.42239051078725437,-0.43134247604511283,0.20191550182240006,0.37804789021564633,0.1946334147574469,0.18170983767573526,0.4484800104651751,0.4594205636566289,0.14096640417576647,-0.10247025988176173,0.3921550175631649,-0.5515540152541003,0.7723615273707543,0.2007603375828825,0.5225933171490583,0.051006163607764256,1.0,0.35746654024064745,0.5119940460344549,0.012623007893435095,-0.20645456855896968,-0.03242419683190576,-0.600039896265383,0.14236692032405443,-0.09272243558459202,-0.3055439238275024,0.08059095746478127,-0.29532962696506154,0.5346116805717046,-0.4299695848863156,-0.38177170868862853,-0.3069889881237379,0.2402069386675415,-0.3797533901398531,-0.3284830744079666,-0.09515969586047417,-0.2135204352621066,-0.5283739606472349,-0.18319166175242443,0.13091586471938302,-0.23170506512545383,0.2364267343986746,0.5784335060405598,-0.136654446177224,-0.4189660403928068,-0.2199517374083861,0.2079496740759379,-0.2769418328063025,0.20359369098053096,0.597252479230771,0.4787625406689755,-0.22847440284979173,-0.15225762251321442,0.3100535718905865,0.24337616870975007,-0.3747041419725535,-0.3220446479011409,0.08548064340186969,-0.374197693693493,0.6146827523217018,-0.32802457721491635,0.35529638054848833,-0.11522596139088591,0.42457103767335047,-0.22813296672157513,-0.3205566117487853,-0.22184348383223637,-0.36181060034023016,-0.43999915309253285,-0.1737536847357428,-0.3465298166026968,-0.2843046287908803,-0.34240745460596295,-0.37634844286085684,-0.20839148201355737,-0.110245045490288,-0.4729654480915974,0.04425716018445924,-0.4798851364546419,0.2248709836817793,-0.38723405638046854,-0.04373231453280175,-0.08029702113779309,-0.29796521130497694,0.08349645656826897,-0.11438398940670086,0.12293681521250344,-0.12747506335532313,0.5689586994702108,0.19024399662833122,0.2002890095454575,0.3304728965597258,-0.01528482472695695,-0.3995707520521194,0.1029522491349507,-0.2884856554214043,-0.054610489937987006,-0.17305862652718973,-0.46881616253843766,0.5409241442468484,0.13207213025218176
002304.SZ,-0.39759811792593136,0.007418362749282231,-0.5221844881673208,-0.22515601019033213,-0.15510582356218047,-0.2850358556572759,0.21692573610750107,-0.1589008536434208,-0.14203319706268178,-0.13291917481087198,-0.4221034764432896,0.45435589682156946,-0.4905703619291722,0.4663821170165369,0.5789254805346701,0.08476170071111226,-0.3068266566194201,0.35746654024064745,1.0,0.11226121220150169,-0.395902359355982,-0.536102165394164,-0.12986247355593908,-0.19555074206507797,-0.19533068454195254,-0.45491591871683207,-0.47029507412597754,0.31574768473336945,0.07463925630782413,0.31882537502169866,-0.34282330802723854,-0.28278408056943055,-0.4102106413922322,-0.05661655550377459,-0.5906922894818477,-0.36553562790298444,-0.40515943482649047,-0.22019377452189862,-0.384376048634601,-0.5014838422122582,-0.27447367319883403,-0.12613856561729866,-0.33222034885487445,0.5660774605338308,-0.18225751019234804,-0.5481398133658003,-0.43553766060221905,0.13748156363132863,-0.5655689621069574,0.14243747863279646,0.4854289653010435,0.443150064866949,-0.47921759271316916,-0.701769357956449,-0.08501905289540901,-0.2903259088147488,-0.5760731968748737,-0.6180474367487104,-0.041182606334400594,-0.24801425978127545,0.5689608589123545,-0.291169368022884,0.5115486668167248,-0.11284016610303522,0.6797104613039919,-0.15485103873018666,-0.19355436934111117,-0.14186416040680713,-0.6149575617945117,-0.4935367299406852,-0.14817452505910098,-0.16676815859198332,-0.07204118345247379,-0.35416236043870625,-0.15471454240517948,-0.29228108113293005,0.13333768491641343,-0.3946010806545208,-0.36659067310174015,-0.5444711386195369,-0.3241134482126707,-0.478234923169196,-0.42709575926492643,-0.4327927949664699,-0.6123668685944268,-0.28771423811822117,-0.4302889607879397,0.6178151587725307,-0.4155429909093474,0.12024981554440929,-0.19772510801391727,-0.22481451341522815,0.5047659957445528,-0.43227698463299874,-0.5252641874457453,0.4615196203038341,-0.5994476987548136,0.06659790752973065,-0.30489817616445386,-0.29782802500439476,0.4743665039029374,-0.17912147210120855
