,000001.SZ,000002.SZ,000069.SZ,000157.SZ,000166.SZ,000338.SZ,000568.SZ,000625.SZ,000725.SZ,000768.SZ,000776.SZ,000858.SZ,000876.SZ,000963.SZ,002007.SZ,002027.SZ,002230.SZ,002241.SZ,002304.SZ,002460.SZ,002475.SZ,002555.SZ,002594.SZ,002714.SZ,002736.SZ,300033.SZ,300059.SZ,300122.SZ,600000.SH,600011.SH,600015.SH,600016.SH,600018.SH,600019.SH,600028.SH,600029.SH,600031.SH,600036.SH,600048.SH,600050.SH,600061.SH,600085.SH,600104.SH,600111.SH,600115.SH,600196.SH,600276.SH,600362.SH,600406.SH,600436.SH,600519.SH,600570.SH,600585.SH,600588.SH,600660.SH,600741.SH,600795.SH,600837.SH,600886.SH,600887.SH,600926.SH,601006.SH,601009.SH,601021.SH,601088.SH,601155.SH,601166.SH,601169.SH,601186.SH,601211.SH,601225.SH,601229.SH,601288.SH,601318.SH,601328.SH,601336.SH,601398.SH,601601.SH,601618.SH,601628.SH,601633.SH,601668.SH,601669.SH,601688.SH,601766.SH,601788.SH,601800.SH,601818.SH,601857.SH,601877.SH,601878.SH,601881.SH,601888.SH,601901.SH,601919.SH,601939.SH,601985.SH,601988.SH,601989.SH,601998.SH,603833.SH,603993.SH
000001.SZ,1.0,0.6524024699866827,-0.5526005325730012,0.8058737277356917,0.7225617981657465,-0.359214207354768,-0.10376407545987626,0.6941470341111017,0.02913202686615061,0.43082055800827995,0.7209582991743321,0.5735129284794974,-0.1140260503491241,-0.6545173343152055,-0.1710915800597346,-0.44061361475971816,0.5634872508137231,0.05672637756533524,0.667879328892671,0.6116438547308763,-0.523789101426345,-0.2977173082102086,0.6895563450742429,-0.15279994367251248,0.01973472378536596,-0.6321702421262907,-0.09779247690623227,-0.09247696630527223,0.8027335667480803,-0.5984788331038108,0.7309159009328331,0.5001202583540288,0.7317414462328626,-0.17772745702601736,0.04991952604526582,-0.2061814647691104,0.3509935950743366,0.8441260003621848,-0.09376580743547908,0.03250640165889626,0.6835640413831047,-0.6671243731396078,0.49127122534767204,0.7234812527029241,-0.2858769550383578,0.7387822331459303,0.40776865749170427,0.7236911164263882,0.06978148561882752,0.19200359884262497,-0.23468750472052477,-0.29280116752625246,-0.34008820738788265,-0.2292312424468678,-0.4524652169274053,0.2916782077431766,-0.34720822773815657,0.12617450667564925,-0.6182114965688198,-0.11412317130609347,0.9087284286503929,-0.3212875947089116,0.8149780319497647,0.03232864017732403,-0.26957025791405087,0.6924835440253011,0.31807876898126514,0.25591276411321134,-0.08576202016633831,-0.267695134402578,0.4546288408005022,0.7965428723008249,0.025442105437710878,0.18267374123430732,0.3926244019787759,0.6124961194185289,0.012771790581984022,0.7751221500403768,0.669642714941464,-0.07177299656862655,0.7731729224869465,-0.40528689839672355,-0.4511352613772896,-0.32454415510419105,0.6010660642014128,0.5268556339173212,-0.5053062780649802,0.7595458554487781,0.37010017336684914,0.21088733715810537,-0.09641782077697525,-0.2777186096752955,0.24508536722105498,0.6029627037070538,0.02634188807374564,0.15376506427457803,-0.8029655223837361,0.4638862333154999,0.36053651968662104,-0.36412513870026286,-0.2939612309274529,0.8333759095622554
000002.SZ,0.6524024699866827,1.0,-0.10885032477712343,0.5515208870718148,0.5529351664252279,-0.0936166844346809,-0.10181929452552518,0.41286521487843153,0.1702934348139226,0.06965032021064448,0.3586182481416787,0.42344328459637226,0.0538678733027823,-0.412988025319581,-0.12849499296135666,-0.15161677110625302,0.2855494856447765,-0.03180767555217998,0.44755736784801003,0.25729681149481176,-0.11643200018375378,-0.11829015762460765,0.37656051786267625,-0.20363774862681708,0.1471306227940569,-0.1637549415829406,0.05703686459906445,0.12902246016598498,0.6956019630198305,-0.30398108605222945,0.5295257412433335,0.5483885721245974,0.6228735800898609,0.11344964281622562,0.2510536348978201,-0.18162925429131202,0.3236292268324316,0.5482023335637672,0.2758973624551182,0.34320443016979235,0.5981301661576331,-0.3006809157212942,0.5076687456844189,0.3216107831346298,-0.21399957203409417,0.3148140765417908,0.42455309587084217,0.5254161542962489,-0.05140368366508916,0.2958214994211163,-0.10615640986847132,0.18132346503295846,0.12563474867296084,0.0039509301110205175,-0.28750475681893595,0.1784117443045016,-9.192893923047618e-05,0.31293074630330037,-0.35969598513015105,0.17560122343631526,0.6197401627738675,0.1160799748316837,0.5165129129413605,-0.10722478676839427,-0.0658500900118638,0.5568520675516595,0.485888645860793,0.3839773249838072,0.3185688104714752,0.061097133657668556,0.2886225817531198,0.6840133028558584,0.3743308699064038,0.3573354027988728,0.18415954229689377,0.5692679744247833,0.30693855413662813,0.6411077277461826,0.49304979591636666,0.24407593566419772,0.4010726485378267,0.04974042343124432,-0.18539674990043511,-0.0636572782492363,0.5816728777546324,0.5651546153718587,0.01684075969097205,0.5041178856023127,0.3359102737803112,0.04456503850901628,0.04592193450885341,0.08305149684740495,0.2504068159899682,0.5850382865736781,0.1924678536734897,0.4616791851109827,-0.44385716569095485,0.5651821533463239,0.24594413886489494,-0.06280653955170941,0.005530745406941114,0.45139961648707067
000069.SZ,-0.5526005325730012,-0.10885032477712343,1.0,-0.5937409096197372,-0.5195908333177078,0.4945129334758385,0.09106695699577615,-0.7317512717563357,-0.17624277589971746,-0.4235577950296953,-0.5551649360819191,-0.5163597635862804,0.4646874749681708,0.7103944496888109,0.21221374771726928,0.3977037061166105,-0.6330199986983784,-0.20472947868369618,-0.5760493108521838,-0.644573662221938,0.620521325627811,0.3189025680411079,-0.62848473753172,0.4407524884357672,0.3747247588551819,0.5658767270006783,-0.13002683910028598,-0.13248667661385619,-0.3455499845535806,0.4317396782569913,-0.3098957400284099,0.00412025045819278,-0.24010015792011227,0.09173696623184675,0.4773504998083626,0.564077061217551,-0.14742809684975708,-0.659836528339735,0.6357788935771195,-0.1069655845465356,-0.42918903002781894,0.6979720243126216,-0.31505252842194836,-0.6880498606015674,0.5893598514951319,-0.6697760680417683,-0.1056567218075013,-0.6326787844285983,-0.455710915417046,-0.17092331476355793,0.07190941556366058,0.3325403742431053,0.5871343271333602,0.23331713007489926,0.5933065492847078,0.23056938797383034,0.33335411032555545,0.0645452439906281,0.33627951234327197,0.19254346470321557,-0.6328533880396111,0.48752286131774264,-0.6014448966814592,0.307118211755492,0.3491420543716863,-0.3064342599234042,-0.17073552491166466,0.2122837839890993,0.32754188881569557,0.6849273066157119,-0.7041017036803607,-0.3945223912396944,0.4058733761285391,-0.03423679479394277,0.06273493038543201,-0.3915522000799067,0.5978209872933616,-0.5151533966092702,-0.5814663589552466,0.39383266845190845,-0.6872786229775943,0.4958913303925381,0.19577165805699145,0.5541896031122259,-0.5002366664776815,-0.45883247597017274,0.578604295741954,-0.3633856603680936,0.0799528694882505,-0.5785084129868855,-0.22851870693126106,0.6217451509624013,-0.12612534236311587,-0.3833644725033838,0.28340752944901104,0.5426551329250877,0.7349688684931142,0.04342266455644377,-0.4198343732948326,0.7031644663749894,0.6436095637976541,-0.5912554513920562
000157.SZ,0.8058737277356917,0.5515208870718148,-0.5937409096197372,1.0,0.737628395277741,-0.33800118550490793,-0.1256044898555918,0.7806953814390978,0.09644599381392145,0.5248782555397261,0.7800334156961065,0.5678153916667501,-0.3828307730178544,-0.6697779010267206,-0.13763148149394097,-0.35886676464876843,0.6588005898440941,0.23135784734508946,0.6753111393789663,0.7055869317997199,-0.453743128561554,-0.2525345022567144,0.7341159662136821,-0.15199590637120422,0.012522977265491222,-0.5653908375472417,0.034396739499937434,-0.014196562821761747,0.7150869596577202,-0.5947300423386644,0.6634301983014322,0.3876622243437338,0.5649117978254575,-0.08604347640405412,0.0010210219514822187,-0.18599064690965358,0.5773246414584268,0.7044182139286382,-0.29122153639807224,0.13900575324325062,0.6564027073420825,-0.7054518259178595,0.5691110746252118,0.7575404161881464,-0.33574797790963196,0.6979970593292032,0.41446617302435396,0.7361184639878218,0.10899663999590802,0.04184239216840061,-0.2012418335380716,-0.21478251642483903,-0.3775972507086489,-0.14479455875545608,-0.5276099435396531,0.32356256045670917,-0.4401636720302857,0.22426019171744302,-0.5481667869091341,-0.08838810924960237,0.892008788591132,-0.1698700557799339,0.8126961149263354,0.03955301141311975,-0.35713920405555344,0.6555686994290836,0.4572637751171061,0.2940668636587433,-0.06935828575145814,-0.2890422610767244,0.520853290497116,0.7638181671164643,-0.028043108016256518,0.36933225569519923,0.3396546409853571,0.7355013983921438,-0.07824514915050397,0.7943905940514903,0.6436225648994086,-0.0266815754252126,0.6873797686132481,-0.3221751855842266,-0.3335489507473368,-0.25583112026435917,0.7513421152222618,0.5906943073143744,-0.403771999940792,0.6779797672342175,0.25630093141165783,0.27768040283129786,0.06395521586159604,-0.3166904764902297,0.30266553660016055,0.6356286272961892,0.06953641114046792,0.0033787382306486404,-0.8082087859087688,0.3754632260157061,0.4923502032324776,-0.42281412271054536,-0.21888281399456075,0.7804597901825807
000166.SZ,0.7225617981657465,0.5529351664252279,-0.5195908333177078,0.737628395277741,1.0,-0.42691198435944827,0.030588912910850263,0.7943554796154185,0.540224296459631,0.4096780794195071,0.736332318912858,0.6910721222231945,-0.25274999131299525,-0.4186235134460061,0.22334642593351384,0.03821518551909243,0.7318120700726225,0.39366108611694983,0.7587772097650188,0.6901306220268394,-0.24709893308146627,-0.0384733598550154,0.6705410193738796,-0.1292454921537559,0.3074619088108623,-0.3874953234770142,0.2775861741906039,0.12297994095601761,0.8012182826771806,-0.4110567918422689,0.6315464297721513,0.5333484580167716,0.5784623430079593,-0.1897381192334097,0.09115201790411148,-0.12230211029305534,0.39545188933635783,0.7209203973091767,-0.24241617204865099,0.25444162626517725,0.8610481517467165,-0.6933797003275143,0.7911023016753549,0.6580812422123861,-0.22532588403289214,0.7007894534937407,0.6732035031446751,0.690853225028553,0.06579034687712866,-0.001346352096317883,0.06729022267900953,-0.0323477703936483,-0.23465031185296614,0.16787877579966526,-0.30950426670123715,0.17811303507329068,-0.21478913889886128,0.5405765359900288,-0.3795537292554539,0.2630269537697971,0.7751151425109809,-0.21079345639840474,0.7503560596079507,-0.011298901344752013,-0.31131769991916414,0.48078155762142916,0.43523271788396595,0.46314748973649805,-0.25062592874578016,0.05639018376328481,0.3707123444558893,0.7878857937337229,0.00616023319868042,0.5645536240741612,0.3324084418865243,0.8545850228961548,-0.024657836615559686,0.8998196965295394,0.4740220413250296,0.2802231692360862,0.6702245558433139,-0.3335848255582509,-0.3648436189171574,0.006547354466981385,0.5882053315072199,0.8410181082950839,-0.40562339278784193,0.6095533919012178,0.26892889700402134,0.36976004330604223,0.28206595169601534,-0.1266832682152517,0.6387932529536985,0.9035475302219802,0.1871941821077349,0.09980349181744476,-0.7112622020179199,0.5206001162441022,0.7100596197839907,-0.23331896401887708,-0.006767820182544247,0.6965731920642441
000338.SZ,-0.359214207354768,-0.0936166844346809,0.4945129334758385,-0.33800118550490793,-0.42691198435944827,1.0,0.11576661858062977,-0.5105997493018262,-0.22805574103103754,-0.4103434496277398,-0.3393518103043138,-0.32381046914431444,0.2242328570497073,0.2114001236602702,-0.11424868047112964,0.18178416378599957,-0.6120378149808565,-0.21260204425815485,-0.42396481856248935,-0.5832904569794775,0.37609923937700285,-0.02286569269784815,-0.454800187201105,0.1161928659135109,0.11288835866080103,0.45837931754109024,0.02992519748542349,0.03651405269596963,-0.26091644104313877,0.37918769741933267,-0.2574894641735041,-0.14843749446037752,-0.1586138153276173,0.6641525203573414,0.5270960502639568,0.11278892687258817,0.05255467966325287,-0.4849545050836874,0.4639218426966314,0.17690136610606352,-0.30190159006281186,0.5388189956078387,-0.2553584459854403,-0.5387872403326771,0.06615060220031821,-0.5354480019808626,-0.24453171450264385,-0.13352503132630694,-0.1854426118460185,-0.0010166406602630056,0.08434120032248738,0.21981568351903472,0.5609529971523111,0.12831953418790967,0.4252709851642023,0.11916243284839291,0.3261704815628864,0.08843930312300709,0.43241314445893947,0.0552949496596859,-0.4033243098354758,0.4344362955123902,-0.42791517743429447,0.03853378332233726,0.7228241248067802,-0.23300948181579736,0.07279620628494536,-0.08414679734470247,0.5709736019635717,0.29060388470728543,-0.03484413015790935,-0.3482831985422126,0.37165305825877987,-0.05918368458910923,-0.1333668550497655,-0.292997255491169,0.34825515491225767,-0.3603898514719714,-0.05086000803328885,0.2348039678057908,-0.44945449034434004,0.6022891874423192,0.5765694032826199,0.32306083287360415,-0.2967450518643809,-0.2378674985224475,0.5864187054248037,-0.303953745098754,0.2712612318800139,-0.45158836665330937,0.07737362648693648,0.44961508323078286,-0.2136894212944048,-0.31644598420440967,0.2635821207523505,0.26154365164218213,0.5379081826244934,-0.06254080565839637,-0.456801365796482,0.3924196309807774,0.22413533657195747,-0.33158463666844556
000568.SZ,-0.10376407545987626,-0.10181929452552518,0.09106695699577615,-0.1256044898555918,0.030588912910850263,0.11576661858062977,1.0,-0.08605335671826088,0.24291291214552954,-0.06318859023728025,0.05187688981395577,0.4984910741255478,0.28381022094749775,0.19768484572375325,0.3008115452653085,0.4252056179496205,0.13671806739766115,0.3843630207556845,0.3095599906844669,-0.19606468055583468,0.5228142504216952,0.380255023980869,-0.08354273357357263,0.316244904457389,0.1338724746934402,0.21467183419063826,0.4864155820470632,0.26380046250997663,-0.11018693172256226,0.4975215154060795,-0.1918751919746616,-0.09843834126897827,-0.22374672610538035,-0.041763804526338856,0.14867958881812665,-0.0264338247800536,0.31193079968169174,-0.007227339465400236,0.021535561025383176,-0.06304258678359347,-0.17935611149768824,0.3054558372896775,0.27346457081587,-0.29237442714968137,-0.13721452817891364,0.06104241071329917,0.24829961938546008,-0.008643797630842368,0.37746808962813927,0.4912050888098803,0.819863060850719,0.4520391473209337,0.41023048767786086,0.5072791283633306,0.516934328681834,0.1611705752162656,0.40493893645406137,-0.004716795703289367,0.3872137896186949,0.5494446595562221,-0.07365658972884366,0.08348627232515986,-0.18559572483313624,-0.07677500102495229,0.1754487139312018,-0.26778176089259176,0.05164198100606122,-0.12445516887215395,-0.2077080107035724,0.2533574297869061,-0.15521047918992012,-0.14496319538384517,0.010717347801978727,0.1683864865111473,-0.20377733352273483,-0.01996005919657971,0.13223383263378113,0.021722115196437224,-0.27760237718804787,0.31715345593673594,-0.1701063422482293,0.07521262170222012,0.12086591767709469,0.3002122059791951,-0.28474511487751203,-0.02671896093357849,0.15147282584065708,-0.19912482617507402,0.15968811558586934,0.021338985337921557,0.16386790209356822,0.2964958835267686,0.38231685424470013,-0.017204964120482114,-0.056691386846025094,0.19331388974383512,0.24211171044207788,0.060546115492162406,0.07838904127098448,0.2521390945209081,0.36012598444947014,-0.19866789980140442
000625.SZ,0.6941470341111017,0.41286521487843153,-0.7317512717563357,0.7806953814390978,0.7943554796154185,-0.5105997493018262,-0.08605335671826088,1.0,0.3128538504930047,0.510023546365337,0.7162047135562845,0.6212238482040732,-0.33395218841934343,-0.6141197954051456,-0.01941891968240299,-0.26802328847297935,0.7037075462252443,0.44844933521724606,0.6974121875992269,0.8618273486242538,-0.4549434963846519,-0.25663048646564707,0.808551838851253,-0.22646731517686494,-0.04425846540964437,-0.5211676923117081,0.10080364601832553,0.11253035700306467,0.6621336814212847,-0.5193317721245962,0.5915515612404462,0.36100556616930146,0.46724971353512207,-0.2192734509744574,-0.1475761219268403,-0.33941301314829886,0.3190349669303425,0.7525862899424829,-0.4346183005618043,0.1122306319262717,0.6916603721141924,-0.6984060769259477,0.6206290818020566,0.7952544511912111,-0.4342266573548741,0.7352807448273984,0.3904712666488926,0.7365621537588788,0.23836626577094866,0.07060837481502126,-0.07728287866180897,-0.20982941767198024,-0.4838943320943511,-0.06210397364377345,-0.4866258775952073,0.08112614255868901,-0.3780808827341915,0.17108466045391227,-0.4652134890800603,-0.007507868662624447,0.767133849031568,-0.38281638292444775,0.7986062942730784,-0.10691878510072376,-0.4489124404422426,0.5489179729582435,0.2810384033395114,0.19202528067634395,-0.29211118889242105,-0.38656150694967684,0.5521772613427564,0.7378117744519725,-0.20538972340396014,0.2829081044491105,0.20251329140429655,0.674379164769095,-0.23262446778763438,0.7664707676121826,0.5762607064443228,-0.09535693772062011,0.801070878073415,-0.5331276657278212,-0.3851064498568446,-0.3706409308301734,0.6992623326068937,0.6351336176912126,-0.5399098045705405,0.6069266436914956,0.180405770303955,0.5166245461034139,0.1434216767943015,-0.41582984620964364,0.38978186730048775,0.6960077272489512,-0.1291884261969192,-0.11909270311786103,-0.7961833827242845,0.34850223918979345,0.5788460276148621,-0.5146159396969218,-0.33613046175163236,0.7203631565118175
000725.SZ,0.02913202686615061,0.1702934348139226,-0.17624277589971746,0.09644599381392145,0.540224296459631,-0.22805574103103754,0.24291291214552954,0.3128538504930047,1.0,-0.08939251174787331,0.05682087481614404,0.5025905545761981,-0.16770273835904184,0.15172786206312347,0.5786497092543579,0.712316058277599,0.4320531795852536,0.5351150924855251,0.4274211394400497,0.19510667943729545,0.39319875717498615,0.46536328078834804,0.020012622871674712,-0.2367053137146632,0.17232655633593627,0.17129437137319678,0.7123102210492239,0.6311783256197657,0.24011949477746616,0.258411027666869,-0.10987578750898408,0.03641105134019749,-0.09216926410735714,-0.03760613676024833,-0.01742343133749356,-0.06425234777559022,0.2539663757845416,0.21449494741680417,-0.33274998925013927,0.5423697304447365,0.3462130141966499,-0.20773610914944052,0.7460442314723057,0.047348481022093235,-0.09488854281129212,0.2075090864486784,0.6243856044767466,0.13484539063918052,0.2150517003606447,0.02810041929431296,0.5011805027973554,0.5139021007123693,0.12154814631540363,0.6723171514035742,0.046370936570495534,-0.23455649460224162,0.36932781558650013,0.578800821184193,0.1766957075460872,0.646908353406855,0.15937347611237143,0.2185964271275369,0.07034042321382548,-0.32619669920623323,-0.28306627809365864,-0.22975243740268772,0.47330260320629053,0.301439800375774,-0.29100828721695643,0.24923275955854718,-0.03807107399549325,0.1432672972158295,0.021304977313728518,0.7116505234992564,-0.22290063824857467,0.565601230418444,-0.15614448538870027,0.5127269425584884,-0.11998265802128315,0.557170608845397,0.044833563130382025,0.07467270855003881,0.06994152784292636,0.2610565094696032,0.10321482744948789,0.6225601684215073,0.039173341228095925,-0.13223688772185885,-0.04966763832109513,0.44717185631600637,0.6538607045087547,0.1073391691317128,0.7433919409325376,0.5336882483544261,0.20073992423256162,-0.0759941316751859,-0.16993927966416775,0.08790384034896365,0.5969703389891451,-0.05071023725170387,0.3738210915837861,-0.06822722821075582
000768.SZ,0.43082055800827995,0.06965032021064448,-0.4235577950296953,0.5248782555397261,0.4096780794195071,-0.4103434496277398,-0.06318859023728025,0.510023546365337,-0.08939251174787331,1.0,0.7127411431756902,0.15466639900321022,-0.23825351683368665,-0.3725050585537811,-0.14452455020558566,-0.4126875776916726,0.5688861470309167,0.1665367629012214,0.28034301642389464,0.6096638452836606,-0.5119860889149421,-0.21208608420457545,0.6414806194599268,0.22794941592577148,0.2060238482437533,-0.5775949018350851,-0.25925243204142295,-0.38537810457749727,0.3064748759791987,-0.5686057726435404,0.5959194315699027,0.24495499638672458,0.371050311588921,-0.3315582873731847,-0.14912959645482113,-0.0577095281662632,-0.021386365449542828,0.40376434544595835,-0.1222924920982228,-0.437679107418736,0.3304881737682776,-0.54783507371317,0.09588310828995937,0.5394519414991833,-0.08263759601509184,0.5188701339489258,0.05062614335423854,0.31819511317748367,0.02564072366182085,-0.1251829267760581,-0.3168465080523164,-0.5532552067654883,-0.5408670697167101,-0.3759376620674679,-0.2797175404777526,0.23052074932003733,-0.5479258340382517,-0.04133084227349581,-0.4184967855961463,-0.39011327072437485,0.49198333541855543,-0.45087526479201084,0.5836847259020592,0.27172396687902756,-0.0982414370032015,0.5232838344025638,-0.256245892567074,0.03001291793055663,-0.3319445705367565,-0.2291395258047644,0.32554997302666394,0.4744072228906205,-0.3154722052980857,-0.16580883478513028,0.4429132647084674,0.22081781384210641,-0.21191489287951615,0.245892386584075,0.3068112811357739,-0.38730887076438947,0.5410671612498682,-0.565376154510492,-0.4525077584636117,-0.15576755947337534,0.3005059827525597,0.17513852868066757,-0.5750033644351261,0.5784358992503307,0.009054075933160632,0.3169624376656568,-0.004973078854375072,-0.36434938886546586,0.00021619939370773797,0.41398570669601836,-0.34974762545762245,-0.20362496560376986,-0.5354389242958134,0.17477771873788797,0.3026733935381167,-0.27402486032793355,-0.30022996560179277,0.6495684659692236
000776.SZ,0.7209582991743321,0.3586182481416787,-0.5551649360819191,0.7800334156961065,0.736332318912858,-0.3393518103043138,0.05187688981395577,0.7162047135562845,0.05682087481614404,0.7127411431756902,1.0,0.5090441695698079,-0.26440451151427713,-0.5313999179536192,-0.060476759886224,-0.36099535773185804,0.716089751172464,0.2696157090078239,0.5951644140922787,0.6778763696028758,-0.48889124230052855,-0.23326988410105517,0.7165757976362866,0.008992869305804166,0.3035338665253842,-0.5379012337535697,-0.009806976722357752,-0.24091761051531665,0.6263791488075402,-0.5506207861220401,0.7400442202264951,0.4050040004644549,0.6010567291211842,-0.2278684999253767,0.04119633283341544,-0.10234007513003257,0.30453709889851005,0.6430090948702042,-0.19820062391451568,-0.14148173696284527,0.6502367027452461,-0.6618573374371389,0.3951107191084473,0.6637680483780134,-0.19628723177708685,0.6998319335187361,0.35195839277134594,0.664945277706735,0.08792678910775324,-0.00019804875701692529,-0.16441686349077345,-0.37631766193212135,-0.4637241915030268,-0.12400907076806145,-0.3517061456079886,0.39792855384754316,-0.42398185361933405,0.2722578908417054,-0.4526556893563611,-0.18496265191072503,0.7537683268899862,-0.3549258391153726,0.7606935431804352,0.2474183594982817,-0.17228687388879257,0.6167360916510828,0.10852107071495432,0.26048143592713463,-0.28954397028374984,-0.10284346592060341,0.4856428965565695,0.7268809960047342,-0.1425325953422,0.1497154359920381,0.47017913932477295,0.5735983862428363,-0.09595590888100802,0.6173207663265292,0.49231476792406154,-0.12568026002946123,0.6716339416374658,-0.530715497316896,-0.443331800552877,-0.024206551584653662,0.509960205161602,0.5292733341049272,-0.5502956720327071,0.7138572785083198,0.26390295949983084,0.2724726536021915,0.04616875370393534,-0.18758829464534785,0.2998581347729709,0.6791085330737303,-0.10814832065155294,-0.02768573887018519,-0.6714836913346728,0.36170267052026644,0.48787005365949704,-0.28721378475691944,-0.2476667203443583,0.7783053430259823
000858.SZ,0.5735129284794974,0.42344328459637226,-0.5163597635862804,0.5678153916667501,0.6910721222231945,-0.32381046914431444,0.4984910741255478,0.6212238482040732,0.5025905545761981,0.15466639900321022,0.5090441695698079,1.0,-0.10885873239782866,-0.3399253084891587,0.25587219808975886,0.1427284900190458,0.6971147546328117,0.49641754933904586,0.8961051196313946,0.4392083487454903,0.049900246782207364,0.07860952137436299,0.47215032232921555,-0.06076591652635497,-0.017625078940727384,-0.3281942380638239,0.46823551198487295,0.403329359474643,0.5281820615210719,-0.08412101255612825,0.29677929980987217,0.20279444231380506,0.26253728509857616,-0.20227478651150035,-0.0037014588824033634,-0.25687942749048936,0.5822213424725828,0.6621180984262657,-0.3776098077140735,0.22339036581395613,0.4511112764128134,-0.4243656660725883,0.7913217335583037,0.3942277183385264,-0.4401879500580507,0.6404860462296549,0.6659693926348303,0.6119954947232858,0.375734769429559,0.43711453401988026,0.5586662158601142,0.2695482405996365,-0.04144136875988038,0.4076445241003057,-0.0485725671069468,0.15504446695493937,0.012422021148160121,0.18529022144894877,-0.19121888985268684,0.5082384247918376,0.6406810115181983,-0.15387996920194133,0.4690473025400987,-0.20044675219503125,-0.3429521411726684,0.2344727319556509,0.46295156233559737,0.15083895823534835,-0.3570093918464326,-0.11793369209396289,0.2605995841776115,0.510200275075549,-0.04738910472880603,0.5148195894964124,-0.04025398746305767,0.5992703041913746,-0.0466754817343902,0.7308551128321578,0.2233866759466531,0.31172747990481225,0.44450292413518816,-0.2926108963772775,-0.2947984555055913,-0.15366866980677607,0.3276039888282354,0.5693740544572145,-0.32978157691903615,0.3067618128403765,0.24410885476415556,0.306619814242385,0.22318815603943976,-0.1189889495982336,0.6773211749575571,0.5274979535735377,0.03969564099719676,0.10502875748461021,-0.5289444137027354,0.32307946350459965,0.556280604795301,-0.2291802965726816,0.07931720301522138,0.3778440000783438
000876.SZ,-0.1140260503491241,0.0538678733027823,0.4646874749681708,-0.3828307730178544,-0.25274999131299525,0.2242328570497073,0.28381022094749775,-0.33395218841934343,-0.16770273835904184,-0.23825351683368665,-0.26440451151427713,-0.10885873239782866,1.0,0.2460138927451412,0.0709091116669706,0.08322897123980826,-0.30540986381330787,-0.0797008636843982,-0.18131043888746054,-0.3379168782294095,0.3671039204680593,0.2633877967747615,-0.20149538118682198,0.542926362164464,0.1741588049405811,0.11745240540098571,-0.27929713513291415,-0.18674317628736245,-0.04776299363595415,0.24746701572982988,-0.00820941697692553,0.2162276936758003,0.02601455604576523,-0.062013852939754234,0.41622083117140235,0.18148121871615522,-0.20652382735466443,-0.20992742463374647,0.5377322738146683,-0.22384622994369194,-0.1684819795242427,0.5748969006368052,-0.15225236991922483,-0.3418047403874873,0.2262769870072199,-0.20812360347508452,0.06691667727696848,-0.1828285181886942,-0.22891690313781862,0.20327759403741477,0.15277599697072675,0.12516366588677355,0.3718184916143352,0.11177790315802677,0.5623460110608554,0.21926937737681917,0.46745293312477937,-0.16667252601883695,0.24164979197638561,0.2092142461140238,-0.258290137617938,0.08998633453512285,-0.2275450546825308,0.24616163476011255,0.3317313025953403,-0.007734719345334586,-0.19299548788737841,-0.07540969402332202,0.1976403870668563,0.22686994795215734,-0.3700287147630508,-0.13895152409526323,0.14722128462476444,-0.2552116585845102,0.10634422262487986,-0.34695009106303093,0.3649135841422319,-0.23858421638145522,-0.21770353494611205,0.10989988129837347,-0.11457828685292916,0.08452139465686902,-0.015404730921401905,0.06439853422644959,-0.28095726179659264,-0.3724864155219512,0.26091804811298275,-0.015274138163685105,0.42725129064815753,-0.25116147786519205,-0.38978654562251785,0.4362204386621646,-0.1576504259073538,-0.24737578716512473,-0.09052271765862586,0.4281059920144059,0.39377170072706824,0.14880259543836274,-0.4371259057277133,0.5228430772418319,0.2570127079368986,-0.15925638429620007
000963.SZ,-0.6545173343152055,-0.412988025319581,0.7103944496888109,-0.6697779010267206,-0.4186235134460061,0.2114001236602702,0.19768484572375325,-0.6141197954051456,0.15172786206312347,-0.3725050585537811,-0.5313999179536192,-0.3399253084891587,0.2460138927451412,1.0,0.6080129482879738,0.6558694513965401,-0.3544086020006616,-0.013196629271007529,-0.4603960086927792,-0.4555400143424144,0.5849164275926976,0.46705767300895534,-0.6431966646811987,0.3748362194958002,0.42353729500291126,0.4318649820857183,0.07175212188847746,0.04225709826911855,-0.42840563591818137,0.5316279056620267,-0.4397192672526225,-0.1604624658505522,-0.5285548456547725,-0.165285614550297,0.2506624820560038,0.697137537775756,-0.15540639844503232,-0.5371537601030818,0.16416931075987815,-0.15729647043819314,-0.44071619882927543,0.5469459418389899,-0.16783609019211757,-0.6182487109323743,0.6987077113035873,-0.4733482623086433,0.08046954131859714,-0.7142235264301552,-0.28189947288834,-0.22760560152899836,0.33506108718273325,0.2550642794457619,0.3308815789440281,0.45325233205472565,0.6082353952535362,0.020237272271635215,0.3452335581180441,0.11251559085454665,0.4787792275781057,0.3059454019813581,-0.7273431760009883,0.31279429904716755,-0.6381797614644379,0.29133676528495434,0.14323131723091967,-0.530517887055386,-0.2746127557044713,0.23939362271882636,-0.1673099467100324,0.657037967422062,-0.7208562594741911,-0.5091878850433963,0.10686097850237915,0.12744466843151336,-0.007553998969597127,-0.3113954907506486,0.2801279787583037,-0.453891659436622,-0.8511953889795815,0.4543884993013237,-0.659386913313692,0.2738851394109822,0.06599686025909561,0.5368108698810725,-0.62074073326674,-0.3824387772247493,0.29412761911618684,-0.47973437272145536,-0.14871815496371174,-0.2821543312894986,-0.012570963484368347,0.4459945253106686,0.1460018244785438,-0.3350656010167313,0.17307497734233235,0.1902731489913261,0.732609775286917,-0.1890838973769907,-0.11454810161251439,0.5432679917575761,0.7005742512724659,-0.6772963129416532
002007.SZ,-0.1710915800597346,-0.12849499296135666,0.21221374771726928,-0.13763148149394097,0.22334642593351384,-0.11424868047112964,0.3008115452653085,-0.01941891968240299,0.5786497092543579,-0.14452455020558566,-0.060476759886224,0.25587219808975886,0.0709091116669706,0.6080129482879738,1.0,0.7342953437109242,0.22846868727212433,0.3298678062558796,0.18344560228678866,0.04564709139837925,0.4095165459186412,0.40123385035318876,-0.16002157340201437,0.3203549875752828,0.4199972154299239,0.08575581207444632,0.34005870941830657,0.3501994097569543,0.05184132640576155,0.22542789920193843,-0.11925780425829058,0.07814139070246251,-0.24960896555582315,-0.4205514531428474,0.18788922392287924,0.43842905653986297,0.16635432394367547,-0.08005814279400218,-0.19524734499158536,0.07087578022912648,0.007286614221407074,0.004320392385031661,0.43817565082718385,-0.1325926614836889,0.2702142008113341,0.17544663601152746,0.6469429064709038,-0.2709537206990131,-0.14628603305750768,-0.10851755427264964,0.48156366747306145,0.2636661041603357,0.09804650161376699,0.6686325525545885,0.38571336901459197,0.03470559922552091,0.20446707531024044,0.31388624840998564,0.1896172710898715,0.5821457864801748,-0.1560091005743729,0.07980027720112569,-0.11581124061098964,0.2535946131088635,-0.18841943248907725,-0.23467154168287338,-0.014544007537569547,0.41226468865347443,-0.4689694535078534,0.4758208779501867,-0.5122826430128936,-0.04495696987146947,0.024125691231265012,0.5365399874803525,0.12241697290546054,0.25565554566164106,0.1739125300193484,0.17079197680307515,-0.5883725670550445,0.6585351193041084,-0.17404056566024062,-0.011248539283147055,-0.23209233323213915,0.34186298967524587,-0.332316065155206,0.12105514063649887,-0.0541651765884471,-0.1328420664920037,-0.03821143420203151,0.07041402789175842,0.19794021387705527,0.15872087103008312,0.7044726125277663,0.16348239253652871,0.23511401291761003,0.103296631739352,0.14534086806574764,0.08160578135871956,0.3433591009624011,0.24663664899371887,0.6724895613163505,-0.23113737965436468
002027.SZ,-0.44061361475971816,-0.15161677110625302,0.3977037061166105,-0.35886676464876843,0.03821518551909243,0.18178416378599957,0.4252056179496205,-0.26802328847297935,0.712316058277599,-0.4126875776916726,-0.36099535773185804,0.1427284900190458,0.08322897123980826,0.6558694513965401,0.7342953437109242,1.0,-0.06569393872771141,0.3497659753896627,-0.00931987024781783,-0.3150091487609909,0.7776675286550317,0.5725715109503277,-0.5154094808361226,0.09551760500194667,0.34037233895846947,0.5320356424747207,0.6452972890740529,0.5555231514101718,-0.1523922160361507,0.6258125208530827,-0.41829601348048007,-0.11321983456841951,-0.47482593560229763,0.02040097807300699,0.23894746859233731,0.27706154417534484,0.20335112583977677,-0.3202904085347537,-0.026765903592054576,0.39581715992825517,-0.13272753510362295,0.3035421585161462,0.39504136338521595,-0.47637365679571664,0.22055068216498186,-0.2565964527487196,0.4479436074229212,-0.3745420027232506,0.006789454337636738,-0.03945684910736388,0.6694494110906563,0.6719454775837989,0.5259798529373976,0.8056958666181013,0.5174087604546977,-0.13313961226913543,0.5379268082070793,0.43335105842207106,0.5379761650303823,0.7460284201589557,-0.391714130570091,0.4633615991873632,-0.43721699963166255,-0.07955115710789001,0.045323486840254355,-0.5360218540187064,0.24037862799847043,0.28086572382621383,-0.11565663897136434,0.6085573069911011,-0.48901915632114684,-0.29122402748070547,0.19660927619315519,0.6065667410533023,-0.20984726708898113,0.1491413326928988,0.17760208370369437,0.04479918697287655,-0.5797399735176602,0.7768924770897906,-0.4968529370434415,0.4533242150941738,0.2857777968990299,0.5537344748684958,-0.4003212581743594,0.14587862540760252,0.41311238458234434,-0.450161020452076,-0.07650177814690699,-0.016185281337500263,0.4918712630587712,0.44538418731743584,0.5936076695978568,0.05232410355359929,0.38460285590036397,0.17103790803222407,0.40785870147122755,-0.03847139314936149,0.1834825548291129,0.4087529115086473,0.7425951365585314,-0.5323522169627258
002230.SZ,0.5634872508137231,0.2855494856447765,-0.6330199986983784,0.6588005898440941,0.7318120700726225,-0.6120378149808565,0.13671806739766115,0.7037075462252443,0.4320531795852536,0.5688861470309167,0.716089751172464,0.6971147546328117,-0.30540986381330787,-0.3544086020006616,0.22846868727212433,-0.06569393872771141,1.0,0.474327523967584,0.744919740649308,0.6576930603643164,-0.27284435289447956,0.06266383090671813,0.6417483195296046,-0.023795129166451906,0.13953500629125856,-0.562223897201746,0.22779565235605917,0.12231040861422572,0.4735920511426239,-0.4084367846707879,0.44226471906766723,0.17027155623069645,0.3044641018414374,-0.4023072374134467,-0.245632318248763,-0.1681071239193713,0.3135524250597111,0.5995943760081662,-0.5582843096825625,0.006873318943117897,0.5601191152725157,-0.7170935354187028,0.6355425820794085,0.624460665352079,-0.2666002557355193,0.7843915049814852,0.5851871978333495,0.5210063934899258,0.1776873853741423,0.003001159041314846,0.10896231658843201,-0.13808788602083896,-0.5290904281349808,0.18254931210595346,-0.32249025727993513,0.10142099508658857,-0.23463068877396734,0.23832039253865023,-0.31815964382482637,0.059772015910486,0.6699761578093648,-0.3722521035568495,0.6015487804865617,-0.08111691055653762,-0.439733229584724,0.33462219119956327,0.1977493955944788,0.17156427471837563,-0.576560525117681,-0.2010663541176492,0.33478466818935265,0.5579164262505453,-0.3006464818282784,0.37435635863528766,0.1356031129392074,0.6256897129249829,-0.3397711914250345,0.6386367248599327,0.22198152501358484,0.015695575958898866,0.5752840638579766,-0.5320531456655705,-0.4689916026692192,-0.14291460824265326,0.43400692642148075,0.5895404172977556,-0.6343339445204013,0.40816139084982517,0.0002431247816740307,0.48975761260670597,0.22445498012709156,-0.3389904547438572,0.5652744566769551,0.6576057211153725,-0.21502975890362908,-0.2611630292507929,-0.685239387833533,0.18243596975449491,0.6792427504687221,-0.4755618991956348,-0.10670934958040386,0.549156484955618
002241.SZ,0.05672637756533524,-0.03180767555217998,-0.20472947868369618,0.23135784734508946,0.39366108611694983,-0.21260204425815485,0.3843630207556845,0.44844933521724606,0.5351150924855251,0.1665367629012214,0.2696157090078239,0.49641754933904586,-0.0797008636843982,-0.013196629271007529,0.3298678062558796,0.3497659753896627,0.474327523967584,1.0,0.499236702065533,0.37824165699489876,0.3258334347093555,0.4659565479061243,0.2221371468785348,0.023564566039958244,0.08002032966815655,0.005070871956389962,0.5640160855350433,0.357365024308905,0.0691539596280767,0.22381498095506414,-0.11852725582866509,-0.15513358960162968,-0.18191014330667885,-0.12152689486288366,-0.12156405996843507,-0.1326080126367362,0.42659119463133505,0.13764152759888046,-0.4615423076779901,0.05194089458008725,0.19996852593429412,-0.194297537884263,0.55975146338171,0.14382058830943314,-0.21338193565149377,0.26532779425143843,0.3782722546610502,0.26898112846348193,0.35260248231026736,0.02173066713283824,0.48223868133934705,0.3301138001776563,-0.030460338052898217,0.5432448487090139,0.06501817809543069,0.051817948388709324,0.19854316319507637,0.2466197410945581,0.1381493770978742,0.41649607081298096,0.15260588315477366,-0.008688156495321961,0.08296427653660841,-0.27697724652807404,-0.230480242798066,-0.13800590985889258,0.22558416513037494,0.053377442637468776,-0.4187235511506128,0.09423593525948042,0.03432621012069615,0.0900409743220165,-0.3067949814878561,0.42512818825411464,-0.2405729523015054,0.35396867986659086,-0.23049590541666096,0.3491275748166391,-0.09357790434994406,0.24393824131651912,0.08100708522013776,-0.14423325970315334,0.017456210626065834,0.18981195708204238,0.053314912770405176,0.356384649789283,-0.12605302033356416,-0.09851881281421652,0.062275272221254695,0.45039776194323466,0.32628865440018934,-0.048876845021993666,0.5517523419667486,0.35150616942458096,-0.07109294232354198,-0.11890115982387496,-0.17347016465279153,0.0033947489843562293,0.5022334879165475,-0.17585382672546898,0.21367739672466654,0.03456627994134012
002304.SZ,0.667879328892671,0.44755736784801003,-0.5760493108521838,0.6753111393789663,0.7587772097650188,-0.42396481856248935,0.3095599906844669,0.6974121875992269,0.4274211394400497,0.28034301642389464,0.5951644140922787,0.8961051196313946,-0.18131043888746054,-0.4603960086927792,0.18344560228678866,-0.00931987024781783,0.744919740649308,0.499236702065533,1.0,0.5809514341530335,-0.07698348236743147,0.06984173053818575,0.5779916651660669,-0.082781200565786,-0.020652482231424362,-0.38062815832621455,0.3774953060818494,0.29806709718569574,0.5666566291559055,-0.27628125511179424,0.3725302501244913,0.2031164802252976,0.43089978237660564,-0.24526481641498968,-0.08625050285477036,-0.27930303948854257,0.5137910056135865,0.6854732776393729,-0.38158413983258294,0.17701259660351354,0.5435356977351209,-0.5892239639248185,0.7564369765507531,0.5698332213608309,-0.4343600513025149,0.7049660096423495,0.6176334101927604,0.6857929796413472,0.3174659305221804,0.2487668446966552,0.3497426883145496,0.1372852873279294,-0.19585972346884087,0.30959421996597425,-0.26590285556697507,0.14812175518625662,-0.15505442171479705,0.21326253937775388,-0.3837079036118334,0.4028338642085156,0.7510133205409892,-0.23146543671028538,0.6224276233352242,-0.21823875945751273,-0.3945028723872657,0.29193451325063974,0.49007233344042006,0.19686180294628744,-0.34630275420153894,-0.158218396610875,0.28937075809939533,0.5547251314739522,-0.13361574171260523,0.486434008060084,0.040572019190730974,0.6872906204181636,-0.1442349183330773,0.7827999583636417,0.34254974747687944,0.22056354147185728,0.5360141978838852,-0.34391602948433797,-0.3454158947448995,-0.1682581693321259,0.4536419450822762,0.6077842872529965,-0.39508193433520483,0.3611663793749266,0.19524319258288206,0.40709172241543107,0.16587869240185646,-0.2526315295686741,0.6258463906627709,0.6117131609959149,0.07253131308585382,-0.0017458546006329557,-0.6807836397115409,0.3139783377794921,0.6676317505607848,-0.35005158905657496,-0.008925350452834732,0.5491210880492029
