,000001.SZ,000002.SZ,000069.SZ,000157.SZ,000166.SZ,000338.SZ,000568.SZ,000625.SZ,000725.SZ,000768.SZ,000776.SZ,000858.SZ,000876.SZ,000963.SZ,002007.SZ,002027.SZ,002230.SZ,002241.SZ,002304.SZ,002460.SZ,002475.SZ,002555.SZ,002594.SZ,002714.SZ,002736.SZ,300033.SZ,300059.SZ,300122.SZ,600000.SH,600011.SH,600015.SH,600016.SH,600018.SH,600019.SH,600028.SH,600029.SH,600031.SH,600036.SH,600048.SH,600050.SH,600061.SH,600085.SH,600104.SH,600111.SH,600115.SH,600196.SH,600276.SH,600362.SH,600406.SH,600436.SH,600519.SH,600570.SH,600585.SH,600588.SH,600660.SH,600741.SH,600795.SH,600837.SH,600886.SH,600887.SH,600926.SH,601006.SH,601009.SH,601021.SH,601088.SH,601155.SH,601166.SH,601169.SH,601186.SH,601211.SH,601225.SH,601229.SH,601288.SH,601318.SH,601328.SH,601336.SH,601398.SH,601601.SH,601618.SH,601628.SH,601633.SH,601668.SH,601669.SH,601688.SH,601766.SH,601788.SH,601800.SH,601818.SH,601857.SH,601877.SH,601878.SH,601881.SH,601888.SH,601901.SH,601919.SH,601939.SH,601985.SH,601988.SH,601989.SH,601998.SH,603833.SH,603993.SH
000001.SZ,1.0,0.8136632470249344,0.78242438469553,0.31543397468363715,0.12880696181152207,0.21582685159059078,0.3421229238769659,0.38568080386273446,-0.06376101744897246,0.11903519403021502,0.4250982932951888,0.39822991410681907,0.5787771222198782,0.4272981816039936,0.24419482604416107,0.40845490787365524,-0.3787478044002614,-0.4265829118427282,0.14795247963633826,-0.5797444035954036,0.06758447515447863,0.19374800022775707,-0.08382684113300724,0.7017228187120729,0.1812466192578511,0.24048307424186102,0.17267794482812848,-0.6146896035151187,0.8089531542534477,-0.12630733086381155,0.8197030444308847,0.7912457219047228,-0.18668467231119493,0.02126173763059082,-0.18424799986658116,0.1629675901502511,0.2528131185988886,0.7884916319910366,0.7411279131413563,0.3944829366381255,0.26328475587582995,-0.09994465976532581,-0.08992325947022058,-0.6409861621450271,0.1978727381661379,-0.3490120321692733,0.30255430408650086,-0.3825369333715345,-0.27115420816361974,0.4205921479167421,0.15511652747950025,0.1353755316461867,0.8021454232120834,0.05419174569042742,-0.1729874864700389,-0.23991939500886442,0.22224769375831602,0.07894530631425996,0.266312717879254,0.047005514531614966,0.7628467818101208,-0.09122593269316269,0.7037299133804739,0.1284824132375132,-0.1076206919075502,0.8291153535752906,0.8689600488611996,0.751294975616851,-0.3800864480653585,0.1739909802140652,-0.22665062062526112,0.8161558525186514,0.633301126936169,0.5023331965842309,0.5432894495210057,0.473615299844984,0.6292916680576747,0.666188583906748,-0.27717211168289174,0.5149351702619542,-0.6727872041724514,0.42004031944502346,0.020717059630062623,0.12850348091646943,-0.3875807310596742,0.055221387631746464,-0.15396016477434823,0.8658655842149603,-0.4147721116736476,-0.12944244725933765,0.1498029998807591,0.3314541474261456,0.09879774764328797,0.46276395743176696,0.14892577627258086,0.7776434760218254,0.06061042270432989,0.7315438575798314,-0.2741995214544601,0.8426792863701175,0.45211634619680513,-0.0639697472907353
000002.SZ,0.8136632470249344,1.0,0.8301507244511934,0.45328308962708963,-0.058945939101188595,0.24168789756077033,0.2474513915547002,0.2683423486314898,-0.03186277535546473,0.2099441509857406,0.2800113317468491,0.3369345984660137,0.642542793134896,0.5817527054005346,0.46773245857779555,0.2335160986195318,-0.22282049436157916,-0.56930440738843,-0.055384851066882686,-0.6929678888659753,0.24149323488862492,0.340986584731128,0.035440886444063575,0.6295383792416587,-0.035761114454354224,0.009703077770172949,0.26603269683559644,-0.6508332991154565,0.830821467105483,-0.31888919474650357,0.7177530607852781,0.7734832547146473,-0.3976279302496817,-0.18454643149869876,-0.3396333668008462,0.03896715539986103,0.4359978876779967,0.6274068887075909,0.7811472895106565,0.3510059745669916,0.10675282748232356,-0.08489938457226226,-0.12581906962109568,-0.7146625202715784,0.05891595567403881,-0.16791729183184953,0.2858278559739165,-0.467427444162203,-0.38757865055212076,0.38259954363423754,0.05943718082188776,0.13284664727866677,0.8414001267240704,0.12421775034625426,-0.023640190827884253,-0.42381117207427815,0.1399062618880083,-0.164102111493551,0.03682197825219831,0.08015264577076095,0.6327319165474836,-0.2107739050742732,0.45681277487793265,0.04567205456494521,-0.31936973926380424,0.8299655922563361,0.6645069712596225,0.7188110542162823,-0.5337320394699828,-0.03775151156131408,-0.4292470089722162,0.7321758290287673,0.6161142155160771,0.5872962626094892,0.37922198078978653,0.3497801386278625,0.5652553709747491,0.6428390205165486,-0.46876904176867185,0.3372849704447755,-0.7185217532062155,0.3247667758356598,-0.024889714701801957,-0.06778392390734758,-0.5592405718799495,-0.1810161203333144,-0.2738671679782377,0.8103132418814059,-0.5467250473584704,-0.33958580629900376,-0.07469912527455104,0.14505160784701812,0.0846200030884409,0.378942802622289,-0.048263894752606055,0.7110103293166775,-0.20227959220496805,0.6089301037757826,-0.4464404689855718,0.7106685842645207,0.3731738706373227,-0.27087211430071667
000069.SZ,0.78242438469553,0.8301507244511934,1.0,0.23407752887405195,0.07488713425974329,0.32116420391461814,0.14004059440913091,0.35292127757297137,-0.12863407956770329,0.05390116971981626,0.36978718342463995,0.1667904427275251,0.506981589244787,0.39700837704667097,0.15668576743583937,0.26506080744242594,-0.3747561123129533,-0.3637446710764009,-0.11537954775515245,-0.600371704348725,0.013091308009893582,0.13073803263089243,-0.10809568507091001,0.6661956532104899,0.16448232040764377,0.12532929162125375,-0.056551703716774294,-0.607737744354847,0.6730398028922114,-0.1336931822079925,0.7310176381648765,0.6118880353191009,-0.19254114315915416,0.11895184379004764,-0.08488563463510651,0.2464813839527612,0.1816280994199804,0.6678930615158257,0.8891960309580162,0.19669368807304954,0.2993969944232123,-0.15947707043991446,-0.14443642843496216,-0.5577170700692747,0.2170791698513758,-0.3703150665252289,0.0827208288433778,-0.3170309754283537,-0.1958280003020946,0.24404581510999143,-0.09115564096476962,-0.008735854010368907,0.7383788365963909,-0.07251732988341657,-0.2741865184270062,-0.17142147845732017,0.18613637927880966,0.030582233384365498,0.23673252116374333,-0.06517231172805603,0.7696734671220935,-0.0035244621279065433,0.6326749916757063,0.24671122046187433,-0.060552383654564425,0.8942565116585098,0.756085994561774,0.740349251067189,-0.35641333754665067,0.14190480178285872,-0.15248611090122455,0.6530805506873529,0.6610002598062213,0.3926379890253342,0.5585637652626427,0.38761534835000105,0.6703761300053076,0.536138251247441,-0.19437512995996728,0.42698564897897157,-0.6129440510453883,0.5163855779811857,0.07636127048271713,0.07325540619059016,-0.34175160230263696,-0.047082502236923666,-0.07711158126295296,0.79590647701892,-0.3666024805496679,-0.028738241693620964,0.09128011237310123,0.24224702870173917,-0.06763393855102677,0.36804620018521866,0.16623141006664865,0.7903824048555245,0.03775132127316916,0.6466237345326388,-0.17200149736173428,0.7805384023050501,0.5581745427642154,-0.03731748239300115
000157.SZ,0.31543397468363715,0.45328308962708963,0.23407752887405195,1.0,-0.7091801675354219,0.4039990015771353,0.7142146363842218,-0.4950712324623545,0.5914983150600469,0.5517567955768946,-0.4410126492713881,0.7533337434248676,0.8433052460971576,0.43694776047812794,0.7090568997641858,0.47701410866885635,0.509287516313789,-0.3324920044627426,0.48515621686442617,-0.38317564674162624,0.8147933150281821,0.7554541735303865,0.49515382912399697,0.6205285291537562,-0.6531856293907141,-0.6832079595232846,0.7034015244524924,-0.0196778121016917,0.24569281041672944,-0.7639298546129646,0.22352773043675334,0.5993654138832795,-0.49596089216106015,-0.5456390093348039,-0.3379320827336522,-0.6650637524706767,0.9269102989191887,-0.07181250949008351,0.17250999360963526,0.38354312101290094,-0.5858050381114285,0.5658228089374367,0.40292562479723526,-0.32099129766770956,-0.6952820948601812,0.5102006451612292,0.6970073662551095,-0.012819984074358907,-0.4157867101138908,0.6892108743131455,0.6678777772268614,0.03455987595718374,0.44069341438573195,0.7983867394379711,0.7059685143602051,-0.26632915729653567,-0.6225475939494559,-0.721207064464244,-0.16064263331075226,0.7914091486939389,0.0740270022108913,-0.5881610356445569,-0.08517552319399609,-0.6404283652330317,-0.3081292142990492,0.3364784819384317,0.18073364200085032,0.011636277030338335,-0.33780987346948677,-0.5888715378914778,-0.3764593814415413,0.23071483520488947,-0.07990882297936273,0.7846309636138438,-0.27048585205968073,0.02876589649189359,-0.21795364082892413,0.593786735928713,-0.6732702489913566,-0.3779828283099735,-0.2651237707993493,-0.1514331006260901,-0.5608367387024543,-0.6901290817745428,-0.3078392728281604,-0.4896397539119303,-0.6163101662488853,0.3090991268210525,-0.2523688928836082,-0.2592734287394566,-0.6073850478357704,-0.5684648186088411,0.6994376265627616,-0.20255866325821018,-0.335922860766096,-0.00766846419306208,-0.5036870441945711,0.0926127602339724,-0.4430713272533517,0.17335215749040286,0.26247489387202483,-0.393344825516951
000166.SZ,0.12880696181152207,-0.058945939101188595,0.07488713425974329,-0.7091801675354219,1.0,-0.3452681263874619,-0.5912658992826787,0.5805857702504454,-0.5372811430740768,-0.4057767900728431,0.8547364844675457,-0.6395428220154561,-0.5570284462342054,-0.2627422691782644,-0.5237731272363262,-0.1934547932862742,-0.6209264208240427,0.14651169020273924,-0.35969459926928576,0.2783918036203182,-0.7098651857401744,-0.5616847048084604,-0.47364419280615166,-0.28878511026973647,0.9057888842980808,0.9566690397967146,-0.365122284643336,-0.17890454697541422,0.2765283028345771,0.8292337995530182,0.2938373188457785,-0.051867578615614175,0.5477386817380555,0.5411479468171914,0.32975339881363697,0.8022720351026602,-0.7457103746864973,0.5782734883994672,0.1523316795835671,-0.2461485612063888,0.8281913785837758,-0.6408199642505488,-0.5337734716837501,0.12196579896226456,0.7755758752716896,-0.6974934832726384,-0.6999188251051288,-0.1744714242838046,0.4811955865200251,-0.5611942850029087,-0.5903565973742771,0.29568685168895154,0.006244485405792324,-0.7071006582199337,-0.7652624907108572,0.13068676347231212,0.7406098311557273,0.937086173308051,0.3584632127067549,-0.6988620662728134,0.31260532653643225,0.670581724972325,0.46940650576533116,0.7672773957130149,0.29247661429750255,-0.027610500624300358,0.2855892167466874,0.4291592990934257,0.35723716356287283,0.8282317809696947,0.2771029845509796,0.3255761461833554,0.5123044685658164,-0.46057676874174747,0.6004450880328734,0.4292942560956075,0.5724957771165206,-0.21858268994713007,0.5804065999712944,0.816909317526587,-0.010563176770391933,0.41225865455133137,0.7329419551922866,0.9694474280395603,0.20653959478952685,0.7858784270727194,0.6502607635921368,0.17132764945293544,0.10868786384935669,0.23076291222195425,0.8996956659632592,0.9546597724135618,-0.5887980405241722,0.6962806064618596,0.3129144925616454,0.43088582800571085,0.6819472483829635,0.3837177737394906,0.3378876919022144,0.2881528186420881,-0.12063512889174732,0.366908003295274
000338.SZ,0.21582685159059078,0.24168789756077033,0.32116420391461814,0.4039990015771353,-0.3452681263874619,1.0,0.46391334672092494,-0.17352181736687922,0.3758279730602594,0.2051110268108224,-0.24565857327809248,0.27784474024791433,0.4384281145059587,-0.005754970086324894,-0.044266078252012696,0.194777443923117,-0.023009107081790714,0.1404007542672756,0.287535973320812,-0.16615538315934933,0.185836150854918,0.07210942712073969,-0.10257661939024572,0.5190064641622287,-0.22987196354400752,-0.2579251247855837,0.14694002351201127,-0.05881816595630885,0.006195134116314366,-0.37903548310193286,0.21526097217870319,0.33521745707632483,-0.02079625157644718,0.08582592020613644,0.2244090943312641,-0.08223962498583211,0.3712759598882344,0.030852339461765035,0.3665267811368956,0.05477023747056761,-0.20405816795004358,0.24599081992701555,0.47843200240638356,-0.03459200588100055,-0.1639634711548855,-0.021854682317171265,0.22189592374067443,0.21758988844058022,-0.3063008902566732,0.3533998532394414,0.2491564528488095,-0.47925758140352226,0.221933514490545,0.16574940806630414,0.22019064901530652,0.21126525068327506,-0.37394792176251657,-0.21683637209240234,0.2123605676444348,0.4343754574322429,0.2649452610966359,-0.13343026992750168,0.08650910950539233,-0.17184933357555163,0.18797135216973962,0.42404519191995577,0.353772814639999,0.19223039283316667,0.019765605489289118,-0.20418829534390193,0.12823074275810886,0.01045280484572574,-0.011013893132855135,0.3243339064880894,0.16714975180128042,0.12844590647015505,-0.03865921206477291,0.42915582555667964,-0.09075935955115493,-0.07981841107543415,-0.09504747310253765,0.40613387933810624,-0.30400776423453063,-0.42894896397125487,0.2135871584249914,-0.2590466972545193,-0.04306793832968647,0.22316734419020282,0.14471883500966054,0.28617912660924005,-0.24723003106246252,-0.25319105417709825,0.4100199176076558,-0.24084800331745795,-0.01056443704256503,0.11382914201985356,-0.041274453210034305,0.28943334902029355,0.00560313919318467,0.27158750559062944,0.6968850897830986,0.22780331502392628
000568.SZ,0.3421229238769659,0.2474513915547002,0.14004059440913091,0.7142146363842218,-0.5912658992826787,0.46391334672092494,1.0,-0.3900999336792401,0.5266182105428059,0.33285257682556546,-0.41768333802136287,0.871756926317568,0.6368594800152999,0.20220140087937657,0.3802364630776982,0.5167666398625101,0.36067692041300137,-0.12096556756771809,0.793194982969924,-0.2948465366413986,0.4709966774791432,0.5888106435313022,0.2716823257281582,0.625556840998608,-0.48272192891436716,-0.5175392629825069,0.4939186256301982,0.09985035296349463,0.0773986852416675,-0.5864515527206015,0.2044766375804424,0.4602607601484993,-0.23472812653400155,-0.32205845106046493,-0.04705912989432912,-0.47187202223571895,0.6043073873735468,-0.05161308960558136,0.11185808574323976,0.4372243965615095,-0.47401261072481277,0.5770993251875797,0.5590599629706795,-0.17316661027622718,-0.4610362734845519,0.35911674035592484,0.70734709287321,0.2211618173715063,-0.2644061521539693,0.8195746840451447,0.8343347173855128,-0.17059014477935722,0.1893174440915668,0.5829789619620324,0.5237752479590564,-0.029061204602617723,-0.5783299042193292,-0.49100044307716956,0.15639631307308496,0.6871772475782563,0.1787021544556381,-0.4339500542930037,0.14384444637650493,-0.5146408498590419,-0.005099574968285556,0.3529535896967946,0.3224559002324571,-0.035217293240922425,-0.21868520431101815,-0.33191223000295594,-0.06665685300054279,0.14424249391195285,-0.14096801152347369,0.5688853201636994,-0.0779639651806055,0.09771780691447195,-0.12797477883113842,0.5261748588923062,-0.3718239711425415,-0.30219284335323665,-0.14600918311267796,-0.008872189541096608,-0.5408221116281521,-0.5827102905860738,-0.14686887285304598,-0.34286132556275756,-0.4280142606964652,0.2406440166213221,0.0805413864813417,-0.04202367434956108,-0.4959728097960483,-0.4831152379718982,0.7343364659373689,-0.3029726951440016,-0.03817776716156418,0.07702569862397858,-0.3069054233948431,0.13920394929206586,-0.2533024168598501,0.1832839581639347,0.3607057127822883,-0.15150388969066148
000625.SZ,0.38568080386273446,0.2683423486314898,0.35292127757297137,-0.4950712324623545,0.5805857702504454,-0.17352181736687922,-0.3900999336792401,1.0,-0.4495557590619561,-0.18789436011978136,0.6773375284618819,-0.36241006987179664,-0.25806088545396905,0.019900467741639834,-0.3748844381159096,-0.22031398321703963,-0.6981801301226226,-0.04982331471056325,-0.44258067409290386,-0.03512515819081851,-0.5047735802755181,-0.48433192813774223,-0.2478229280538016,0.0669872833790718,0.5504766785434823,0.5945383570675005,-0.48589144245327504,-0.46573557164125545,0.37496882129168746,0.5416588393887125,0.3199374361743976,0.05748904439440167,0.13351273374919104,0.4271194937906733,0.0775293263913756,0.5660282073073845,-0.44967361746364426,0.5637582341925813,0.42870373634097564,-0.04379155243997653,0.6661777049970845,-0.7022730423490345,-0.28824766084961045,-0.20815346785327185,0.5841019909858659,-0.6548619901014019,-0.39181134989943817,-0.329410385813139,0.09429769921281554,-0.2842293932279201,-0.5116839196615103,0.04643791583199205,0.24189039167940687,-0.5539966563449337,-0.6241818128149437,0.02190341757700595,0.8015291293639955,0.5394996573216669,0.34706256496368576,-0.6474447593841086,0.5583106710440706,0.35686334305491285,0.5596366925268951,0.48916095558675,0.09968416556112313,0.3356769548082839,0.3657443412323164,0.4121849075232428,-0.2786887883623266,0.49328086006074373,0.030174406836791196,0.3664797730101,0.512806911705931,-0.2936662893123341,0.5637660337661333,0.13806420406662467,0.5758201215988477,-0.11336594228171236,0.13355993121927615,0.5526452199938962,-0.13181926218345782,0.2982048093217568,0.3866371482031358,0.6155165280653545,-0.2166234200488405,0.18360092268780004,0.14590357328145276,0.3194072137415208,-0.2486961425547114,0.11281665655685409,0.42543149992527735,0.6171218418517945,-0.5717868368209988,0.4177332182941003,0.37447230028045314,0.5386922721493255,0.331705367094443,0.46984724300338715,-0.03301940689099992,0.342550546517763,0.13341623906278663,0.1912562265760306
000725.SZ,-0.06376101744897246,-0.03186277535546473,-0.12863407956770329,0.5914983150600469,-0.5372811430740768,0.3758279730602594,0.5266182105428059,-0.4495557590619561,1.0,0.36794497646177166,-0.48598453931521496,0.5306357881076059,0.38675844444296986,0.12598434774591863,0.2230001946902139,0.12249761128536558,0.5087001579617451,0.1297106428031892,0.3585582675504082,0.07247062709146213,0.5380920278183049,0.41096532651222767,0.2403429657482825,0.2505891375519678,-0.456998456387295,-0.5150727470732214,0.4471445489850718,0.28274782192595777,-0.18459644079286242,-0.43779633098125675,0.03806155511405609,0.25277107250923736,-0.03944937191267867,-0.20471462111648106,0.08542577445776574,-0.5474248989474823,0.5153199951571398,-0.3424742369640213,-0.1180103793372244,0.5371246837300717,-0.3664940794572305,0.42666224941285735,0.6853557155831566,0.07069588494949379,-0.5632908437777177,0.3591636646797111,0.5126208569179512,0.2979721316197668,-0.18818947783547135,0.3872223003495782,0.48872219577958437,-0.1315016077681377,-0.032448759846228664,0.5896222619476604,0.5571455116456335,0.1645457116443851,-0.49943787804115775,-0.43719362303595255,-0.050284910590910066,0.7452602307265771,-0.19212438650191477,-0.20477722869042356,-0.2688381594329987,-0.6121839533957855,0.0545011138426425,0.03908068579118917,-0.01699585952838643,-0.15876910127981406,0.07630160577961635,-0.4706525270245185,0.056147988494512246,-0.17449181274235837,-0.19482092859090402,0.5427051437802258,-0.15247916884531323,0.012201953471530294,-0.378518378690938,0.3355870207903721,-0.3315230468024131,-0.49139131751029597,0.14199636954185216,0.08302463428143107,-0.5206832671276641,-0.47321598459348085,0.2085331519738454,-0.3897251715028549,-0.28871351643115056,0.020498999769771126,0.2357772369792158,0.004985067949008981,-0.46516218923940006,-0.5145455256117771,0.485286661453046,-0.3463376880467757,-0.21500267224370637,-0.27471944762139916,-0.2219157196652872,-0.043345089328057064,-0.20925076849667576,-0.04184542822595411,0.1760434065466194,-0.14387496980346437
000768.SZ,0.11903519403021502,0.2099441509857406,0.05390116971981626,0.5517567955768946,-0.4057767900728431,0.2051110268108224,0.33285257682556546,-0.18789436011978136,0.36794497646177166,1.0,-0.271277348320294,0.41988816246602295,0.5041970166753904,0.3150198845293583,0.5011794544790615,0.31513229403543924,0.4242197187569248,-0.29577084210390664,0.3323086471845608,-0.11101343625497632,0.5595559605694653,0.4748558180503059,0.42595527258105076,0.3036177305220215,-0.41978497665459025,-0.4228302970248042,0.5177523032807131,0.14368077999492468,0.07656503804715896,-0.3750811871078063,0.005115644897255084,0.32280748309302715,-0.40279443572443957,-0.5248973885924885,-0.5057295830792382,-0.5029173969670188,0.5648680098512969,-0.10166154076142024,0.06258338247233947,0.12252375259420221,-0.4521835640647302,0.23930235681114764,0.09552694639533021,-0.07330260798666483,-0.5330045219675971,0.3926770481366532,0.42263132785304175,-0.2973613134581775,-0.18332785674972293,0.5063796176765595,0.4781572638707466,0.25205355415555436,0.25344366588976247,0.5860470027435242,0.5451589243612495,-0.21292533579869674,-0.275764609041727,-0.4754243800180116,-0.031026650221029184,0.40570953874000404,-0.10515381569964066,-0.524746243318206,-0.16736481479184184,-0.4581143882924729,-0.3624855181091451,0.03461866596366423,-0.0393478380964092,-0.11123231870587257,-0.4040671586842224,-0.3719508697074097,-0.44010700149093696,0.11329099033628968,-0.1334379539820362,0.425338237468744,-0.33131485278528594,-0.17051550400968998,-0.3429140530921626,0.27802438538176233,-0.672612861946897,-0.23083707986725252,0.01708455975741104,-0.35187157599087815,-0.3366526910828876,-0.3535768146709927,-0.3705704996041921,-0.36811302273524427,-0.6236253706333306,0.06486682987169153,-0.41513086238007474,-0.16503332205225327,-0.4499308315743824,-0.31836514035175767,0.3400529144035342,-0.019739904300300305,-0.3955018761098384,-0.1745382274614392,-0.28903458329572,-0.014555998179617287,-0.24259491206763414,-0.06960520897079264,0.021808678999277926,-0.4434124529108601
000776.SZ,0.4250982932951888,0.2800113317468491,0.36978718342463995,-0.4410126492713881,0.8547364844675457,-0.24565857327809248,-0.41768333802136287,0.6773375284618819,-0.48598453931521496,-0.271277348320294,1.0,-0.45316499901246554,-0.2491487594845229,-0.08049972631735722,-0.2936755570905197,0.033636791813195184,-0.6557174019264062,-0.032532248369475776,-0.2630100889464706,0.07432173724364698,-0.514616172100915,-0.3658309833058852,-0.29802429788332185,0.012311992380671127,0.7773395845646252,0.8404736959578866,-0.30484363110957696,-0.3399058246657347,0.5443640846293332,0.7336685830166664,0.47568247159355553,0.20931302810233654,0.33172941913500503,0.426884506934382,0.18252338835506196,0.7011363382962839,-0.49461699611061677,0.7574720780935835,0.416865384233231,-0.07624500371359587,0.8204160582522252,-0.6176555547814715,-0.5321919899391613,-0.060504293152964926,0.6805558883443562,-0.6785442704851244,-0.5506417404177605,-0.3164545949873731,0.3582580549934942,-0.2984982202594312,-0.49881925361202567,0.40965322434095763,0.30226700521648603,-0.532986045983646,-0.7175390355133889,0.033200069456162704,0.7590761186919582,0.7724802842064996,0.3847877183093123,-0.6257852522463577,0.5373867483844389,0.5522075630518347,0.6895981797084442,0.6675757212252155,0.15103018611726168,0.25958068823024766,0.5003908640624086,0.5629273545948593,0.0970997970909907,0.7346904279413237,0.10359597662912196,0.5590069321323426,0.6388809637846337,-0.2628688439582308,0.654309311620131,0.4316284709402795,0.7158562940441092,-0.06264207815967165,0.33127483222742715,0.8349457310060524,-0.1881632986396319,0.41792923217895467,0.5915568233787155,0.8684764762453625,-0.011773207647546885,0.6502579267747396,0.39802140829130067,0.36689907082399337,-0.1050037482287021,0.16419032373899378,0.7779067374476041,0.8929469192440235,-0.4977407037381066,0.6759053441927354,0.35703545378393287,0.6457737725629055,0.5728335476313542,0.5886833960544257,0.18307533321185696,0.4621283282523028,0.011642895874439096,0.27177512979708274
000858.SZ,0.39822991410681907,0.3369345984660137,0.1667904427275251,0.7533337434248676,-0.6395428220154561,0.27784474024791433,0.871756926317568,-0.36241006987179664,0.5306357881076059,0.41988816246602295,-0.45316499901246554,1.0,0.696598965046414,0.4760619523633756,0.5460585727831612,0.5202500283184642,0.4770140219134724,-0.3863541439398026,0.6650146428687854,-0.5229329057312545,0.5698927245862067,0.6696326973791392,0.27160731310961955,0.5509202786937312,-0.5363872852300394,-0.5581657689491156,0.6226917381920426,-0.04922616696916451,0.19896631229390419,-0.6428559556002484,0.24661330650457147,0.5500297608836666,-0.46490225210413527,-0.5009774731045152,-0.26100880390262976,-0.5966124646611808,0.68842114826349,-0.09056514758505434,0.062166617863307856,0.5939030510662034,-0.5514014187986429,0.642303463175638,0.43297965973549957,-0.4137082632061478,-0.5232830381176143,0.426192987592167,0.9163184658968281,0.02391298368268556,-0.45130197201272987,0.8443215500999854,0.8818093383356436,-0.010898997096434812,0.29573749460953574,0.7024845649382083,0.5594791067101782,-0.2329064249596647,-0.504727524049985,-0.5962616549264823,-0.04885027078351864,0.7048372627683719,0.04873212035066122,-0.5837675779048267,0.03408093604949173,-0.5735492866897177,-0.25585444636144233,0.33457487749312514,0.21197158214986578,0.005412852531087124,-0.3504066837426814,-0.4190270150529009,-0.29802057384864084,0.21147953903329597,-0.13788142160447983,0.7525536075656633,-0.18550710114988278,0.05279388297462468,-0.20771235784386963,0.6576693958926056,-0.5153643938980484,-0.3254514025911965,-0.2989715040764963,-0.12803389570702048,-0.61457801265391,-0.5905041646902123,-0.3119159508391672,-0.38137529820017674,-0.5318446297988126,0.3106234863601327,-0.12880121179702317,-0.3228102478372336,-0.5377852478056763,-0.49558435133703993,0.7232249673066988,-0.21060938479536725,-0.2608783804366323,0.008232671537249532,-0.446249720708677,0.05776219592902019,-0.3706702780801916,0.2500379352433326,0.2513170501924737,-0.38307501084470924
000876.SZ,0.5787771222198782,0.642542793134896,0.506981589244787,0.8433052460971576,-0.5570284462342054,0.4384281145059587,0.6368594800152999,-0.25806088545396905,0.38675844444296986,0.5041970166753904,-0.2491487594845229,0.696598965046414,1.0,0.5529593155109898,0.6130676442676526,0.5268795349431271,0.298702666483973,-0.5169847989354834,0.38729250488602,-0.6094187312787542,0.6313721676058995,0.6404049041986215,0.3330776676039391,0.8146946152471458,-0.47177328439187644,-0.5236017518753043,0.5872578916968841,-0.28806552600750157,0.4038580058832261,-0.7064352201349315,0.4181297749426356,0.7073780952278786,-0.5729026240697114,-0.5101221267111429,-0.45890956683610096,-0.4432479451566514,0.8088591223022145,0.17409703705751592,0.4490540462768688,0.3921439276200766,-0.45619345281527873,0.47220553491161565,0.21485291078904412,-0.509570490761364,-0.4661187781445742,0.3435223636685119,0.6470495046493895,-0.20233867132633931,-0.47644967913612796,0.680478707274003,0.5886114729570217,0.06966627473845856,0.6574212588348406,0.6779357405326122,0.5456729150682792,-0.35283263477017424,-0.45662615529060063,-0.6050347711322714,-0.012983852845737857,0.634157934765239,0.31318792563259273,-0.608066084867927,0.1193232427790842,-0.4178992763933295,-0.37071978851173165,0.571391355446038,0.41797197237920386,0.24848666338498263,-0.4928397576981691,-0.4223092116042915,-0.46885020713966913,0.4222606181137258,0.08841402702040975,0.7395320172750272,-0.09399736881482991,0.1275515291606977,-0.002952214040316046,0.7281768954703831,-0.6759259996754631,-0.1574941692156236,-0.4843755444954699,-0.04560207522912683,-0.48797867039875853,-0.5603311437509054,-0.4683010489473518,-0.4382942009946544,-0.5946979328660565,0.5110859822348681,-0.4679646264466704,-0.26500417568476514,-0.5083488120760248,-0.38107592995659,0.6201703577317347,-0.0381835580770585,-0.2641022476614977,0.22769015812068502,-0.4319105585677956,0.26038770228831026,-0.48088001406474,0.43845023115622106,0.44162156666574287,-0.2858357994862863
000963.SZ,0.4272981816039936,0.5817527054005346,0.39700837704667097,0.43694776047812794,-0.2627422691782644,-0.005754970086324894,0.20220140087937657,0.019900467741639834,0.12598434774591863,0.3150198845293583,-0.08049972631735722,0.4760619523633756,0.5529593155109898,1.0,0.5620249872679416,0.16320526004166977,0.18976870810507485,-0.7816330273437608,-0.007244864937101826,-0.6740119970277355,0.32534751614937907,0.39396150325814844,0.13787343923782505,0.3148655421550407,-0.28869858596666953,-0.20485188600658902,0.5385671642332776,-0.3944092048246603,0.4629183060998761,-0.4549314032729894,0.3317813562429061,0.5122586449213026,-0.6229449866206213,-0.5364512561464301,-0.5536118976607659,-0.30609895601067055,0.4744918570137304,0.19539651763324906,0.204557110848004,0.4423475113962496,-0.2973421984305498,0.18010608753565735,-0.15154988423812923,-0.6494745757257728,-0.17803416944869555,0.19950492920563748,0.5647127053133923,-0.5863906460399438,-0.5132148633375683,0.39882209060511725,0.3053734867589994,0.3029684681867202,0.5598615185906908,0.41406018732279554,0.22478511430168877,-0.511166424177255,-0.06616057750381986,-0.4234491862123233,-0.33996224494182187,0.21540012047095683,0.08820346782501194,-0.540517630227335,-0.04031042024471047,-0.2666498896963159,-0.6368955253611107,0.29721940940368424,0.1382972871532914,0.36249629019373497,-0.606759785632647,-0.29936704162719885,-0.6956175244931581,0.3596623465514091,0.17535405079200625,0.6171121226929562,-0.1047601659264303,0.10280583695056424,0.01124232508965991,0.6368982164491158,-0.5920346968718072,-0.0034902911883548707,-0.5206296310493057,-0.14315538028680516,-0.16863435756826306,-0.20232693650459224,-0.6574022676971144,-0.34704312070931137,-0.42587295261908825,0.47044460887817463,-0.6331850268833277,-0.7066161701972692,-0.2773383721077887,-0.11577241732353634,0.22851213377354748,0.29674791391181266,-0.5382178655087331,0.13100027781365572,-0.6271985287290158,0.05472457847076894,-0.6717474408228985,0.338245698983745,0.08752171490708359,-0.6296291888303577
002007.SZ,0.24419482604416107,0.46773245857779555,0.15668576743583937,0.7090568997641858,-0.5237731272363262,-0.044266078252012696,0.3802364630776982,-0.3748844381159096,0.2230001946902139,0.5011794544790615,-0.2936755570905197,0.5460585727831612,0.6130676442676526,0.5620249872679416,1.0,0.4731258890334174,0.5031978290091031,-0.533510277225968,0.2973170369014337,-0.46494953748529344,0.7235973899790823,0.761899976891037,0.5454234540964978,0.3078649383672752,-0.563544915533522,-0.5295116409028521,0.6112021775114395,-0.08308908026805283,0.4095520990039668,-0.6044129959656667,0.10284605999998724,0.47696150904341805,-0.5856514894240823,-0.6737415257384544,-0.6328939690157775,-0.5530919798365929,0.7179322543512191,-0.027059363229473447,0.017862193723793808,0.2882246242017426,-0.5115252055609276,0.43678285549932344,0.03470792848351332,-0.42867027355631393,-0.5144991138623775,0.5315650970766375,0.5703837073929984,-0.28231540595191,-0.39620663688588426,0.549399192583081,0.491228993180336,0.45548390789408005,0.4323420415858931,0.6334356336433192,0.5445022810084987,-0.4850107503289955,-0.3628975022064391,-0.6372428240531113,-0.31950369754794067,0.46896093216809853,-0.14024201547439233,-0.5958649659429449,-0.2392651141623684,-0.4844169332686415,-0.5860211537905905,0.09668974298617511,-0.04528314048343494,-0.011665369202678516,-0.47334123094060826,-0.470300335962641,-0.6314893345959756,0.2833003818793998,-0.09040877196431858,0.6170458109235119,-0.41120904071308445,-0.008626373052365688,-0.1898159009558846,0.3532975685157078,-0.6719681870650437,-0.2457123104702985,-0.3574313519615276,-0.41813855058787647,-0.4257655022250006,-0.4845434554340851,-0.5347615444835546,-0.3512439617118855,-0.6057985779531686,0.18934647965777815,-0.48929142095687256,-0.5673776699105663,-0.4822711421677719,-0.4132772429842258,0.4453987156529971,-0.014522675990744027,-0.41642440767221434,-0.06752479034171734,-0.5602306906838611,-0.04284926502455403,-0.48166434718593115,0.04809617064109004,-0.12374444541028877,-0.6034192940743281
002027.SZ,0.40845490787365524,0.2335160986195318,0.26506080744242594,0.47701410866885635,-0.1934547932862742,0.194777443923117,0.5167666398625101,-0.22031398321703963,0.12249761128536558,0.31513229403543924,0.033636791813195184,0.5202500283184642,0.5268795349431271,0.16320526004166977,0.4731258890334174,1.0,0.24818649262483908,-0.11849727748459495,0.6575271259423959,-0.25858119245304473,0.401301547267977,0.5059134576647334,0.23210747916087926,0.5582304878904404,-0.0709367041283301,-0.2114342579884847,0.2784311027969337,0.12619352237070522,0.31168616523505716,-0.1408615223098689,0.25170561050155693,0.4674677387060812,-0.08532607065856584,-0.10862525993972329,-0.08859298696185176,-0.1563481917950176,0.3776035977286283,0.23554787295631643,0.18095149509388378,0.09598337135069053,-0.16431847438277628,0.4492079488485305,0.09966427904875945,-0.13699467464743295,-0.21782247525964168,0.13936209940884006,0.3453433636884757,0.11970065238850092,0.014992713218876895,0.5736199746663894,0.5932901487613343,0.3986339313442411,0.2722718690323471,0.38043173685409903,0.17020763194007058,0.026541911464043166,-0.24646930118616228,-0.1433787817842423,0.2962172516076383,0.36855553311132927,0.19871877618003456,-0.17649045911753047,0.31700318419312445,-0.10785203003869236,0.0384487410671405,0.21376455825605278,0.30143141242287075,0.06363291794261634,-0.04022093299040918,0.04091382375108765,-0.03245388249631825,0.36741359027000414,-0.024458789492143463,0.341827668984479,-0.02648772939865285,0.1712245209355893,0.0011701184292845779,0.29355237227800224,-0.11158239203825365,0.0524924221313946,-0.1771768816856194,-0.08567867325972127,-0.36386695346397796,-0.17597279702015442,-0.04112415635542349,0.13178261107477557,-0.23029395765541727,0.2461932203538385,0.012578795479591925,0.019505172739221577,-0.04948414897528577,-0.08140732034695397,0.4904873380279779,-0.01858215516743474,0.10866250320242898,0.1659273806717241,0.059645362948121734,0.2561137888500318,0.07934795462019702,0.32997044107999024,0.2719066866440523,-0.022557772868939646
002230.SZ,-0.3787478044002614,-0.22282049436157916,-0.3747561123129533,0.509287516313789,-0.6209264208240427,-0.023009107081790714,0.36067692041300137,-0.6981801301226226,0.5087001579617451,0.4242197187569248,-0.6557174019264062,0.4770140219134724,0.298702666483973,0.18976870810507485,0.5031978290091031,0.24818649262483908,1.0,-0.18913999476511098,0.4168953974103513,-0.08300334510450393,0.6908730734851857,0.6666013034091058,0.45140195702519864,0.002121367483566894,-0.6366571038066012,-0.694189168672314,0.5756228029177558,0.39216919220290997,-0.3262425983325509,-0.5137507345378655,-0.37267899993410064,0.01473414899423689,-0.4494709179671456,-0.6597078492451646,-0.3573339800263522,-0.6993215009108597,0.5466588168041336,-0.5916578149901085,-0.4176669116616429,0.2139110769880732,-0.7027316168479792,0.6290714587224592,0.2291909166230648,0.13501189197947383,-0.6554681530081429,0.7498725946201397,0.5241578692276355,0.16692337010643155,-0.08899177124235219,0.4341081104544478,0.6305176187546241,0.20947796884488482,-0.21864459958528193,0.7475176092202799,0.6387446899852208,-0.2343028683935784,-0.5952113159333762,-0.6377989549980699,-0.3089024330766989,0.6073020771001061,-0.5656762361165496,-0.5565338467761137,-0.5782640439262133,-0.5916363751993069,-0.36670258767787467,-0.3841486198573978,-0.5285536440361459,-0.5145512956412789,-0.07714420528107861,-0.511782576945434,-0.2998707229271104,-0.3173324570713593,-0.5279932477296627,0.3538247696440487,-0.6936167453735363,-0.2573934157998603,-0.6635183036249935,0.0757436777033292,-0.39571234516761056,-0.6206327133177195,0.07001701613554726,-0.536183108544126,-0.5519148955014764,-0.591567598386857,-0.11635425957078378,-0.30154391177756096,-0.458566216265857,-0.30975641119352065,-0.036045308206945424,-0.3183192561017833,-0.5620841382358251,-0.623483723477076,0.5751839536969482,-0.3911039407725477,-0.3943704734959906,-0.5739740433909527,-0.46151446717279404,-0.5026661409521905,-0.1926289397674533,-0.39832531499316626,-0.32689280240364343,-0.4586031662553844
002241.SZ,-0.4265829118427282,-0.56930440738843,-0.3637446710764009,-0.3324920044627426,0.14651169020273924,0.1404007542672756,-0.12096556756771809,-0.04982331471056325,0.1297106428031892,-0.29577084210390664,-0.032532248369475776,-0.3863541439398026,-0.5169847989354834,-0.7816330273437608,-0.533510277225968,-0.11849727748459495,-0.18913999476511098,1.0,0.011539380256386398,0.743630128442217,-0.1752469922219542,-0.4038844852188375,-0.06968706889159912,-0.30737785484211383,0.2522306207127821,0.1191129858769535,-0.524307199020701,0.5624283715803318,-0.4786178552120481,0.4028741351824141,-0.30832547462800947,-0.4656993496421317,0.7508313278354116,0.6831139968199383,0.714102493343967,0.238276001471162,-0.37505680017172294,-0.1926185029573575,-0.26250927825788267,-0.35373681611283847,0.25336064428677646,-0.17599328957445662,0.44387509127321395,0.6383480511204057,0.06702277080200393,-0.26974244704342215,-0.4799636322699068,0.7408734343009612,0.4135611492615272,-0.35532415394449407,-0.2860409096677737,-0.39729729262651253,-0.5686057104842818,-0.37866312660686136,-0.19515573710336898,0.794251605072034,0.00246254493634041,0.3838936771238753,0.35409118428017233,-0.11557749901215113,-0.15517851346448905,0.6161765843831076,-0.034880539012096104,0.10804000987124573,0.7601188151022303,-0.30585977626215893,-0.1491664676491309,-0.2977200367416933,0.6329862405827266,0.22128427617371282,0.791873633111022,-0.43305428647227023,-0.207924495436162,-0.4557715551237673,0.13711272977794958,-0.08119509806378011,-0.10502722196562181,-0.5276297361984721,0.6204679412753767,-0.10140575847286189,0.7014690543066792,0.2423700321448924,0.03933845408569669,0.10806219230284553,0.8183200468233741,0.2093176809271211,0.4367218973237084,-0.4275970128863506,0.810593425429932,0.7326785821378033,0.2122693822375666,0.028009005772882706,-0.16872521699793228,-0.42496671815646087,0.5564564913009837,-0.22349500298354197,0.5547349811941119,-0.02871628037076629,0.6410243119508215,-0.3082311649092413,0.028415887633322878,0.661440191441157
002304.SZ,0.14795247963633826,-0.055384851066882686,-0.11537954775515245,0.48515621686442617,-0.35969459926928576,0.287535973320812,0.793194982969924,-0.44258067409290386,0.3585582675504082,0.3323086471845608,-0.2630100889464706,0.6650146428687854,0.38729250488602,-0.007244864937101826,0.2973170369014337,0.6575271259423959,0.4168953974103513,0.011539380256386398,1.0,-0.07539977412957748,0.37849201182020914,0.520762698255807,0.28392011860206984,0.3942930305272599,-0.31319709628618103,-0.3241324386907447,0.4524449643320491,0.3230859766668232,-0.06597359697933798,-0.2990216067330482,0.016545758324444822,0.2859135311612814,-0.07218963382862621,-0.2785195142318992,-0.03391882244691275,-0.3603125558226416,0.37983765558921206,-0.09376437045607205,-0.12247286426926705,0.26336291868423806,-0.3916989550639008,0.5998670232501718,0.402589756019532,0.09942925361658127,-0.36356114798927935,0.41185647122478725,0.4986308348250525,0.249347229625658,0.002175423844364272,0.7429307435005473,0.8219449769306961,0.14261256680638723,-0.0704179253288728,0.4721593458051951,0.42649474023983674,0.09830333505258958,-0.4970373982216146,-0.29884952856987596,0.15431339762639465,0.5193636588597459,-0.005167035080303917,-0.31663518475357594,0.09792914878830368,-0.36455811892008966,0.03587206006400987,0.011176633651721278,0.13451961386860053,-0.20812405237096196,0.05786419453190204,-0.15221689180572465,0.009251905538345241,0.08594862963723891,-0.2740262580593318,0.29739841678277396,-0.20693720603683033,0.10827804345489211,-0.21786160908311272,0.28438567734596293,-0.16529911389294275,-0.1724610701567764,0.10068645075452158,-0.12825153771528067,-0.4255895129758882,-0.36627913851232297,0.05540027540583537,0.03823113704848661,-0.2792166789121308,-0.023129711713910765,0.18940398883492612,0.025076181981884483,-0.23147546961498852,-0.2861470676450961,0.6537066532485706,-0.2463441049117837,0.022086104242813154,-0.0705618843211414,-0.09636875133773276,0.0036581187445389103,0.039210762918836926,0.0010341876837323312,0.15459265869472583,-0.0875726991753154
