,000001.SZ,000002.SZ,000069.SZ,000157.SZ,000166.SZ,000338.SZ,000568.SZ,000625.SZ,000725.SZ,000768.SZ,000776.SZ,000858.SZ,000876.SZ,000963.SZ,002007.SZ,002027.SZ,002230.SZ,002241.SZ,002304.SZ,002460.SZ,002475.SZ,002555.SZ,002594.SZ,002714.SZ,002736.SZ,300033.SZ,300059.SZ,300122.SZ,600000.SH,600011.SH,600015.SH,600016.SH,600018.SH,600019.SH,600028.SH,600029.SH,600031.SH,600036.SH,600048.SH,600050.SH,600061.SH,600085.SH,600104.SH,600111.SH,600115.SH,600196.SH,600276.SH,600362.SH,600406.SH,600436.SH,600519.SH,600570.SH,600585.SH,600588.SH,600660.SH,600741.SH,600795.SH,600837.SH,600886.SH,600887.SH,600926.SH,601006.SH,601009.SH,601021.SH,601088.SH,601155.SH,601166.SH,601169.SH,601186.SH,601211.SH,601225.SH,601229.SH,601288.SH,601318.SH,601328.SH,601336.SH,601398.SH,601601.SH,601618.SH,601628.SH,601633.SH,601668.SH,601669.SH,601688.SH,601766.SH,601788.SH,601800.SH,601818.SH,601857.SH,601877.SH,601878.SH,601881.SH,601888.SH,601901.SH,601919.SH,601939.SH,601985.SH,601988.SH,601989.SH,601998.SH,603833.SH,603993.SH
000001.SZ,1.0,0.917503987728689,0.8918733280305138,0.7732743011052765,0.753954785893341,-0.31530668901943454,0.8409844724655581,0.5502059127351108,0.5779116174222007,-0.56377475290301,-0.600078153404796,0.8786939951731765,0.7770072421041117,0.792748471769677,0.12263453012409319,0.818209669072207,0.601717024484253,0.6580961570655351,0.6886906624360544,-0.6271588843538206,0.7717258132354581,0.730044286301028,-0.02512706916448702,0.8153577114265147,-0.034182286557434244,0.7373140967096182,-0.06604245973825888,0.6540666080726772,0.804993127066619,0.6012024383679407,0.7916028442540858,0.7961876026037168,0.5034528940349263,0.28957493381228905,0.723982357909545,0.483056367050821,0.16985739634063013,0.886855725184243,0.8997570145240906,0.6655489203735487,0.6250352491602519,0.42002007085212395,0.6876881996236279,-0.6919535078526416,0.5500561119160651,-0.2794767517115534,0.7036617196100684,-0.5413146046930147,-0.6489466397679404,0.7065611468840757,0.8981433177337558,0.7103086008215777,0.8984917098907128,-0.6531851057563279,0.71006531994229,0.7642270294465073,0.756219016628954,0.2972725251334611,0.7568724867262477,0.7958180815519568,0.7419862893839574,0.6062301029161211,0.9152671369099733,0.6040998863271765,0.7078698120996991,0.9039596198543135,0.9594176883554392,0.7707178525145411,0.2463463439543033,0.2806321203990629,0.36860081884729645,0.6993166501287479,0.8253915195947125,0.9358429336841269,0.6615489802976063,0.9001751920289088,0.6291253925651227,0.7010324283754322,-0.5946910125574821,0.8567760202308268,-0.6520499066503033,0.6753978223574532,-0.6709880528894262,0.7429586523954591,0.21962596533227138,0.5481693741540664,-0.11868488795176668,0.8498906045308617,0.7253753564903063,-0.650132098945149,0.6201507961710343,0.64770240571289,0.6248733765236238,0.24641912390971146,0.731495510876521,0.73227929782024,0.7471113641011383,0.6960526720816418,0.8744422306045859,0.7060632953683196,0.2071950956074803,-0.46684806046792754
000002.SZ,0.917503987728689,1.0,0.9461194995095834,0.7995936434697274,0.7932993542176043,-0.2535822778975158,0.8578653483904818,0.6215161172862016,0.6464717532850938,-0.48345671841357807,-0.5787839756600759,0.8494884254991827,0.7838584313809527,0.8007798778460895,0.15046781363959946,0.8259848697517852,0.6233751104250603,0.5802381896347906,0.7248468208555368,-0.5730645517782654,0.7262612916076802,0.7887659383386231,0.04308629811951648,0.8531019237229006,0.027769615139818665,0.7584259127962353,0.021505389550818644,0.7093808882914372,0.8819123643268778,0.6100846173494118,0.6795837032282681,0.8330384348202714,0.5463268593044638,0.3777746982444523,0.7163782192066578,0.4778550438417753,0.17972413982604976,0.7247988324786124,0.9660341974664449,0.6406844297296979,0.6889439523278015,0.4659357966817052,0.7552667089084427,-0.6942111893134523,0.5169737849284893,-0.24109897575666372,0.7596460205821435,-0.46940719340131976,-0.5968131366775237,0.7378338667360431,0.933595865298145,0.7552443504476023,0.8992975194377794,-0.634223378087062,0.7487070997615107,0.7551980530373926,0.7120400718771291,0.419240458815199,0.7663150811657095,0.8026544581994387,0.6886275205258622,0.48203715616961657,0.8465492172826324,0.6423632585969564,0.617350991292083,0.9339621725555564,0.9213820611084839,0.7990176512869395,0.27720815968262563,0.3921560513413001,0.2085497587237324,0.6575204002835823,0.8153900924225033,0.9068062864221962,0.583683353369961,0.8298969774736819,0.5423176990778493,0.6931901786193878,-0.5082493077961571,0.8784355217349561,-0.6061014363295184,0.7255231504299613,-0.6470521368656669,0.8234200814714497,0.2895706985447239,0.5868439945305218,-0.11954229092411084,0.7702983811429139,0.6279415704358483,-0.6138768262875246,0.7052926443525477,0.696408361765663,0.6618166300202685,0.2759227204102109,0.678253484533918,0.6237696281790865,0.6033497682125296,0.6393576075909907,0.9246862716617857,0.723278852957855,0.20977021599045642,-0.3700803721614174
000069.SZ,0.8918733280305138,0.9461194995095834,1.0,0.7430875162832765,0.7659721446683053,-0.3367812257155906,0.8306308346131771,0.6303848492051496,0.6352248634108447,-0.6086595207175854,-0.6205769149850755,0.8088119874214249,0.7750588491809366,0.781112865592193,0.12421725806386182,0.7949220989147996,0.5396913630686238,0.5539462580700837,0.6856275991082864,-0.6170538820945887,0.6953589688021996,0.7442442007697277,-0.02667160830895156,0.838095655614309,-0.038685799426285555,0.7233024767466983,-0.07049502564318658,0.6459071181141308,0.8406694212935474,0.6335497286293224,0.7141013912526796,0.8322481253538377,0.5402144799692656,0.2927202056986681,0.7829860164109603,0.45953535425615577,0.09179832696380195,0.7114035833671837,0.9437747889193949,0.6144835246873058,0.6588442879149923,0.4118217719017519,0.7947309252967645,-0.7160267549562418,0.5043296630451433,-0.34945531125229884,0.7143595351431241,-0.5218540639478925,-0.6460778799897517,0.6663090197466008,0.8895146822821441,0.7311821096429064,0.8154143565622415,-0.6927612832608675,0.7075723731062405,0.7789385072045772,0.7313690742150292,0.3253202758314655,0.8379726532540603,0.7575501665980319,0.6897806095689832,0.534869556087295,0.833188703263415,0.6193864626390017,0.6233493923533785,0.9198026348368518,0.8856135196916185,0.8210811293070653,0.22976769068138583,0.28034368370352164,0.17151895135183348,0.6858244659109226,0.8076399311031482,0.8724267116586093,0.6319894990932698,0.8012439380899242,0.5825712457490214,0.6080119514259603,-0.599179143328428,0.8452397405021416,-0.69553756133812,0.7096077073741086,-0.7072637909051381,0.735551883039149,0.2419859318519079,0.48834104682015744,-0.1395260050443551,0.7903942322864022,0.6784795719213069,-0.6647050239999386,0.6191829400573728,0.6239854974266689,0.6643587119610095,0.17499581850106063,0.6615976124925539,0.6437082975201743,0.6414801998794427,0.6670729132800538,0.8737485748000129,0.7290690938824002,0.12754600591865314,-0.4040467785420811
000157.SZ,0.7732743011052765,0.7995936434697274,0.7430875162832765,1.0,0.7808668360413855,-0.15606473278560687,0.6408158141193724,0.6051702257947672,0.47286858846442376,-0.6047430367935116,-0.5457649600424155,0.6103371271138746,0.7904568259098692,0.7247348478442565,0.06525691236343965,0.7379986183600621,0.6452747687605663,0.6832394055512663,0.47771425246170324,-0.598070015123034,0.7983370402459635,0.6002883613470694,0.22357618072244365,0.7808654237904521,-0.056251834888620435,0.8651878621460192,-0.1471557668558316,0.553317529946204,0.7568296849842188,0.6746626440821379,0.6885615035094433,0.8302165370503568,0.3859553304997338,0.26063127951402143,0.7960229088977968,0.3386506523290862,0.4432703423609275,0.6970924767813943,0.7865558756632728,0.5814766964492986,0.5666273724659535,0.41264858040016833,0.6966544671714568,-0.7431825075041543,0.38517731966231933,-0.3298480578756563,0.7127182666763622,-0.49672879976075235,-0.7077133821607986,0.6097951762759591,0.7183784005043349,0.7331220738793847,0.8936545805184806,-0.5511512204781058,0.7395216397361698,0.7781947724511253,0.7684476128705593,0.2587266528083239,0.6483824389956148,0.6175517975499502,0.7133277217105393,0.5492666437194672,0.7428210569428305,0.46347942201485864,0.6364938111948718,0.8078603206013861,0.7678298737936022,0.7566128812883166,0.41378778642580083,0.23235475963418661,0.21085802658520358,0.740952960405379,0.7812702456443446,0.8264337012770993,0.6588804378897394,0.7727248046832539,0.6568080215418569,0.7301495627781344,-0.5071149032807026,0.8479468230079635,-0.46611300231335145,0.5559063220786259,-0.6461547720435113,0.7305189305678866,0.36013447725271247,0.5642236451508351,0.038498012493429164,0.7122904974398007,0.7457047787726951,-0.5836970868363486,0.6672284489289025,0.7067959729992194,0.450029521893192,0.1613363501476803,0.7392680689865406,0.7420865065651224,0.6920095769133962,0.644170798886787,0.8443725504354597,0.610417639234517,0.11843659367316357,-0.5740911984071226
000166.SZ,0.753954785893341,0.7932993542176043,0.7659721446683053,0.7808668360413855,1.0,-0.03794428267495283,0.7598007832035907,0.6630527998150373,0.5964997543182975,-0.41975996253390996,-0.49446260827414773,0.7485023312719695,0.7043849888241648,0.7907944621303772,0.1760000840852329,0.7792871644739815,0.619048662508912,0.5499772760144731,0.6780374068020726,-0.4817807049281331,0.7139980607260602,0.7034559183184858,0.10452104851652337,0.8299296756934363,0.19781253439038338,0.8583721253139944,0.1497153546754589,0.6102291088589474,0.6658010963572374,0.6003818401790284,0.6239226235071491,0.7155018011987347,0.46931111564010136,0.419756232381945,0.6405078980940779,0.5264496753464839,0.37455789173808984,0.6210880421635316,0.772084812149643,0.590383081269456,0.8284977872480718,0.44303261904832053,0.8018984907745182,-0.6468214109142923,0.6029531630399895,-0.24997877711386038,0.7147993038281815,-0.35187484674136665,-0.5672454788392187,0.6880861408810343,0.7986085481285135,0.654596649676292,0.8086856571671754,-0.5123143066824943,0.7020490375802398,0.7333026793374487,0.645094189027719,0.5330461306255944,0.6046029965082217,0.6973206892479435,0.6764197982768105,0.4397667152131435,0.7037460822331115,0.5534878433683764,0.5910505633098315,0.7809155356882417,0.754782679207513,0.6631534947335798,0.4067744136917866,0.5107739073836198,0.21898614764672905,0.6253335098036125,0.7656227273503107,0.7485877304220665,0.5476716604358821,0.7381536801301524,0.5554823516898507,0.7149190102947564,-0.3787536012024498,0.7845914338352857,-0.454439788086286,0.7009181575325177,-0.5551667800933612,0.9073522832722459,0.5461390437355288,0.7408011009773087,-0.13623808389665215,0.6165351423131153,0.541150749431485,-0.5118198324693027,0.84170394253692,0.8939130097580187,0.6090408989940558,0.3075521896389432,0.6668916268202514,0.6018983258296385,0.5756664876990432,0.6119495366941009,0.8473754718968434,0.8032576584100023,0.22473761425891584,-0.3188300719315705
000338.SZ,-0.31530668901943454,-0.2535822778975158,-0.3367812257155906,-0.15606473278560687,-0.03794428267495283,1.0,-0.16747083121821285,-0.20284324116050065,-0.2555956795022915,0.6280348485349264,0.5797423728306573,-0.11998383052826278,-0.422138250811837,-0.30512862567688204,0.30110079999500355,-0.17658744188670158,0.22012265719481236,-0.29931479612444867,-0.10782256452092333,0.5358739385432841,-0.34941919359732115,-0.11911378050262335,0.07196256891864289,-0.35119129677943856,0.5973403873060773,-0.056372357413332304,0.5703322514606795,-0.09519758261557236,-0.3991218502870842,-0.29696662713641603,-0.37129991841115045,-0.38081173683270614,-0.20634045593961622,0.3765355321890857,-0.4154626544827534,-0.01761257072368679,0.6877190576754012,-0.3175215106895419,-0.3335439498571293,0.007919833585470715,0.17046336439465026,0.06280424089751578,-0.23651124793311448,0.38412026846623176,-0.0995479931265585,0.48678358863080645,-0.11378620680518174,0.6586012015948994,0.49524601586788863,-0.09011655978841959,-0.22743672569070741,-0.3958038366491701,-0.10452726965863224,0.713348721869699,-0.3967754790309668,-0.390385333163902,-0.3241642681926408,0.4470493087022038,-0.48936197032746787,-0.2511579890783103,-0.33853342962987726,-0.3446689649679258,-0.37713797920669473,-0.09659553344032042,-0.4307172546134947,-0.3641315345855034,-0.33548359308417114,-0.4552157846683353,0.28777165946200306,0.5283371398511593,0.10060352791736134,-0.4180045749678582,-0.3283943885364771,-0.3619774105964452,-0.4799149174985072,-0.2600899915639476,-0.41365538745896724,0.1756009886726694,0.8314202960673499,-0.24431530606542706,0.546426613778893,-0.0032343109661568483,0.5865950875461691,0.13515644274371474,0.5377695392959677,0.3811401255900742,0.03206891142221496,-0.5311344830186346,-0.4092789064036933,0.5201921219255393,0.26183417649020907,0.2721255527953115,-0.030404048747577312,0.2699968764649668,-0.4029436241649094,-0.48100253319420094,-0.31389305243295124,-0.28444489975782333,-0.15556032772847705,-0.025415124564017264,0.361705302570632,0.40787092496945737
000568.SZ,0.8409844724655581,0.8578653483904818,0.8306308346131771,0.6408158141193724,0.7598007832035907,-0.16747083121821285,1.0,0.5274676066062628,0.6317966596480171,-0.43159676134393127,-0.5903426585590528,0.9330808515894252,0.7008939550688291,0.8013972073207807,0.3281623868406113,0.8030189974379782,0.5051424157880008,0.5932612913219739,0.8215110153448131,-0.48780712626810124,0.6776535148212169,0.8224842480285965,-0.1507274403277196,0.8032730089809009,0.1930169737345292,0.636283896171874,0.13347326091221332,0.7935709080747261,0.7703041503523241,0.45083328433125774,0.5703157704741112,0.6903244758747852,0.5117826522221188,0.43901841528044333,0.5564456791067997,0.6527083404281725,0.16059825628069668,0.6561001383120809,0.8524449943552942,0.6593793533627056,0.7551700375738544,0.517944653790759,0.6814309393661463,-0.6172494101372371,0.6420069271068806,-0.11006395076118373,0.7229428802036298,-0.4842906021708479,-0.5046138233995044,0.8072057171965165,0.9530142751789336,0.6056218272535092,0.7952154347596525,-0.5338365891088737,0.617788616577691,0.692100897610064,0.6590591625479552,0.5180912551378168,0.691791607448437,0.8274833283114776,0.5820756649204512,0.3517721771045646,0.72355362706442,0.8477821733358631,0.5109755391049179,0.7889009609795372,0.8253597383069952,0.6226902993422173,0.18695210220221634,0.4737593353309088,0.24910799013364257,0.5411527236521932,0.690330704033308,0.7706596116846071,0.38783175812245463,0.7596097805946315,0.4304023421293703,0.6271914518431039,-0.45754828687705906,0.754780247655486,-0.6105143938582578,0.7789697168868798,-0.5946797673534052,0.7792207434333451,0.3044296020479556,0.5631299655116404,-0.23942998770835824,0.6592857704247531,0.43784069867758985,-0.5965317525602963,0.6789850499949869,0.6575658649083024,0.8394481592585706,0.267932805511617,0.5076333092221121,0.4722799381018987,0.46874693194666645,0.5037109245635634,0.7714886672952371,0.7604669997784222,0.3475218598633479,-0.3579290812554386
000625.SZ,0.5502059127351108,0.6215161172862016,0.6303848492051496,0.6051702257947672,0.6630527998150373,-0.20284324116050065,0.5274676066062628,1.0,0.5106036783625493,-0.5024453971920042,-0.6377749984242866,0.49034336132440437,0.5862805174998534,0.5854800010244958,0.15332793612431941,0.5318295635341601,0.4502930665919315,0.33474679563359727,0.35656066397427716,-0.18983110097522338,0.6719380461102537,0.49848428859059934,0.3928043020614615,0.5418336006242747,0.001125887411329407,0.664508639493271,0.16316458945776918,0.3981698942313791,0.49931656226910076,0.2981930834508086,0.49759665607304715,0.5952734560304503,0.758150889356866,0.23291573069926896,0.5025014292272089,0.3083723797724208,0.17118604394478223,0.3908288896846226,0.616279937845728,0.21394065273998467,0.5581783002648835,0.22841989463638876,0.794426010626475,-0.33210758484847236,0.3671650542107929,-0.33466968445488404,0.5990609327137103,-0.35108677480175216,-0.456151031653911,0.4439344843763508,0.5482820271095873,0.5612567211880082,0.5607371926305041,-0.5412321825881377,0.6555420156146159,0.6535958553631759,0.4953928615047439,0.26170269474199337,0.5400140166867041,0.5110907887918911,0.5457860030111851,0.2574028798573403,0.4831264566170212,0.3310586933662341,0.4203191374245104,0.6296438326563734,0.5761214759123102,0.608471351866253,0.2573963959776135,0.21008091260735343,-0.16447490002056875,0.48876711873644796,0.5845068001364917,0.5719913383780219,0.5340600994350162,0.6155034118250093,0.38161455009277684,0.43073283623180886,-0.4346499178818867,0.7012986419431454,-0.17642226472884195,0.42854094098896645,-0.6146958958016803,0.5979080602543645,0.3134944710622987,0.5035431361824794,-0.18901535749560572,0.4981135903906015,0.44301323678762206,-0.5103963683168735,0.593407990513192,0.5859106294336837,0.44105496637650893,0.2409503974873648,0.5405955918617883,0.5366274150795034,0.524981855201179,0.47081440102921346,0.5818523503330751,0.5244015200207746,0.11369345026997339,-0.020831919615437244
000725.SZ,0.5779116174222007,0.6464717532850938,0.6352248634108447,0.47286858846442376,0.5964997543182975,-0.2555956795022915,0.6317966596480171,0.5106036783625493,1.0,-0.36724597305655066,-0.656340721451499,0.6125352308399293,0.5705982601295921,0.7027119691864274,0.34466182438778553,0.5189088961402839,0.1999423190574264,0.28072200021180876,0.5588466959768636,-0.2800307309697483,0.470365878097573,0.6305951081979204,-0.002964142130634525,0.6225257712947866,0.29177116985818846,0.5025553207678578,0.267066690664658,0.7109494700510783,0.6935122461198634,0.17933062330002383,0.27075744423315257,0.5924667847309261,0.5108872231524062,0.3884599404581106,0.34487055650703463,0.4998312142407373,-0.05288068480206182,0.375660863830517,0.6087643090977733,0.334672768667325,0.683578447796276,0.29744717220683237,0.6441904003185771,-0.2993003809607319,0.41379914824817793,-0.2722502965359676,0.4720525849448957,-0.31634481358956434,-0.42118392979573754,0.5026062230709567,0.6339655927645466,0.41320834739284784,0.5372240543154176,-0.5029030556438475,0.5804757420093792,0.5691840476315985,0.3083434229030649,0.5459181415263276,0.6092192235587223,0.5891114095293282,0.33465324390717455,0.0432358061588168,0.44529259126196213,0.6307931593209471,0.21625019345790528,0.5101801299141798,0.5834314289360922,0.5349184655794824,0.029218497984844227,0.42029464335826044,0.0328189197013127,0.2561694806114968,0.5074424609663185,0.593823090488879,0.19640835866754877,0.5919754923268331,0.15225156677036977,0.4160473239440718,-0.4379292493807166,0.49339255691914596,-0.5507620080765355,0.6959553739073968,-0.6027339753382092,0.6519833815658809,0.198115844543127,0.4393428009046095,-0.4266664966681733,0.5438558204341469,0.20116898006984874,-0.5850684071469056,0.5863708512952271,0.500569067808624,0.5917427654187762,0.3131276306795185,0.33203651885799823,0.35117213519761,0.32972650354775146,0.25760121600545166,0.5358089181472383,0.5216526430081827,0.01267947194600994,-0.025210178257703237
000768.SZ,-0.56377475290301,-0.48345671841357807,-0.6086595207175854,-0.6047430367935116,-0.41975996253390996,0.6280348485349264,-0.43159676134393127,-0.5024453971920042,-0.36724597305655066,1.0,0.6410150698817497,-0.36401792279603673,-0.6853968904213065,-0.5339642491481137,0.08691836839946687,-0.5276910949371406,-0.19970575237153154,-0.46727477943618223,-0.18221193666568214,0.6205223045713143,-0.6287709827097546,-0.32921409604643703,-0.12143803339246247,-0.5848447259871624,0.41078622270167325,-0.5616236404016017,0.4444947640619202,-0.20505585803953663,-0.5586371617468425,-0.5906211227802859,-0.6475826953940841,-0.6775816869940491,-0.34004658928409554,0.17818223522008406,-0.7166571370579575,-0.09893956728673804,0.10066494345443817,-0.5584452014622616,-0.5598929412573209,-0.17920935410105254,-0.24072386468072393,-0.05338851038341502,-0.5781753475579824,0.6217639714158276,-0.18193084661741443,0.6451721287477409,-0.42883304638594805,0.6947657898971528,0.72412891364772,-0.2055199202261615,-0.4488872945117781,-0.657209159934905,-0.4782966888707075,0.6745439721246957,-0.5732567115139219,-0.7210593000551325,-0.6460187390415939,0.22940259994234657,-0.6826337584203124,-0.4532098118552572,-0.5476569669556834,-0.5884214655617406,-0.5884478796732319,-0.23648109619334198,-0.5502655162335255,-0.6004020072145814,-0.5817684435980442,-0.7150627895137669,-0.11491892981630192,0.3387383621842604,-0.01789754014206606,-0.6823695256290714,-0.6271566824403733,-0.5971010434052381,-0.6642609673730318,-0.5654243592041982,-0.6664258026622496,-0.2590894285141179,0.800144243697903,-0.5825093193057866,0.601241403667577,-0.35140230168878356,0.7376066479174979,-0.26028855414781943,0.09435031236938694,-0.08449560933912277,-0.040714388334518126,-0.7355251764207282,-0.7166438440832574,0.652826986889264,-0.21091230034489597,-0.22841277632088575,-0.269406366619792,0.188718487689062,-0.5958809279436926,-0.7383287369489535,-0.6501526973868273,-0.5738828516638288,-0.472472008981323,-0.4182317860069303,0.20194756151967375,0.5720135263843494
000776.SZ,-0.600078153404796,-0.5787839756600759,-0.6205769149850755,-0.5457649600424155,-0.49446260827414773,0.5797423728306573,-0.5903426585590528,-0.6377749984242866,-0.656340721451499,0.6410150698817497,1.0,-0.5468924664548361,-0.6241225938913355,-0.6515913747237342,-0.18421103730945443,-0.5030367387785466,-0.1779034191864068,-0.5007235468136494,-0.5141714865215509,0.44587111731810364,-0.6754301720203947,-0.5569318677755005,0.0929362848542945,-0.5936953497731536,0.0986226226653084,-0.45621060049687956,0.11090758422549936,-0.5682410948350487,-0.6713016397543302,-0.2867105282710619,-0.4948314284309118,-0.5963173139705652,-0.6107807466963137,-0.12849792690467923,-0.5573454796095002,-0.5385090470912929,0.07636479838374265,-0.5175039862385039,-0.6140752375641841,-0.37076087536894037,-0.39033064403875023,-0.4150278478019469,-0.5765276145218277,0.4295261787072476,-0.5392115425468308,0.3390223989815057,-0.5894449799810316,0.7138536040816384,0.7551609838555478,-0.5150055548880617,-0.5711982915097769,-0.5103957406594569,-0.521380558494686,0.7170069498626895,-0.5903697284253434,-0.6702805331095011,-0.48992166363180206,-0.17209692664984286,-0.7166450746964337,-0.5711768154404689,-0.5664226036779627,-0.3187389142971164,-0.5626890969324453,-0.5771746184858101,-0.46905333049536707,-0.5780858445978233,-0.5892212709556799,-0.5739603454971156,0.14295459945865527,-0.07548645583609365,-0.00029517500196493685,-0.526874640165169,-0.5101699368293854,-0.5945701501623898,-0.48492620748890114,-0.6362375241821198,-0.41112717964845086,-0.3436633089344161,0.8184918088926212,-0.5629664444044208,0.6807518031784291,-0.4825944609846447,0.8933779808086447,-0.4197909415199625,0.05085463230156504,-0.1380542799185965,0.4848746922689464,-0.7004402833804507,-0.47937988491313616,0.8668513536461884,-0.31477105716872855,-0.27307714904959285,-0.5057768607697182,-0.11654788521682025,-0.5021231866268882,-0.5241910760770621,-0.5261911722897086,-0.36192731655507987,-0.4597202074442807,-0.4675532527846063,0.026378101840502627,0.3035754569415262
000858.SZ,0.8786939951731765,0.8494884254991827,0.8088119874214249,0.6103371271138746,0.7485023312719695,-0.11998383052826278,0.9330808515894252,0.49034336132440437,0.6125352308399293,-0.36401792279603673,-0.5468924664548361,1.0,0.6507451857244002,0.8219732276542325,0.3776017752766801,0.8481023319976426,0.5681681849488037,0.5282977001830075,0.832168306902885,-0.4145555029102268,0.629998560393477,0.8471658347952441,-0.14845093733934842,0.7334274950279074,0.2645731239949153,0.6350614835434223,0.20826733365794717,0.786532158057769,0.698858883986707,0.44065262936205957,0.651495416245302,0.6617957253568734,0.48013678433218376,0.43702613470256063,0.5326460824473548,0.6791086801912497,0.240038923758474,0.7717376053743178,0.8019682472003599,0.7302565987872568,0.7526612704572252,0.577931722327352,0.6400660855008763,-0.5133921691990216,0.6786880061520674,-0.00841907389552271,0.7159861332151715,-0.469248242552146,-0.5005227764539254,0.8097965309635503,0.9355477308300862,0.542761951698311,0.819096136317882,-0.49358401557252396,0.6191378152013415,0.6466141858140491,0.5799734656339451,0.5363274943254798,0.5969108267593722,0.8825972099946311,0.624034855574603,0.4658611974525447,0.7725671614160516,0.7602571438857707,0.5340301408372551,0.7873467957577788,0.8557395548275792,0.5907140862141393,0.17424332446768487,0.5245667076875778,0.43281885824999006,0.5703233411533354,0.6848204473188376,0.8113934165694094,0.4307489236356569,0.8156320045939172,0.4852837133847268,0.6638896917062505,-0.42903382623873965,0.7435869582613502,-0.5968723348387498,0.7677614385502909,-0.5901773846268051,0.7966982523036229,0.307223589770414,0.6090219471051326,-0.2798018619412554,0.6706317173942972,0.4580528093258049,-0.5872294081728832,0.675481276715897,0.6754241496238148,0.8267536694902754,0.3199959041944174,0.5134778149494283,0.48453727114727047,0.5285008148725676,0.5299001260118796,0.7897084343711924,0.7239263468804978,0.4356166801036059,-0.28817408965131164
000876.SZ,0.7770072421041117,0.7838584313809527,0.7750588491809366,0.7904568259098692,0.7043849888241648,-0.422138250811837,0.7008939550688291,0.5862805174998534,0.5705982601295921,-0.6853968904213065,-0.6241225938913355,0.6507451857244002,1.0,0.7042501996682319,-0.047506328859534035,0.7001671282689167,0.459167755303743,0.527950471583653,0.5259857619594108,-0.674986517783357,0.7667416095498457,0.5441120565524756,0.2492635245693823,0.8684573308833085,-0.23372795692622161,0.8049292580926818,-0.2592001010822535,0.43106234925821774,0.7615570687674124,0.7241923807110456,0.6920716073821723,0.8457516570427508,0.39597304754039436,0.18614226920217744,0.8019420120941537,0.3341257793347916,0.11171159552558178,0.6726802004371034,0.8201707897145641,0.4800704220145546,0.5008723911985472,0.28114274160272906,0.6985006030819604,-0.7283479514243205,0.3963094713032514,-0.43608314871203496,0.6641414439567237,-0.606358638677833,-0.6646886509994824,0.4999443052648065,0.770441830894328,0.8193642147291933,0.7873283115345407,-0.7379357909206731,0.704834881942432,0.9256657257645814,0.7958711941604225,0.12914689537860533,0.6724943110803446,0.6961795142842458,0.6818089080858073,0.55355051608733,0.7416173356538688,0.48659848457225346,0.6275714092713816,0.8142326700318452,0.7840683647941961,0.8714457359978346,0.3324773830196556,0.05660595090689977,0.16297482379516084,0.7145412681337523,0.7896513711289487,0.839991154988621,0.6380023269207532,0.7709395032659567,0.6544223298164463,0.5513852755051428,-0.662251561749348,0.7678540890037496,-0.5723498103527803,0.5518053168332859,-0.6668083269490469,0.6289748747644618,0.22884532578863068,0.3865631427388366,0.07054590271748039,0.7421033375863106,0.7373635753123972,-0.5924412854757496,0.5144229320401692,0.5676953947305748,0.4532428968831074,0.08779263378091123,0.8076667519604657,0.7656169118576481,0.7372736242501469,0.6532718408841249,0.810481147450726,0.612886906745043,0.0698407141461476,-0.5806424007344587
000963.SZ,0.792748471769677,0.8007798778460895,0.781112865592193,0.7247348478442565,0.7907944621303772,-0.30512862567688204,0.8013972073207807,0.5854800010244958,0.7027119691864274,-0.5339642491481137,-0.6515913747237342,0.8219732276542325,0.7042501996682319,1.0,0.32062994151846036,0.8478017896066635,0.4682302339000584,0.5876074977622543,0.6799194062080849,-0.4650549704489095,0.6670603979023048,0.8165814599650195,-0.029565352472495688,0.8059310333786985,0.17438451628220364,0.6946599781453654,0.028916330905621717,0.8231400625083959,0.72288072863013,0.5131587621058658,0.6288965447370335,0.7259103262466605,0.46864299579379626,0.23492527436843416,0.587419401130103,0.5575624540003529,0.12822779447651883,0.6602287180299268,0.7807411975258893,0.6333028172047991,0.662419840114313,0.5799163073699682,0.6805063622747071,-0.6293554397712923,0.5123232714014273,-0.1670121753631143,0.6899091835711829,-0.5965728783707829,-0.6438546913463491,0.8287563446129355,0.8466270435234048,0.611847809393204,0.7650789726509718,-0.6321561257588713,0.7691499571379302,0.7224057698508356,0.5671360699028992,0.41249219501347983,0.6606796429773215,0.8359602214563518,0.597398385315857,0.47059573637155144,0.6789858127167996,0.6716308246856934,0.531639268184101,0.7700552567688645,0.7829507328294937,0.6391234131125865,0.11930388645607652,0.353881566409516,0.2823216852384463,0.6458469851962779,0.6944972480260513,0.8098408209913175,0.4828350924405147,0.7813703112898206,0.5225049787107988,0.5617729231358956,-0.5998823001852159,0.7667394424741039,-0.6114942286467703,0.6635983370553454,-0.7056120107678048,0.7447698635311847,0.22651046002719466,0.5166109611518513,-0.26445732959153173,0.7041867316935312,0.485783481333054,-0.6654509420211833,0.6141293694539702,0.6200763539297947,0.6964093715778407,0.19041307859369402,0.6140291607538676,0.5601812256368875,0.5232593889213848,0.5012167017375431,0.7700737531072451,0.6121910096408926,0.1806219099620158,-0.41159247896833445
002007.SZ,0.12263453012409319,0.15046781363959946,0.12421725806386182,0.06525691236343965,0.1760000840852329,0.30110079999500355,0.3281623868406113,0.15332793612431941,0.34466182438778553,0.08691836839946687,-0.18421103730945443,0.3776017752766801,-0.047506328859534035,0.32062994151846036,1.0,0.23589201895310727,0.07400229955028749,-0.06185947867880992,0.3340657734014371,0.21001553267305884,-0.021935749149721056,0.44570660677261015,-0.05948946716115285,0.06318572378976511,0.6521332272470003,0.10797975087744373,0.5447015699902958,0.5140382272263662,0.10039768702634587,-0.22446478360048874,-0.08479722432257457,0.0024767245351895242,0.1599155959826999,0.25522343621862303,-0.13252481464935037,0.3434379237797214,0.30876524029393626,0.06702596826174474,0.0864129013298116,0.2782119704124701,0.4432694287499042,0.4217784695758215,0.07130747098719253,0.14825585898214885,0.18053278998552735,0.40533215056878985,0.39577205167328616,-0.08338158561580285,-0.026546831191902206,0.38075143754174506,0.25562381020631153,-0.078264584613038,0.15007602569746972,0.17821439971956132,0.08188262389535879,0.004371661136443643,-0.06324201576793403,0.5760255265777573,0.10736098005733336,0.3477208612284797,-0.020279856729463624,-0.1267145154638008,0.06536028249202834,0.4388628286385818,-0.1720230771816622,0.023413975852861046,0.10211098446760232,-0.08505147725554375,-0.04763796538318984,0.5445930742859076,0.184877624924447,-0.10593979321040838,-0.02269382063284682,0.08714052740944704,-0.24326810367440602,0.1761795183646507,-0.1458632090927682,0.1617195645959869,0.13082726858757768,0.057589806020481325,-0.10229744736795489,0.35718270113219286,-0.14706773090793882,0.3221532802252631,0.2639573518280956,0.3433053471434715,-0.3665272732356691,-0.008107202104281952,-0.1725745356013635,-0.16662673225134209,0.2807049736376453,0.27292004152898314,0.6156678364918424,0.23885334593894725,-0.22832156330931674,-0.15583355400912433,-0.04954406960955408,-0.20311308141291537,0.0975395576373909,0.11863039522635434,0.35232869147807255,0.15360827234050778
002027.SZ,0.818209669072207,0.8259848697517852,0.7949220989147996,0.7379986183600621,0.7792871644739815,-0.17658744188670158,0.8030189974379782,0.5318295635341601,0.5189088961402839,-0.5276910949371406,-0.5030367387785466,0.8481023319976426,0.7001671282689167,0.8478017896066635,0.23589201895310727,1.0,0.6003404903692987,0.5362914045308032,0.6561012429456364,-0.4374817138997292,0.6555719862191056,0.8458180561924644,0.010192980856828246,0.8132015694727847,0.1603602279546787,0.7500145838862803,0.10381672604527238,0.6902893276490526,0.6926065945154952,0.563895741870967,0.6523060483335393,0.6851871008121102,0.4290871227860582,0.30898080098157826,0.6324732399507808,0.42602557102046396,0.29898554518488324,0.7118733858008556,0.8182615709434113,0.6043679907149365,0.6546780192048575,0.4673030399206899,0.6404844446577366,-0.6128584244512648,0.43947262704969553,-0.16252304172938703,0.7027998780855448,-0.4897909311783241,-0.5554083696596357,0.7453950741540925,0.8735432409715441,0.7232657857836866,0.8085591750450458,-0.48338283807032045,0.7777786741467155,0.7164840176940864,0.6084056831807511,0.37698629108829457,0.6147828881203512,0.90057145029537,0.5746106544127798,0.49598272076929634,0.7113583573663366,0.5538603792519067,0.5571820978294879,0.8225291357683369,0.8060172035707178,0.6662670879902679,0.2521970496423873,0.33751250347316725,0.27879931934157604,0.6998671145326592,0.6946906045464556,0.7967223322090723,0.4753582511345804,0.7521622765091736,0.5800063213003538,0.5991314274390568,-0.4851524115773224,0.761886964537096,-0.524454246723845,0.6537040010578273,-0.6154822091607154,0.7681243540288872,0.2633108720497828,0.5524732759438046,-0.07240154952676961,0.7221049025428483,0.5764067375459487,-0.5259944524201478,0.6705580650915396,0.6788284280536385,0.645948232992087,0.15259042822208252,0.6347460283005836,0.5662297150141226,0.5267613353683396,0.5225838940530402,0.8016420790706356,0.6436284581678056,0.3274621481296749,-0.3898531653998531
002230.SZ,0.601717024484253,0.6233751104250603,0.5396913630686238,0.6452747687605663,0.619048662508912,0.22012265719481236,0.5051424157880008,0.4502930665919315,0.1999423190574264,-0.19970575237153154,-0.1779034191864068,0.5681681849488037,0.459167755303743,0.4682302339000584,0.07400229955028749,0.6003404903692987,1.0,0.4674665925124876,0.46335215354248244,-0.26402478825552494,0.5398531269732326,0.44613295054963403,0.23755233884407867,0.49970465065998176,0.10511162573031525,0.6614471792780524,0.14014140723778895,0.3761368584400439,0.4534337120515763,0.43279426792009407,0.6074601132252938,0.5604438320884236,0.36093874556321026,0.3624817947576689,0.47269445382180164,0.26462864329697494,0.5780893781831901,0.5548210978241984,0.5524615940124353,0.5173520416185738,0.4979338823576629,0.39934205158321906,0.5213775148907062,-0.46473791600157893,0.3872153955807773,-0.06517910826649875,0.516798507410868,-0.1565908981444562,-0.33910031610522334,0.5087076429967216,0.5698255612679203,0.47317788367490926,0.7369686267238048,-0.2076592243097987,0.4834404841956242,0.4874355144983826,0.5310340224821611,0.3469725978580929,0.34785155377667465,0.445723997897088,0.5804866938024135,0.417237775753672,0.6008298948737373,0.24779358904573678,0.5451418525095096,0.6143092900245398,0.6152163618400913,0.5107647685482561,0.40528809662279325,0.40851912115619143,0.2962691791208604,0.5813422826191238,0.5873014040814791,0.601686796405153,0.46394122505915125,0.5479975269530982,0.4433091702718191,0.7090438453822561,-0.09633755933517195,0.6767355019656112,-0.13066616045426835,0.45099331971941337,-0.2999113436661683,0.7024782952487332,0.4630568570708448,0.6601174161144379,0.05145644160199827,0.42580780702303467,0.47314351682069405,-0.24299257843909125,0.6768902805137437,0.7109474466922959,0.3581610505122763,0.3397576028228036,0.5417486159925656,0.4627829593179396,0.5306697660240544,0.5152796267349372,0.7110653799510399,0.5608343600408522,0.41501497036350793,-0.22453546310440387
002241.SZ,0.6580961570655351,0.5802381896347906,0.5539462580700837,0.6832394055512663,0.5499772760144731,-0.29931479612444867,0.5932612913219739,0.33474679563359727,0.28072200021180876,-0.46727477943618223,-0.5007235468136494,0.5282977001830075,0.527950471583653,0.5876074977622543,-0.06185947867880992,0.5362914045308032,0.4674665925124876,1.0,0.5594137291367148,-0.6286615476084442,0.7192694471632511,0.44636893225390994,-0.16869611791632846,0.6062312865228353,-0.12282241244356863,0.5209935799031769,-0.2724209699047307,0.5284612525684098,0.60842370621369,0.4507965922070763,0.6416185978036578,0.5305694977078697,0.33372150499992054,0.07153310024645033,0.5900786598440636,0.40069341714865647,0.13475361080268766,0.6603085117573347,0.572021506607537,0.5843305867667944,0.33234503715756275,0.4630858525567145,0.4473355452696148,-0.6853081801505906,0.4973135849188082,-0.21833965599495567,0.4727563668424099,-0.5536768292762424,-0.6539779993554559,0.6767601052959294,0.6080665925822839,0.4474243815085884,0.6466882880693917,-0.5438161761057482,0.5563004842713505,0.5724924972607197,0.5796158273882767,0.10643046442214514,0.5459655107356117,0.44641343483092927,0.6778283797297808,0.510815641846146,0.6663351598572239,0.5069835545616727,0.6661630507257738,0.6047001822435262,0.6543780770013519,0.5096686574158719,0.06731291888337392,0.1257470989926366,0.28317148390804264,0.6313257272321088,0.5872543990033233,0.636742004007744,0.553847627114151,0.6273824063619008,0.5512822585414118,0.5607681288555569,-0.5436150627827393,0.6664732089996561,-0.5322294316655294,0.39524478494065884,-0.5728515918326959,0.4679504341245552,0.06546637236285387,0.3053566703869459,-0.0941528891928562,0.6345435132987669,0.5406427626195857,-0.6037170721461541,0.3368326480670709,0.3931246001031276,0.4045915945107667,0.14598689928224215,0.6059149996753074,0.6000679987882339,0.5361424540149744,0.47698010244306954,0.5669917258031122,0.47423586659374445,0.0865294517453758,-0.5851768307166829
002304.SZ,0.6886906624360544,0.7248468208555368,0.6856275991082864,0.47771425246170324,0.6780374068020726,-0.10782256452092333,0.8215110153448131,0.35656066397427716,0.5588466959768636,-0.18221193666568214,-0.5141714865215509,0.832168306902885,0.5259857619594108,0.6799194062080849,0.3340657734014371,0.6561012429456364,0.46335215354248244,0.5594137291367148,1.0,-0.3862508327561481,0.46631322154527527,0.7428599930136036,-0.26497235875707975,0.6604335958353261,0.3038103492954979,0.4654975227147035,0.1806377441425083,0.7028952278948287,0.6690778465135443,0.3302494806332979,0.5095973570558421,0.5184344699636262,0.47226878647539433,0.48003673500702454,0.4287620945636337,0.7630882680188797,0.15608075509796113,0.6099790070147098,0.6547974191675324,0.7119386288869293,0.7060976009865781,0.6204156229546586,0.499692046396702,-0.46285439008705764,0.7679884773731912,0.13827905432293722,0.6021594815105183,-0.3693917605626138,-0.4964109051743517,0.7817771529707965,0.8158228786107661,0.3682872002117102,0.6564669759728775,-0.44856321401849925,0.48658510951939943,0.5329489003051091,0.4131661381646396,0.6177097848780064,0.4904620441358038,0.7110234519249324,0.529811106867902,0.35759614108126686,0.6351363652601313,0.7500522179336034,0.4829294063984049,0.6190839090005098,0.6959391475435438,0.45698181972751617,-0.00011292830420461808,0.6598779221200209,0.4244608837175022,0.47149135597009023,0.5294710851337421,0.6577605686040772,0.26085682879725347,0.6914593138661144,0.3381548520277042,0.6396021742865312,-0.3827279027038419,0.6106885440057669,-0.5805316301944267,0.6561460340833535,-0.5452729004939673,0.709796453487299,0.23587700427554792,0.5403277426464698,-0.4028119607995459,0.5166367079000357,0.2698919613624302,-0.5947215656711404,0.56924662619087,0.5794621295810998,0.7453065684599908,0.40084963110812893,0.3667462842831863,0.28797870759692623,0.3138690450907891,0.37032281852448606,0.6571420644223552,0.6792111671788366,0.39364063737386884,-0.26852624165639705
