,000001.SZ,000002.SZ,000069.SZ,000157.SZ,000166.SZ,000338.SZ,000568.SZ,000625.SZ,000725.SZ,000768.SZ,000776.SZ,000858.SZ,000876.SZ,000963.SZ,002007.SZ,002027.SZ,002230.SZ,002241.SZ,002304.SZ,002460.SZ,002475.SZ,002555.SZ,002594.SZ,002714.SZ,002736.SZ,300033.SZ,300059.SZ,300122.SZ,600000.SH,600011.SH,600015.SH,600016.SH,600018.SH,600019.SH,600028.SH,600029.SH,600031.SH,600036.SH,600048.SH,600050.SH,600061.SH,600085.SH,600104.SH,600111.SH,600115.SH,600196.SH,600276.SH,600362.SH,600406.SH,600436.SH,600519.SH,600570.SH,600585.SH,600588.SH,600660.SH,600741.SH,600795.SH,600837.SH,600886.SH,600887.SH,600926.SH,601006.SH,601009.SH,601021.SH,601088.SH,601155.SH,601166.SH,601169.SH,601186.SH,601211.SH,601225.SH,601229.SH,601288.SH,601318.SH,601328.SH,601336.SH,601398.SH,601601.SH,601618.SH,601628.SH,601633.SH,601668.SH,601669.SH,601688.SH,601766.SH,601788.SH,601800.SH,601818.SH,601857.SH,601877.SH,601878.SH,601881.SH,601888.SH,601901.SH,601919.SH,601939.SH,601985.SH,601988.SH,601989.SH,601998.SH,603833.SH,603993.SH
000001.SZ,1.0,-0.02750158952787223,-0.24915208775009487,-0.0758590352408375,0.5691972718888795,0.3302037091314493,0.6541972437964324,0.145833281186621,-0.31653207152613044,0.6322216197479641,0.6424983442815028,0.6744814452408158,-0.4377847941290276,0.33051942897172537,0.1030387457273894,0.3430722333831649,0.6458412452650456,0.4214565870461146,0.6388268600389542,0.5169789929455677,0.741609697674909,0.4655146918092228,0.4949902255954221,-0.504211088098849,0.6651330584389777,0.666185806584209,0.1846361355267041,-0.4709804159338362,0.5338586000675033,0.19053571793220114,0.5061323227296569,0.5900542293142231,0.35690598839642806,-0.34230838192728313,0.4071805046868086,0.5679910530496336,0.37514803178030487,0.8553136519267636,0.12377130825810372,0.5186105721666988,0.6032944120984078,0.6271347205534785,0.17312479320769733,-0.019678253377271058,0.5755307218715981,0.269964889139502,0.563698134831771,-0.26362399259958774,0.004347176773786654,0.5141513685860776,0.742860014612671,0.6779646126236044,0.25547740529737145,0.686753853830884,0.4224456153562132,-0.3085346530373226,0.5416705212032819,0.6424409707270985,-0.2793424236852823,0.44416581358909246,0.23941340997892388,-0.03915011381291277,0.6137279068537734,0.7839162386810102,-0.02251100079824181,0.5314673989742486,0.5787419997224267,0.3709036201985227,0.060123084454771304,0.5699029068632449,-0.11767150240388487,0.6159376971954554,0.5034497811075209,0.5497158084711554,0.30388141698477283,0.604197062352615,0.41077153725066573,0.7491471924115195,-0.23598197556977016,0.6657692473322863,0.682999710532294,-0.18392713279345885,0.5272720100579702,0.7052580652778354,0.2598892411055977,0.5942907446070971,0.2904021888280084,0.47891534035988964,0.2549746477907682,0.16558610502895474,0.5424746319245203,0.6568157208471098,0.6842808703954653,0.4343380264517683,0.39982930618968476,0.4561934752639843,-0.1708339236835653,0.6863344676544131,0.382022888197517,0.22888661779051847,-0.06253615438147493,-0.2227885654897682
000002.SZ,-0.02750158952787223,1.0,0.755107441100276,0.7659791499777024,-0.47660971170194655,0.3452988357655172,-0.27484365490248186,-0.7598022182016956,0.5953395852569132,-0.30576034631509535,-0.27235829948021717,-0.3964109629507005,0.4979711464838134,-0.32097062587607417,0.3333609899269579,0.4156182056054214,-0.46461946920904884,-0.3624410046367042,-0.27386687346112304,-0.41692392998392985,0.06007781933854776,-0.6030394305083274,-0.44883044545999046,0.6701798750453186,-0.4256536862859941,-0.29994915993772636,-0.411149878134645,0.2769774946825441,0.0007946981723074934,0.21471867018993926,-0.6011675974643593,0.10884869394090346,-0.4875997336288434,0.5919623344038891,-0.32145030071115394,-0.4704506416799667,0.4884964614377372,-0.2786290290725059,0.8941793494987981,-0.5763905535100284,-0.2738496320055863,-0.42222920042903295,-0.22357521613703182,0.37879834308745247,-0.41901199818271045,-0.5506904934921449,-0.22084619073931536,0.40895332725484135,0.6612384357662479,-0.5412855467198597,-0.31264817173606607,-0.004804786718474156,0.2764879053148244,-0.26060656271095395,-0.003617717251943158,0.6834060529402292,-0.6700189999976027,-0.3704705080008248,0.4154289725154048,0.18959797410408574,0.08885031159250617,-0.27254620192940165,-0.43621899354890564,0.11051759172034503,-0.06093258599980727,-0.31276862335544237,0.093894842609524,-0.530788497013101,0.5957987577433225,-0.3435399633635267,0.19969972414995488,-0.11175529018964403,-0.3722083775678879,0.2847933322627025,-0.18609108119007647,-0.39853857669320497,-0.22287494746073477,-0.2336783696488546,0.4972572964045794,-0.37284367330500784,-0.17830321484559453,0.505013814241836,-0.2503614587605275,-0.3120119979200731,-0.25585273969466743,-0.3870411649000825,0.35593013332713025,-0.30877860432565174,-0.6771803303251027,0.44943892276737935,-0.5104235816305195,-0.33863387725963934,-0.34882198597373,0.07516350736411896,-0.5357283681220085,-0.24846641087398766,-0.10449917927640284,-0.32040707706776356,-0.39613645783337365,-0.03670468410751748,0.5266960586874769,0.2813998711799078
000069.SZ,-0.24915208775009487,0.755107441100276,1.0,0.6714849328008338,-0.6378073265031143,0.20890804033514399,-0.27972407463962695,-0.8277964925259252,0.7475535269884649,-0.43696929078736413,-0.40748044438471426,-0.43790904285483173,0.5670599442561034,-0.26642953356473265,0.4652143370999995,0.42128169766376017,-0.5709240118200899,-0.2645970665579518,-0.2642927649194688,-0.379550979985134,-0.047262816522501215,-0.5998775791411886,-0.3242393148610379,0.6409209385487643,-0.5710750447880217,-0.3762586990043362,-0.29572607739586537,0.26836349665932135,0.007637116235970816,0.17070023074857232,-0.677151836107281,0.13398314958405924,-0.6520899608349559,0.6310569193005099,-0.5123725988620469,-0.4706391833377331,0.37573736574480615,-0.5201387518246299,0.6527745800590955,-0.6445378956867928,-0.38622120551270456,-0.5978165980894499,-0.4463211097508482,0.15995008910944242,-0.42992231226823746,-0.7093085541014762,-0.3727246309124667,0.34896476900652,0.5010995293356554,-0.642574219944987,-0.37329131533758036,0.03482261776760054,0.12071575775471512,-0.3051641136339948,-0.009023719757929935,0.6529929060975431,-0.7551288549981776,-0.509078621727585,0.5033277665028963,0.2853005005466898,0.04589272476546027,-0.38607470809854566,-0.4782646010530002,-0.11916130646351342,-0.2162682095647156,-0.3082430143691978,-0.0999115640393835,-0.664703740690787,0.4702094886566577,-0.4030656629497919,0.0973391884918805,-0.22880233349004966,-0.5223497282972924,0.23853890439420058,-0.39332757976016025,-0.5507510191312409,-0.3879006075230502,-0.34011804080045377,0.466621427035214,-0.5009046108778799,-0.19201484628832133,0.36254972045805234,-0.4960814384850228,-0.49583354124541934,-0.35011200043392116,-0.483609089531934,0.17869499270123312,-0.3722348979381536,-0.7784334591589749,0.5667698763455845,-0.5750855965212612,-0.43879145983390305,-0.4246885479495521,-0.00047764372989152204,-0.5776142780924153,-0.3910770251677953,-0.28660678131410994,-0.4538692708492324,-0.6008127762089471,-0.25021375101408977,0.47901554717144285,0.18884860772784762
000157.SZ,-0.0758590352408375,0.7659791499777024,0.6714849328008338,1.0,-0.44450103686171705,0.5125558504915331,-0.04984081940749372,-0.6420023277500684,0.7129437467113147,-0.183556069401181,-0.2366996225429855,-0.25467910462194043,0.7366312381267033,-0.15816040857291924,0.565048331703178,0.5201675916099259,-0.39699379721414313,-0.19969115888581046,-0.2712576976213495,-0.4366315287401607,0.10104439608383058,-0.5726708228832236,-0.2993445168752119,0.6872196963996394,-0.3854329066172913,-0.19633021573127007,-0.31294902775329114,0.3984351244094902,0.12716820166881068,0.04157712607441926,-0.5835575325428302,0.27709283682942365,-0.5908536376448749,0.5656253307524801,-0.40756586377245596,-0.2732767162192082,0.6390297954396337,-0.2848936836257639,0.84724193518128,-0.6331217669452397,-0.17820798533621995,-0.4005409514309632,-0.3621787856869089,0.2990341119614844,-0.32663654701290484,-0.5515673886727707,-0.06798940986569682,0.3078025631382518,0.7815834248430519,-0.3992701369248912,-0.15788417057438978,0.09530600409781677,0.24700185122179263,-0.17525576818373603,0.2265171407803009,0.7304960429997468,-0.6165355207136273,-0.3947487100634428,0.2798356245501394,0.36070309632422193,0.11079915301756442,-0.41916960585388185,-0.4008312539292842,0.12178682196009127,-0.1595914582900237,-0.1900453082424993,-0.035751908840592636,-0.6346697536263687,0.5356469536840777,-0.3857626963053779,0.09526999225874354,-0.06438105872967911,-0.44074578344312304,0.422557309910232,-0.316435749113544,-0.40220606855977986,-0.2563552129860202,-0.15040030122125048,0.44030324994339143,-0.31749463487584023,-0.020186654820623363,0.3369232322947424,-0.23791709329479813,-0.308801450403829,-0.18514213572903374,-0.2524147977253917,0.2872635977015969,-0.26125168688630757,-0.6901446797316818,0.5538418539779654,-0.39395872111553026,-0.2711142467555471,-0.22537210268182786,0.22401525379297593,-0.47592234587584303,-0.2629529447457583,-0.11351035379016722,-0.3195056326049292,-0.46370939475766654,-0.14498218674857552,0.44769676636454836,0.14539991224165894
000166.SZ,0.5691972718888795,-0.47660971170194655,-0.6378073265031143,-0.44450103686171705,1.0,0.21046006640402384,0.6398607616330225,0.6162462326058462,-0.6096430228952331,0.7666994411237619,0.8512304306932742,0.7686759367130301,-0.5313706361608944,0.41879028845943994,-0.005761321547729463,-0.0875837059417852,0.8118832110588096,0.433681431377734,0.5940101732706774,0.4137859648465227,0.492306305577119,0.6495627604608313,0.534066235180298,-0.6675575995515844,0.9508546090069689,0.8325748464000111,0.5159423362198093,-0.37326164235845133,0.4478068259323836,-0.10970441524144596,0.794126306689411,0.39743685436213055,0.5207120890702902,-0.7178559170073014,0.3614405288683038,0.5974034025994596,0.038538702442706796,0.7931727657215798,-0.322341810548769,0.5893067551357639,0.8606874617097144,0.789801955217372,0.34875215162554357,-0.42042996974802005,0.6515898417099948,0.7185646803882043,0.676233744147667,-0.5353088883339384,-0.253854175017687,0.8425635392226333,0.7230265954888152,0.5002181792214766,0.0067472716946705424,0.5939272911362589,0.3382697246227724,-0.6009993614900997,0.6715257892132914,0.9487421954551475,-0.5458367895782107,0.26331652494449764,0.008736714007031507,0.17111981794751926,0.6951904604315035,0.4633210526756404,-0.083774516247783,0.5400066305792036,0.5199134846870421,0.6309457966596024,-0.13163392621711945,0.8469516476258931,-0.2724393989239967,0.6538800929509231,0.7214722559443302,0.337511485338379,0.35291854644741566,0.8451829621077239,0.4820642543776401,0.771014350745345,-0.5655890645803036,0.8984218452412956,0.5030489433033236,-0.23059467868829087,0.6742336756339732,0.9243823668283446,0.5128095276304555,0.8545949481631242,0.207025179981863,0.670501938037956,0.49594228488804193,-0.17592470533730217,0.809246060565048,0.8166856787475781,0.7299558543898247,0.43819294086938393,0.3525553917135216,0.537320661335685,-0.10253952972743541,0.768928367776272,0.4421119404842337,0.2358712083097261,-0.5094094978809662,-0.5499335606791166
000338.SZ,0.3302037091314493,0.3452988357655172,0.20890804033514399,0.5125558504915331,0.21046006640402384,1.0,0.44518762634581316,-0.2247850966767909,0.26544669537872806,0.41454791189915263,0.47445414356094645,0.346546014166196,0.21427981438397511,0.3036347998680841,0.5970209777319598,0.42364336331514735,0.27391247786247913,0.25090542870096344,0.33574698356609073,0.10853789501943494,0.5789659100721433,-0.011928297569537746,0.3053106456720604,0.06631216547430863,0.30363875157225795,0.4081588819931567,-0.06882850653864364,-0.08450566447399062,0.5469023452396621,-0.0961470613744087,-0.021003984361700433,0.6275749954868237,-0.2894991681976885,-0.07020667377776642,-0.15566030949514686,0.19915544234421112,0.7716625313656863,0.2799050039739617,0.543397193546696,-0.1626284805261262,0.5045809791471736,0.37053947450906893,-0.07846704149951723,0.04173577258699124,0.32845992952602815,-0.03929496167519179,0.44119234360192144,-0.21472880812021625,0.6218759266919498,0.17060664931584232,0.47334107424373834,0.5628321854808226,0.11955088734011765,0.36651565847207584,0.6920403233860498,0.22783198073979385,-0.17450262489180468,0.25890804838793147,-0.12264611392532014,0.597725543613267,-0.09163587488592147,-0.49668639327384695,0.23008932595915974,0.5789579410372263,-0.321213465134868,0.35795421177169473,0.26290784555559416,-0.23237879411692916,0.21523067826023468,0.2527366508202316,-0.16799355847321573,0.4217839108770061,-0.004591438755963642,0.745761326052378,-0.1916628905379224,0.22613461346416294,0.04723665763954413,0.44159262141622335,-0.04838909783497725,0.3355372253578028,0.497418374207579,-0.08335020288185165,0.10437076705981001,0.3855971096528197,0.0665279468837178,0.3705651941836398,0.18279630118927384,0.17107198245674224,-0.39594413567128434,0.5526587112427607,0.21336499462517947,0.33197462136907807,0.42174638646914914,0.6506519618620042,-0.12971512823353196,0.14006937449852244,-0.3969257542400632,0.36029623852680787,-0.3471936267373706,-0.14952025636409486,0.07286077629460129,-0.34436904217417647
000568.SZ,0.6541972437964324,-0.27484365490248186,-0.27972407463962695,-0.04984081940749372,0.6398607616330225,0.44518762634581316,1.0,0.3359589436615169,-0.18637240356895166,0.8101941155625934,0.6907556673781948,0.9168259051419808,-0.12581886483945467,0.6901967455520368,0.44265810633725233,0.45896779903220614,0.7750099304176447,0.7332631062856855,0.6853363194363425,0.5484097888598125,0.7664776721145952,0.6158763206354733,0.7561634185416755,-0.35210739944834185,0.7059236659913647,0.847612895830371,0.509054257342296,-0.297232664495964,0.7111430425299806,-0.1403531531472449,0.6156708874402735,0.7655762135421332,0.18928307836142122,-0.6337306364789296,0.03881910053408781,0.8157414768644639,0.40562366907169906,0.7004016836142761,-0.06544376269137094,0.43462439268057257,0.7871460780337549,0.6657221530805429,0.08348484809965277,-0.4686408755491831,0.7858906296172189,0.3184549421462976,0.7779511253405987,-0.6554060630600014,0.12246406092835253,0.7054281667750012,0.9244253972878816,0.8194180234723468,-0.09340533855307405,0.8111874675764161,0.7421968479098494,-0.3587639137253187,0.4955522271071699,0.6762153850236575,-0.48549659625795566,0.7040119772818803,0.10815051740443572,-0.23277419123243714,0.7097840841176386,0.6364651863816463,-0.4092226747565996,0.7530988799971782,0.3103145859339708,0.23067796553568054,-0.18199851406791098,0.6603040239080276,-0.49335671539210696,0.6753234285043376,0.35771121114958265,0.6688881595249323,0.0008341790034967489,0.6894768984701827,0.23501456242861973,0.8365947169187614,-0.5012391347618813,0.7836306006934989,0.7719694034066027,-0.364135731238353,0.395775680607402,0.7337870278680215,0.3442297185712044,0.8406012458329348,0.004283652240464499,0.6292050560989595,0.21459550146502668,0.33119192782171747,0.7748256571455787,0.84413744774257,0.8506131750912448,0.5225707688100006,0.3949672695898286,0.3975810052457283,-0.374194480685131,0.6533938221645027,0.06689177434226665,-0.052059138177268934,-0.22468009045826834,-0.6794064627640931
000625.SZ,0.145833281186621,-0.7598022182016956,-0.8277964925259252,-0.6420023277500684,0.6162462326058462,-0.2247850966767909,0.3359589436615169,1.0,-0.6549250600321864,0.47762449290810755,0.4013468276817655,0.5121130013729628,-0.4282423820834584,0.3296160939022654,-0.3708808899497474,-0.3756034119822473,0.5496715093156826,0.3423722287744782,0.20413840374813788,0.32708617199673035,0.01157071907406375,0.7359112381053304,0.4339966127444573,-0.5466570422835256,0.5686625504701727,0.42438592052018076,0.4690142620118362,-0.20331895028100824,0.065706589683733,-0.20700831250173038,0.7330659867158489,-0.028424550565914166,0.5041042985182577,-0.6673068899642159,0.31402040050535956,0.4760976560596814,-0.319697434097062,0.43651184377894187,-0.6482693074991508,0.5846037459454059,0.43044630371687315,0.5424797445899625,0.5456568992899856,-0.35209643009359654,0.4216659914725381,0.6558813881302055,0.41892987377011565,-0.4361573667554722,-0.4892015443438336,0.7364469445411085,0.3624212548243215,0.017499762912390835,-0.11084908754337812,0.358547001666708,0.11756523347207777,-0.756549110508255,0.714043095901088,0.5002861500763379,-0.43145881179855583,-0.1948876643264216,-0.11343077541727979,0.3258411734427132,0.46731074830152997,-0.06800955041674124,0.09697801448511877,0.4401724967203875,0.0497713870125085,0.6253411624613174,-0.45905367779432416,0.40384133221846513,-0.24437380641224718,0.26167714296798483,0.42546521317195357,-0.2123478406700956,0.2847050433252262,0.5847814193413927,0.2966519498355083,0.37388310978268174,-0.5078655693899151,0.5328411254759703,0.2556780451731557,-0.3194213951645896,0.4630060244859424,0.47260519611054935,0.5108216604087155,0.564264087914411,-0.15369954591380353,0.4528388635358691,0.7442000662540594,-0.4958951929482409,0.6589909406751134,0.4472588978715612,0.4475759998207954,-0.0406032194767123,0.5746005072580922,0.35541252241810567,0.28618897948662825,0.37016977831557635,0.452837697245626,0.19041270252807627,-0.5164281636019445,-0.31930760586540796
000725.SZ,-0.31653207152613044,0.5953395852569132,0.7475535269884649,0.7129437467113147,-0.6096430228952331,0.26544669537872806,-0.18637240356895166,-0.6549250600321864,1.0,-0.3550630977470775,-0.39211753051796144,-0.37808524642794633,0.7282231888990953,-0.028899502212795376,0.5787688570480746,0.4504762410500687,-0.5121438145093,-0.10691654671026013,-0.33491753083719233,-0.36335837513619823,-0.034255041601871566,-0.5406264262695817,-0.2655101747035864,0.7471515995820147,-0.5509565232676134,-0.304506030716412,-0.17437616190282626,0.4534807740345615,0.021602389384477106,-0.005471066258356652,-0.5950467648780731,0.1455585276158098,-0.6228885103945315,0.5240724418735828,-0.6221093624829676,-0.25591037418921925,0.4124310967499672,-0.48478973186953916,0.5511409409888058,-0.5606993308962193,-0.3111727024498765,-0.52568533050457,-0.454639563178485,0.13040679820373288,-0.3568900810563604,-0.6048932332441121,-0.19329989601029904,0.2703156167936798,0.643018460036639,-0.4836177996742865,-0.2652929057179221,0.019968827999466626,0.0817151006162655,-0.2693996153749562,0.14780527987921055,0.6528068891235542,-0.6909933057691856,-0.5383375538639963,0.37419362690320956,0.3010357708173021,-0.05026787509059962,-0.445004026771788,-0.4948960362201224,-0.17813861975266254,-0.279095087040748,-0.2143199686557582,-0.37183986861931717,-0.7281691560662314,0.310810415833735,-0.4709766044551131,-0.021954682503420975,-0.27631175970457866,-0.628530338788809,0.31114943381352983,-0.42939054421576794,-0.4738281405886242,-0.4537290705381049,-0.2853643104695165,0.40366024803758555,-0.47487111747339045,-0.18209123325657572,0.2895828784328503,-0.47445223987847057,-0.49567682279537584,-0.3148189390169991,-0.3851804738987418,0.017481677691152928,-0.3714883604830737,-0.6840798328502803,0.5978713121503584,-0.49504936411455863,-0.3798685452418178,-0.2941313997824148,0.08987970973463448,-0.43623040959748044,-0.4128379952440728,-0.23051060848255633,-0.46703383980476,-0.575347159421682,-0.3233045349811303,0.5384813806648386,0.18488949705667623
000768.SZ,0.6322216197479641,-0.30576034631509535,-0.43696929078736413,-0.183556069401181,0.7666994411237619,0.41454791189915263,0.8101941155625934,0.47762449290810755,-0.3550630977470775,1.0,0.7925751173259202,0.8769715759500126,-0.2885626741917708,0.5608730074058005,0.2780085018577272,0.26683306881125257,0.7565739250827305,0.6028130018603303,0.5346533125331835,0.5437819167224115,0.6491569530212704,0.6011512022719343,0.7065379030600707,-0.46403591695009033,0.7969092537112444,0.8813959498204276,0.5707288121264739,-0.3007394367636734,0.6698180822167951,-0.2559412425684409,0.6477928012507798,0.6292350089345969,0.24241794316678658,-0.724845983691933,0.1443352136734542,0.7755338193147853,0.3407036801590593,0.7405766511146887,-0.06865874370252749,0.6211191363086858,0.879515912822996,0.8210338978301657,0.24259053988682408,-0.3702462895252135,0.7607132303576614,0.45428258412566885,0.7651715506300732,-0.6582870161440098,0.014246177746305063,0.7976547595809649,0.7833789147105801,0.7114459427529146,0.010836295238333238,0.755778278628108,0.6626134027999349,-0.42716239871385503,0.4530149998116584,0.7696234242409187,-0.5076061035407701,0.5340119765475118,0.09336455702067041,-0.15277816285719692,0.7459347835580137,0.5808322110726923,-0.3298930402912348,0.7537731586692754,0.35314662623388804,0.2790366887790565,-0.11637024812397329,0.7273620613524207,-0.4582495070098426,0.730963466245614,0.47198709002518663,0.5611084760854704,0.14671295361273817,0.8671782171736139,0.3453191755282236,0.9093990747331434,-0.5092035138075856,0.9091134754736648,0.7052923840066886,-0.3198831665179237,0.5074024164843107,0.8312395174216262,0.47167947433540064,0.8858399952715094,0.10207486601527922,0.623381220898743,0.31700279508999013,0.1482032012954101,0.8258397978151325,0.7976787688740233,0.8255155334623088,0.5615483297511031,0.395331186751336,0.48565160854638395,-0.15833029765498988,0.6802838274774383,0.2671972200686137,0.02286069982300416,-0.27888516315908113,-0.6416835450580044
000776.SZ,0.6424983442815028,-0.27235829948021717,-0.40748044438471426,-0.2366996225429855,0.8512304306932742,0.47445414356094645,0.6907556673781948,0.4013468276817655,-0.39211753051796144,0.7925751173259202,1.0,0.7667462512012282,-0.4043239957477851,0.46533544460256865,0.15895854031258363,0.1953372390914617,0.7894553216543686,0.5123644673250696,0.6995233109799587,0.5892826977676461,0.6874094679842764,0.561455807283382,0.6538318985351074,-0.5508386974270106,0.8807647792618777,0.83405587460951,0.38341690709576026,-0.46187774164716844,0.5427564830577821,-0.10832020032769339,0.5962134688137352,0.5997582696450067,0.24493987106765336,-0.6243935884037184,0.1632922674267233,0.5794118672204736,0.3244353833867946,0.7703486486421444,-0.12317745183234953,0.4356372514156129,0.9156039821408553,0.8044874582388853,0.2074145493881955,-0.28351457628016036,0.6712395837369162,0.4822640505300673,0.645585289054015,-0.5463119512046799,0.012677654550074725,0.7045350895580106,0.757145381008289,0.6850000134419143,-0.006544101374676796,0.6897582050202105,0.5805492559811125,-0.414672657907502,0.49174814588887256,0.8926771506868846,-0.5564385932829924,0.4664033972886883,-0.03510253593428342,-0.14975273764374547,0.658207412758293,0.6511367604997181,-0.28313934199250707,0.6412357219000823,0.45987816622854855,0.34793047795459836,-0.18167893274730249,0.8422878180487149,-0.36489747154030083,0.6503526788309494,0.5243269500813231,0.5443336178311667,0.12552049957552464,0.7560422771377565,0.3080814200006511,0.799317326113466,-0.5649191395992451,0.8632211089394014,0.6769843765421951,-0.3783654453981454,0.4519532266265091,0.9564837710244792,0.32765180667999066,0.8410886655496986,0.10688452749234718,0.532612522588455,0.21296020660543377,0.14018926491360748,0.7437574070042595,0.8434732653970224,0.7710544505404701,0.7497684389496934,0.3404524296771787,0.4127933966995259,-0.32205153608869824,0.8699507356740712,0.18864904823358233,-0.006720844329984941,-0.3575223818909378,-0.5338708689494446
000858.SZ,0.6744814452408158,-0.3964109629507005,-0.43790904285483173,-0.25467910462194043,0.7686759367130301,0.346546014166196,0.9168259051419808,0.5121130013729628,-0.37808524642794633,0.8769715759500126,0.7667462512012282,1.0,-0.3149078385050323,0.6366851360692672,0.252805505374669,0.32843453642973947,0.82362965365567,0.7173080425739012,0.6914491208028037,0.6269299465116981,0.742793857856937,0.7067911892094111,0.7799370170803984,-0.5001376760243084,0.8252773780532104,0.9078561799132164,0.6181625588442423,-0.3869910997286776,0.5867044760520811,-0.15889205996466407,0.7379941024205151,0.6623875154128034,0.2769368672611006,-0.732167999359915,0.15307834075391794,0.8348145079139596,0.3056112576446704,0.7873906803531172,-0.2150483404831224,0.6149872922129473,0.8524757887442537,0.7892992241714176,0.25028598848475875,-0.4845015979885822,0.8201993080152432,0.43908746964482964,0.7681345941891816,-0.6968825166366265,-0.045139246033371855,0.8212662393157806,0.8983773722686982,0.786347084370875,-0.05184991807858697,0.8845173747973315,0.6705582325858903,-0.5223852035958748,0.5833273978914636,0.8022438056910008,-0.5127951104783341,0.5737396794473183,0.10381397203059117,-0.13022661603545366,0.7083860330780561,0.5759625192787733,-0.3499336640602213,0.786268948124116,0.3342940337027394,0.32986560340583376,-0.24693294877622532,0.7551169981990161,-0.5205334987126548,0.6475997182067196,0.44514924072372003,0.5511432993480548,0.07475314205698853,0.8549715947342055,0.25668380747395597,0.8907094289162459,-0.6222841257706225,0.9031522788824193,0.7758400401671904,-0.41702699764545387,0.47795473932997673,0.8272402237161512,0.3831819019941924,0.9203605002347454,0.00048080879498842616,0.6223202740314477,0.34745306245684665,0.19705505881374408,0.9092560260925678,0.8737587258838326,0.9006344822622482,0.4587200164392748,0.501904432037981,0.40419744110985084,-0.2518510528040547,0.6948862327302416,0.20995931456014463,-0.050899602984212526,-0.27442242543816125,-0.6624488601343933
000876.SZ,-0.4377847941290276,0.4979711464838134,0.5670599442561034,0.7366312381267033,-0.5313706361608944,0.21427981438397511,-0.12581886483945467,-0.4282423820834584,0.7282231888990953,-0.2885626741917708,-0.4043239957477851,-0.3149078385050323,1.0,-0.12949867482894153,0.48545366500010245,0.361159590959829,-0.4565152755539372,-0.16827302055891794,-0.4273636146658315,-0.49277287025904304,-0.17547583852148016,-0.46810268256831417,-0.22578978832624086,0.8465500460128667,-0.49145183890317545,-0.3173844216461419,-0.09615307885902506,0.5431015137998757,0.013028794132197,-0.18779913743750776,-0.538910134041116,0.07005845590701908,-0.6101828280190261,0.43006157246353655,-0.6466325705628974,-0.18998964839543608,0.2975903379269112,-0.5151409723240392,0.5004041052705773,-0.5930673311143355,-0.294396811171032,-0.5594008444981239,-0.3442908417394728,0.10527866797206838,-0.32179691070960986,-0.5802598477745659,-0.17484045404656823,0.16710209486193192,0.6650778809138771,-0.3671970671490343,-0.29544594825017834,-0.034340808040586,0.05597378694307179,-0.270926302645346,0.125510173609554,0.5937368179569568,-0.630338326741565,-0.5310143572346991,0.33102382461205443,0.28381258056492564,0.18214391468485722,-0.3711898365151122,-0.42031759330184176,-0.24136560206768576,-0.2428274514592329,-0.2667427696225468,-0.3872451239436552,-0.6280195118926573,0.2724009845671534,-0.47247221342122797,-0.06795332470752762,-0.1942615997712189,-0.5190127577988766,0.20234997563364973,-0.36975006235508423,-0.45094685678427876,-0.3297311042741426,-0.268609731564233,0.34819015630920336,-0.4023848396181733,-0.20463653730555306,0.3525261966762369,-0.4247932254159808,-0.48253182740496164,-0.2238719092498793,-0.30366690790209927,0.0050473852145444765,-0.1862045092473552,-0.5969652516691369,0.42450171523072816,-0.38981022145679,-0.3570345135506026,-0.30921627806786306,-0.025093849954237274,-0.46877913695781587,-0.27817012041601835,0.05753860308640387,-0.45856680615810513,-0.5501524054533072,-0.21599254510684188,0.2663125648360299,0.042142855741244746
000963.SZ,0.33051942897172537,-0.32097062587607417,-0.26642953356473265,-0.15816040857291924,0.41879028845943994,0.3036347998680841,0.6901967455520368,0.3296160939022654,-0.028899502212795376,0.5608730074058005,0.46533544460256865,0.6366851360692672,-0.12949867482894153,1.0,0.4042012379774443,0.2551959254799066,0.5359127344983948,0.579758180975281,0.4894403190575194,0.5569280806738629,0.4088697151839919,0.5441692246545268,0.6247769022676267,-0.3070582766571459,0.4205426675239948,0.5518508089172373,0.3844255463973065,-0.10971287406044943,0.4998504272968658,-0.24768802196244666,0.5331778683609798,0.5616456487521643,0.26524837218476555,-0.5265328839097776,0.05691382713325772,0.6024735931782038,0.14707078309075092,0.49337094351955657,-0.23138651403425334,0.361064937085307,0.5461791740128693,0.4971747668700752,0.3316267544642984,-0.41957016889354964,0.4851839633622837,0.4480281892796923,0.7484851747949574,-0.5294425602226407,0.020905173902809687,0.5821306379301334,0.7014933612743177,0.4798697093286252,-0.20692002900973075,0.5123858044753224,0.6363217079372621,-0.3052185875230316,0.33929539213263443,0.4960374913905256,-0.5003559405723658,0.539538889807367,-0.1087100655764232,-0.024953035762385778,0.5348008026433859,0.4151744837587456,-0.29457262934784456,0.6052020780991147,0.124720440558016,0.25045753765942597,-0.20502377081247905,0.5156637503679619,-0.39192767562737446,0.4644217506740718,0.15516656694494035,0.40526132395495584,-0.040642749942726354,0.5364939397361013,0.10085843458061966,0.54605685996937,-0.4931796553991017,0.5373395111484428,0.5078017170944532,-0.3702408428204498,0.20804121181158075,0.48608654771774534,0.35035612994494114,0.5625896408145235,-0.15551895168390684,0.4872835936549798,0.33317979179681506,0.34329690114774264,0.5384129181469552,0.5145553992898654,0.716236037760829,0.4647144597100224,0.4533775303770778,0.21607495361295911,-0.27155527309968264,0.4347795983943381,0.050683567608651,-0.09416941790734229,0.023009470771537626,-0.4688827910294162
002007.SZ,0.1030387457273894,0.3333609899269579,0.4652143370999995,0.565048331703178,-0.005761321547729463,0.5970209777319598,0.44265810633725233,-0.3708808899497474,0.5787688570480746,0.2780085018577272,0.15895854031258363,0.252805505374669,0.48545366500010245,0.4042012379774443,1.0,0.47986256098152436,0.05226945397887727,0.20244623334032086,0.16832428030331617,-0.03352981318620337,0.3888904131444431,-0.11528775443320777,0.22519958519256988,0.29748978775665,0.05115124635403121,0.3227794275626355,0.09698280345560695,0.2748519944429866,0.6295277675159169,-0.17411633856143036,-0.13504338924575182,0.5277906493136669,-0.45650343601119997,0.03195119304431886,-0.4457324493136409,0.1827179591507215,0.5872713890108623,0.04544805481837605,0.45928005611208794,-0.2508197571245496,0.31617137526283284,-0.004476065822424224,-0.3545920757038903,-0.12658294936935274,0.1039617452599727,-0.11647257423369047,0.349426374034212,-0.15133603065912946,0.6182935050317898,0.10296158666383308,0.36273725417231223,0.49202111892664185,0.020876849949890044,0.26792326476515743,0.5456172338674551,0.31080038915418595,-0.3620490261513918,0.050744378496973885,-0.05485015186050123,0.7559204920601553,0.00417327746975138,-0.48539145444234943,0.1895877235928901,0.29916539936502945,-0.44737629167393256,0.2917165510733242,0.057461896003851494,-0.3960336644575215,0.2659187239883227,0.12356149570305659,-0.18643036242815744,0.4147785362552044,-0.11993268267070088,0.7572305520112206,-0.2449869874296303,0.04892544207726399,0.014666381097424944,0.3141109373202456,0.12048251700192236,0.17266443820724545,0.26651421954342663,0.09337375528428134,-0.030644195336839125,0.10126727311773058,0.12195850942040987,0.22853687966419725,0.15729491080376315,0.24644657776258524,-0.47019981469566635,0.7327318652525198,0.04595430197087668,0.1643750047956418,0.346020096122658,0.4950057950436972,-0.3325141752581651,0.13328439040444742,-0.4460133927351903,0.06631922822305077,-0.49092806186501153,-0.18049034288454582,0.1487483429338328,-0.38213242479330517
002027.SZ,0.3430722333831649,0.4156182056054214,0.42128169766376017,0.5201675916099259,-0.0875837059417852,0.42364336331514735,0.45896779903220614,-0.3756034119822473,0.4504762410500687,0.26683306881125257,0.1953372390914617,0.32843453642973947,0.361159590959829,0.2551959254799066,0.47986256098152436,1.0,0.049063453850441474,0.46038692556188804,0.1683177930839168,0.20976161285756764,0.5688008313073125,-0.005352780289359732,0.24895626711617938,0.3088251868525601,0.039992692331490144,0.32616356947690445,0.2749688886481216,0.0053817196125487965,0.25982953020760546,-0.08955328245362004,-0.07340891448260273,0.6591314340260971,-0.33389920491843056,0.060835145564630384,-0.37961771339191785,0.2740719334981002,0.6995248558188066,0.13078774570606494,0.4540967586904785,-0.07834376716924503,0.25170866971769545,0.08774380843305167,-0.2185331588843529,-0.13679212953097677,0.2712648388682977,-0.45956226725714194,0.21805136265482525,-0.19580594306095653,0.505961592653399,0.014003739389409705,0.2758865615635429,0.6478064499996566,0.12163662418069111,0.41941453299230363,0.6230835465678318,0.4023925236687742,-0.26175739114674873,0.07053192161504802,0.011437999614707385,0.6201623020922907,0.19503515414124176,-0.5101055908333398,-0.05880696983491875,0.35810312386419824,-0.517461428128334,0.3526000205578654,-0.074490508370081,-0.49737378412755434,0.10769980923057394,0.08701570034832547,-0.4286740228051873,0.07745646307247496,-0.3596447687881216,0.575238038390448,-0.47790260718071936,0.1393978415240947,-0.3835802432411886,0.38411923503264006,-0.13746470046222667,0.18461865860866614,0.45729887236823047,-0.16794763707929816,-0.2088253721855339,0.15351387601778832,-0.13261597321578208,0.25534439452137425,-0.02181573944655642,-0.04702044969915182,-0.4297713870221616,0.7110476660604642,0.19507620201871068,0.285409386865659,0.2876974069166945,0.38853075094880135,0.05588431555966464,-0.2607804179942446,-0.3752126241624172,0.05112586761335156,-0.29384593309308765,-0.41052008878935214,0.5088059352768254,-0.17837744397056077
002230.SZ,0.6458412452650456,-0.46461946920904884,-0.5709240118200899,-0.39699379721414313,0.8118832110588096,0.27391247786247913,0.7750099304176447,0.5496715093156826,-0.5121438145093,0.7565739250827305,0.7894553216543686,0.82362965365567,-0.4565152755539372,0.5359127344983948,0.05226945397887727,0.049063453850441474,1.0,0.5689402677384529,0.7111280904734993,0.5596741313660626,0.6962962907481454,0.7423886689847166,0.6858102273163053,-0.6347746292305875,0.8067565145120149,0.7683349362982713,0.36676129242412964,-0.5586426738664091,0.5079906436316196,-0.10058868463444055,0.6665338856726387,0.44686741653641,0.3697819124965917,-0.6663263251230441,0.2853232500681933,0.7032466683187083,0.11527022715099777,0.75522517711099,-0.2871303616818927,0.5387746931073226,0.7614405422143123,0.7437999347477121,0.24529917711733798,-0.41804627462116856,0.6698441657454052,0.5523061317679079,0.7065995935650059,-0.5736853165040258,-0.12686352485002758,0.6936813045398204,0.8268788475699722,0.6279481871105396,-0.19586570012741858,0.7536935212198294,0.4740279499875099,-0.573332946999327,0.737871000524419,0.7801896201062409,-0.6094587457604289,0.4023948565934405,0.10316081943149084,-0.08448687810873841,0.7291585593131509,0.5960440649306572,-0.15956816702689178,0.6143407178833666,0.4874509187172856,0.524877219856878,-0.32989873871668085,0.7136847541153415,-0.33853687261130405,0.5954561222797193,0.5838542388448956,0.44065243429537077,0.16402076394405102,0.7355108579220245,0.32710632415326907,0.7694413497280256,-0.5887469480778121,0.7945162780915106,0.6748706183718319,-0.3432619171368036,0.46795039751756956,0.8307931974769884,0.33602888418913196,0.8182486977042339,-0.015832346922886167,0.5919455610173558,0.42147830368235306,-0.02426135098325649,0.7868430173250384,0.8562464613155664,0.7342202746033409,0.4378161119994519,0.41963902085012034,0.43347893640018836,-0.23805283168216806,0.766177329556157,0.2721466628520541,0.09559393226543139,-0.46552675347726385,-0.5898895791766365
002241.SZ,0.4214565870461146,-0.3624410046367042,-0.2645970665579518,-0.19969115888581046,0.433681431377734,0.25090542870096344,0.7332631062856855,0.3423722287744782,-0.10691654671026013,0.6028130018603303,0.5123644673250696,0.7173080425739012,-0.16827302055891794,0.579758180975281,0.20244623334032086,0.46038692556188804,0.5689402677384529,1.0,0.526520139488934,0.600590004410128,0.6736721185687399,0.6032056450320812,0.7970338901629287,-0.2974852970442444,0.4876338414383383,0.7035022433797314,0.5816233007605071,-0.3830176652518705,0.37154755022348845,-0.2822924877444125,0.522597667390386,0.5904240667673069,0.031065121181378098,-0.5767542082592553,-0.17043820141057456,0.6809937530223151,0.373042650874045,0.4605507279961489,-0.22519162530082762,0.3990950609904739,0.6154325731208065,0.643695095696958,0.05793327593199002,-0.5187708305988669,0.7136332788782656,0.15680874454707752,0.4905791227369707,-0.7248691141239378,0.0731737528346869,0.5509974721867045,0.6442388439709721,0.7051652351586338,-0.23770594986581692,0.7118548254042123,0.6435193841942157,-0.4094537346249165,0.3650675426095486,0.4757938031143758,-0.48506268331165386,0.4720494715346761,-0.029604921759914082,-0.3464524515530852,0.4820030221057107,0.33551565374970665,-0.5954790519923827,0.7713871214376584,-0.027908224916470364,0.03130179657359567,-0.4188138062644993,0.4688529151165795,-0.7044917284740561,0.29952807790321884,-0.003352095039371244,0.38745626683382633,-0.2750321049331588,0.5775928756793048,-0.16509143163771647,0.6638650955840343,-0.633706155420115,0.6074302021445536,0.7674449939140363,-0.5755000949742074,0.07597968231541398,0.536351691874064,0.214221594140903,0.699900424351132,-0.3049280001589351,0.279939014903586,0.11111208372861897,0.28639406093151815,0.7031058033944878,0.7412337164278583,0.6751677601101486,0.3614839016136016,0.4907126986889346,-0.0037275593994325665,-0.30661615586261265,0.3752953541307121,-0.01750581641089158,-0.34811833047291935,-0.13336183440793628,-0.6003400463308262
002304.SZ,0.6388268600389542,-0.27386687346112304,-0.2642927649194688,-0.2712576976213495,0.5940101732706774,0.33574698356609073,0.6853363194363425,0.20413840374813788,-0.33491753083719233,0.5346533125331835,0.6995233109799587,0.6914491208028037,-0.4273636146658315,0.4894403190575194,0.16832428030331617,0.1683177930839168,0.7111280904734993,0.526520139488934,1.0,0.6921315621533273,0.6972306410398016,0.5169709656107236,0.6241137419839774,-0.5491440505408858,0.6557864347778892,0.6505712801487721,0.17732830441207625,-0.5390213191202473,0.4772194081349021,0.281661104443263,0.4709905332795605,0.49388786391567857,0.2123713045651288,-0.519901874313411,0.16656259075402333,0.5290328819864022,0.17975890906747286,0.7085760267626839,-0.2027897553960825,0.34328946880637284,0.6483483768647459,0.6363290404561308,0.037738099694367595,-0.32932067106522817,0.6071037544357167,0.36905693837113707,0.5546923795775495,-0.546567518023175,-0.0087999806145381,0.4736174142137323,0.7494573187162462,0.6680718625184258,-0.21619423381177838,0.7060468047735333,0.39462387825510586,-0.41026125014527964,0.4952811158616694,0.7031138578924647,-0.46415774070160776,0.5260719184078272,0.02773223046762204,-0.1654121013415016,0.6406292804169843,0.7001181831808608,-0.30813940012539115,0.562299101369975,0.4257848497431041,0.2640443447122149,-0.3021167581224414,0.7599257757058816,-0.29073333996194345,0.5525357892929201,0.42851875486287616,0.48004631832913286,0.04087705365582645,0.5421058435459897,0.2121595806349338,0.631736215894093,-0.5117447250652167,0.6601408698492739,0.6504650131909114,-0.38304211782693803,0.2909767051353781,0.7249388937031863,0.09045132237051895,0.6306194593890946,-0.04935834576322314,0.3841978274517975,0.13132494667723368,0.2669100152515437,0.5838820672019821,0.7493734220606889,0.6890854232870143,0.4787576375715179,0.40276432881063445,0.28631953226585843,-0.43427167592794885,0.7359047549410845,0.05655471183268488,-0.046607759123178216,-0.28844526835593853,-0.5057080833873874
