,000001.SZ,000002.SZ,000069.SZ,000157.SZ,000166.SZ,000338.SZ,000568.SZ,000625.SZ,000725.SZ,000768.SZ,000776.SZ,000858.SZ,000876.SZ,000963.SZ,002007.SZ,002027.SZ,002230.SZ,002241.SZ,002304.SZ,002460.SZ,002475.SZ,002555.SZ,002594.SZ,002714.SZ,002736.SZ,300033.SZ,300059.SZ,300122.SZ,600000.SH,600011.SH,600015.SH,600016.SH,600018.SH,600019.SH,600028.SH,600029.SH,600031.SH,600036.SH,600048.SH,600050.SH,600061.SH,600085.SH,600104.SH,600111.SH,600115.SH,600196.SH,600276.SH,600362.SH,600406.SH,600436.SH,600519.SH,600570.SH,600585.SH,600588.SH,600660.SH,600741.SH,600795.SH,600837.SH,600886.SH,600887.SH,600926.SH,601006.SH,601009.SH,601021.SH,601088.SH,601155.SH,601166.SH,601169.SH,601186.SH,601211.SH,601225.SH,601229.SH,601288.SH,601318.SH,601328.SH,601336.SH,601398.SH,601601.SH,601618.SH,601628.SH,601633.SH,601668.SH,601669.SH,601688.SH,601766.SH,601788.SH,601800.SH,601818.SH,601857.SH,601877.SH,601878.SH,601881.SH,601888.SH,601901.SH,601919.SH,601939.SH,601985.SH,601988.SH,601989.SH,601998.SH,603833.SH,603993.SH
000001.SZ,1.0,0.763660799118599,0.6486343887140128,0.7303710389278165,0.4708802618602246,0.38434156976342576,0.7247639222713467,-0.36821938305709917,-0.3620597192005141,0.44249604393440606,0.7162063901780149,0.4125053270908012,0.4212641166500462,0.23614315624890922,0.6579610072231781,0.7170150464673294,-0.5881698584776731,-0.6197587672637311,0.7479779422260155,0.2989329835781469,-0.4548731984965945,0.08589801954895367,-0.6780853837210676,0.42547973155664337,0.7018352755623836,0.34797020124081857,-0.09367381141517152,0.1972232783737552,0.7969725597167701,0.053233955942331,0.8010969463804726,0.5542281790493587,0.2354556368145511,0.5718358670027707,0.5006227197726827,0.6996804433401765,0.6839138512344904,0.8504687544951323,0.7065429192834758,-0.5000641802851059,0.6845856863155483,0.3331673870838208,-0.5422157586629525,0.6276707933684781,0.5602664798511122,-0.20602757086543952,0.5916449331301744,0.700745163179652,0.6380265600784804,-0.495191319395969,0.7449933226575788,0.16869712670079273,0.7514242659078567,0.44080180440476124,-0.45132281549493153,-0.4723255622505424,0.6247771999109866,0.4329353951521386,0.32632211693527774,0.5561135614604252,0.7185103696089961,0.7706536913150827,-0.07763338651194328,0.7577630011797747,0.5889597991268843,0.7283871685025138,0.8336344662426307,0.6494125796901619,0.6832152857562082,0.6216277924824026,0.44425810798365645,0.7181630302915373,0.6705049323163971,0.8345300820199996,0.5324077794227511,0.8322685520850394,0.2838116632999472,0.8660603434615085,0.5381995400207548,0.6913350220398554,-0.5591061466115227,0.3708679597494436,0.592209013860659,0.717419313426073,-0.4958415100278631,0.12089891302632871,0.41041512056523644,0.5981223322267285,-0.5837063197518969,-0.12793705907680167,0.5281145334657328,0.49704866136287795,0.6520186052266488,0.45954672525049595,-0.7025793541195933,0.7103514862847248,0.4229140197412223,0.35955404289239296,0.557400305823952,0.7836419989873323,0.6328576989339655,0.6451012761455186
000002.SZ,0.763660799118599,1.0,0.8181870679381738,0.7849775749120594,0.34633954880101836,0.30344483662156535,0.788355726457377,-0.369476826874441,-0.2774930633179901,0.29129688582356894,0.6934844694959063,0.5376257512133901,0.4961403569301444,0.3681334170519923,0.7763822116950875,0.7521927057761021,-0.5609889152502684,-0.5647704503439233,0.7277373628058047,0.47519926044191646,-0.6511400918453529,-0.13807626603471354,-0.778040094031236,0.5862282332657991,0.6531216213775237,0.38366403619517003,-0.2044453355893788,0.32386566061395844,0.7610986377156532,0.015965602848996587,0.8723078038673532,0.6877164459241375,0.29911648357669746,0.50052983917923,0.4186842785507367,0.7815573191997353,0.7369889462548503,0.7997307473317828,0.8798502126113772,-0.4673990139821949,0.6507388677067268,0.3680692908129415,-0.5799591461869864,0.7227291438714141,0.717213963400314,-0.24322213417213157,0.7973207549437423,0.8237939757573196,0.6715757250192343,-0.6990676134346502,0.7610647693110781,0.15071211463691117,0.7766889756732324,0.5490534159866897,-0.6937763817021825,-0.6684898678128808,0.6508531772931969,0.24731806856426122,0.3271962730064178,0.6833923900683546,0.7725327365943405,0.7803356863953561,-0.01849516595444123,0.7962544350405417,0.5518991694534451,0.8690153487412714,0.8403524156735046,0.5178672690957731,0.799330928779184,0.5854664869695668,0.26597772706293754,0.8434736460405272,0.6937518718018562,0.8913887782705187,0.4220325012952674,0.8370700179187897,0.10653127809556884,0.8318234686926127,0.5776272623671839,0.6338750544228705,-0.6449843326115575,0.426418957330794,0.7093102041397884,0.7477545573183417,-0.48674381521538757,-0.22939633957889502,0.6465739914558307,0.4771210565860439,-0.6857246538482684,-0.25683427850891377,0.32096710207303975,0.46000367215628774,0.7488959895197662,0.613804011202752,-0.7797415407619068,0.7776229315885207,0.5498937531013594,0.6704795288518234,0.5554921271228751,0.7299828277082345,0.6476945623698244,0.7581620026123698
000069.SZ,0.6486343887140128,0.8181870679381738,1.0,0.6972372892265062,0.4522634638038512,0.4149750876803799,0.6833494727127843,-0.46013581417768484,-0.3824342941837655,0.3429197072763601,0.7737814210697823,0.6009825875467935,0.4976911490300588,0.4178786189043539,0.7900032769839301,0.6931816698335376,-0.6423109780610152,-0.6221335163675105,0.7054572946524819,0.48274897918886017,-0.5726023813371027,-0.11606581566978756,-0.7975207371159825,0.45430438115366334,0.743063215876175,0.4228901884216836,-0.040380141111376784,0.32778923550971395,0.7777360839635836,0.09855473647441602,0.8741952555334361,0.5121428275858639,0.38048136500666824,0.4507449145201985,0.2828873572536094,0.7206845158986562,0.7051293008332894,0.6893327736079694,0.7130037377403196,-0.6306540301937364,0.6104028379094963,0.4447722312498807,-0.6842978330892433,0.7686628791347664,0.7047598510534465,-0.19433142703381492,0.7509713176792653,0.7472769186709586,0.5612596871861693,-0.5195848740095143,0.6546335399288993,0.09646475991067553,0.702200067759517,0.45787656836074503,-0.6435047693576048,-0.6921115826367138,0.7965391767205331,0.16347915160524615,0.25644063951456375,0.6508751656953259,0.7041763333547841,0.7685910705871958,-0.0827541557970689,0.6620631928608359,0.45321027291945776,0.7312588855982001,0.731532767054872,0.5455490567759625,0.7017059496268602,0.6907224235952726,0.27425773596063624,0.8084580229030905,0.7855401157186299,0.732307193329698,0.544115444281925,0.7634995523351096,0.09051103462263911,0.7375177348418175,0.548629311297897,0.7044829044792481,-0.7148132454049744,0.309414516100079,0.7186371317071304,0.7743554580264113,-0.5811048297972669,0.016293828964451727,0.54300649660738,0.6457295319936173,-0.7939187356963123,-0.18335208497940989,0.47072024476002977,0.5712623090108262,0.6086811209734759,0.6289359379690987,-0.8073138453227218,0.7412027120237769,0.4966089196897087,0.6955045657469112,0.6436365713482316,0.7624765101297905,0.6194658843509,0.7483589119231143
000157.SZ,0.7303710389278165,0.7849775749120594,0.6972372892265062,1.0,0.5516554851547985,0.5487939842648603,0.8411674521089787,-0.3301336069221416,-0.17242471919381566,0.4753024839025404,0.7934074289994301,0.6535263894784306,0.6519638755995697,0.5453835499900156,0.8099233405990224,0.759167526797714,-0.5170169904939459,-0.5623272976128345,0.7667616032668247,0.5717501692731759,-0.41247219591903056,-0.22624804178560595,-0.7620245454304544,0.7052361868949516,0.7839857542872771,0.6650777473463934,0.10439897750414145,0.36629647046433056,0.7693657350397113,0.22171741994673802,0.7770566689029409,0.5951175803451151,0.3387503716085865,0.5525142184998816,0.3466491387680091,0.8047715280251803,0.8650764242127883,0.827711082375207,0.7191157740406352,-0.5380552803150908,0.719324036629223,0.5321210659185881,-0.5065261103551392,0.7208813638459987,0.7034308363198588,-0.021781568214775022,0.7843103284956555,0.8682652220008306,0.6315703458686116,-0.4782881029706442,0.7424922265873636,0.2091392260110727,0.6800576836562923,0.43592016549879914,-0.6748898367755034,-0.6588414884711903,0.6238734892784152,0.2658753140460813,0.4050056725380313,0.5976532622866082,0.8385295861700314,0.8323477120888634,0.03195563824155969,0.8155889815871337,0.42615331179481836,0.7945547951291556,0.8572960930016329,0.495295795603238,0.7542828998826724,0.7174972207816007,0.33938310140372163,0.6892200671876489,0.5786751476305654,0.8007321464906134,0.45396643179273516,0.8620325008775321,0.16541375514734297,0.7937039005338161,0.5475780813193992,0.7340603174591211,-0.6107483526101353,0.3956894477019616,0.7433124512764003,0.9102936556999287,-0.6370745671833175,-0.11089288548165745,0.5457216522511982,0.4024905680445519,-0.6582196739904271,0.01405361881933225,0.4646705691712231,0.6520973048078182,0.7833680851626741,0.528503315232243,-0.6761203334260756,0.7433322877323981,0.5161845232989647,0.6618759022718276,0.683396310573738,0.6474064432951425,0.6140362865732636,0.83268491326313
000166.SZ,0.4708802618602246,0.34633954880101836,0.4522634638038512,0.5516554851547985,1.0,0.6728777065837264,0.37793445747052257,0.16691249681798156,0.044959317789111684,0.6324541307444279,0.7728056386182778,0.49636163847840015,0.5648971519546391,0.6011478243330163,0.5253265122218566,0.460212550614042,-0.2278043449245678,-0.11154652124773622,0.6390697644392992,0.528572389032638,0.2234587014114117,-0.3273899020835526,-0.3511927488091769,0.4049625680316158,0.7705952770599543,0.824506680185249,0.5944679522369439,0.2757530199563698,0.5346237919057633,0.48037222812945574,0.5755430473701995,0.03193659535385016,0.47787919225558495,0.4069064005293334,-0.15179436567363,0.455214370530663,0.691395892167991,0.5275997474363191,0.17520995163869668,-0.5122910197830689,0.2262143382584987,0.5421031462081329,-0.09156415743732531,0.5479138642664879,0.4264383125113001,0.29323084331543176,0.4163294872300596,0.5836045117677267,0.14006057553916676,0.039542168463668606,0.2947369694927469,0.018404754634098422,0.20754866759357457,0.13030943049970578,-0.2745238395862864,-0.10974949676973246,0.44156993706705316,0.2715763374916491,0.38817839720774394,0.2432606341745255,0.4975979599222757,0.5808629381453396,0.33173979642668255,0.22911244615838952,0.1481539178736223,0.324981607313465,0.4468122524719765,0.464028580878512,0.48009252880141956,0.8657535131311481,0.31861695585628114,0.37317552861515496,0.25097209025643447,0.40449966763549533,0.7789668368063819,0.5334378139335737,0.5637360239974063,0.4051752244362363,0.5800729215945519,0.7991045894127499,-0.26355395923641295,0.3256396684042511,0.569989667869072,0.7073085228952745,-0.454205457178466,0.285233493857909,0.011734634119186502,0.43432600761421686,-0.4058425316753931,0.5304948777233455,0.7767327188360081,0.9206624659477948,0.5290383848121202,0.3317764513255452,-0.2885476985799621,0.4667715286926056,0.569039703914279,0.42456289713828016,0.5926975286097564,0.40098285557741625,0.3441669757673425,0.701577702022385
000338.SZ,0.38434156976342576,0.30344483662156535,0.4149750876803799,0.5487939842648603,0.6728777065837264,1.0,0.3778288950536602,0.20026880696675506,0.06925287471385319,0.6000150941632203,0.5866290385968365,0.5415334484853639,0.8184662040892897,0.6297743801763245,0.5364611832534597,0.551016981149894,-0.2406319641906308,-0.06047391337671335,0.5654534840985165,0.5204623160555047,0.21907621577995132,-0.36605870751775527,-0.3201094761021899,0.5683863429689122,0.6049212927245858,0.6578754259677928,0.5686582972672871,0.4358489785244711,0.32016431350867997,0.7671910300216193,0.4490951006341417,-0.11374208258433106,0.43443433345308397,0.3441438702493529,-0.1533925177870075,0.3792784282784289,0.6633707592934381,0.4324929216921787,0.22006459911471699,-0.5367839437900386,0.19426631043245035,0.8194891645444128,-0.04531796222641212,0.5155973168917863,0.307947742053784,0.5376769530586003,0.3723167577898028,0.48125308463283156,0.0440204478486975,0.1384355657562014,0.2913392743801457,0.4209517843353409,0.20644746590380245,0.0953947388756915,-0.412377912918414,-0.043576656846477796,0.4450413886726905,0.005998389995227639,0.45695553199691236,0.20233611138795238,0.37317309949095084,0.5272015744928187,0.22972211447272226,0.2784359495318968,-0.017421079743292697,0.3335013744581207,0.3789197620544715,0.2984062673434563,0.3748399864029723,0.692520975573926,0.1404885305286355,0.2189149058759022,0.1781293853594205,0.34459655826755736,0.6086635745320671,0.3905634381169952,0.27225370959620016,0.2940789224557103,0.4074609418019299,0.570673673179657,-0.3155395895715328,0.05277574236296983,0.6686267585885668,0.542175492928674,-0.5670501511980327,0.2604523897427066,-0.12484579457809368,0.28123110095542375,-0.433854340162154,0.5520276726951098,0.6162512562353543,0.741104253788838,0.5956797167186476,0.13334824457568434,-0.2642746812738578,0.3044357934154048,0.5216181120058115,0.4063749683119613,0.49277431963054236,0.25862881865312964,0.37800058359166283,0.5794775130557063
000568.SZ,0.7247639222713467,0.788355726457377,0.6833494727127843,0.8411674521089787,0.37793445747052257,0.3778288950536602,1.0,-0.4117740922619131,-0.36526207786664155,0.3022945667472337,0.6924909905630311,0.725079632425809,0.44702406030790903,0.37036606303127845,0.705573174936568,0.7665255590241032,-0.6073546030484215,-0.5813295030253902,0.7838329255833195,0.5386697790598037,-0.5040135487218904,-0.05674730627735312,-0.7316210437334086,0.5810081092329199,0.6917286918061105,0.4139392606118359,-0.052643186550449285,0.31394386233799687,0.7503833384364857,0.038436983877934976,0.7543604484984555,0.6409222592346883,0.2689995746004059,0.5958506225965,0.4467142272688916,0.7489796118401498,0.6801417964659561,0.7340728303351683,0.7678399448790612,-0.5172651575576149,0.7579080665547581,0.3853986156617763,-0.5696489838075433,0.7192483674296272,0.5521454078678816,-0.2393906524236441,0.7272277161362973,0.8034485365781504,0.706294302735687,-0.4777161891472335,0.9134669449561031,0.18809018505867284,0.8037209014894424,0.46693704879304804,-0.7098810935846013,-0.6088488492306937,0.6297507324287098,0.23984221365515968,0.40414183535802656,0.5943086177203385,0.8536430380266848,0.7226889496954684,-0.10323747168103904,0.8210578547691113,0.49809391805961883,0.7504446724917782,0.831451605804762,0.4717726795406361,0.7234677414044861,0.5530872238167633,0.2969766804421132,0.722813719372987,0.6856228928136631,0.8590907902445847,0.3664444768683545,0.7836838264149629,0.02969919035067661,0.7738669736766631,0.5109804906209735,0.5600753712553515,-0.6572844505826372,0.3963669453743693,0.638008624344254,0.7345233082950164,-0.5505159806208125,-0.10758509689102047,0.546745629510819,0.4413346052748255,-0.7130025388351516,-0.10764031653010575,0.4236094775579649,0.4915455174430064,0.7749628646291226,0.5208040628345184,-0.7627845485636996,0.6797395804621492,0.4638294181719627,0.5085316835412652,0.5754587551328203,0.7576702468162546,0.6420590294664078,0.7968783371175857
000625.SZ,-0.36821938305709917,-0.369476826874441,-0.46013581417768484,-0.3301336069221416,0.16691249681798156,0.20026880696675506,-0.4117740922619131,1.0,0.6788882710195155,0.1994582730686316,-0.26055945705320077,-0.08050377028233188,0.19949806226406397,0.3408695660332331,-0.29196048089236765,-0.24113674476105262,0.5181572971091134,0.812233911332037,-0.20189832014298092,0.2522275621840661,0.7488642453750916,-0.24004442030650075,0.5836934502195702,-0.13893579641693646,-0.21006759036805991,0.21977753803210398,0.5533095831757807,-0.08038850596722102,-0.4761461761364701,0.38758618962090147,-0.3564749466169268,-0.593775554148033,0.13917332383066086,-0.08081195208884152,-0.4378070944996864,-0.3408699147275003,-0.056685170006603364,-0.32481770651426894,-0.529329915225574,0.13158048144647008,-0.6020557333023616,0.18461919054346873,0.8093538172659844,-0.11487896794111448,-0.2500957746442118,0.6736441192880481,-0.3141473753988155,-0.16601522275604477,-0.6760770684201992,0.6242352331177728,-0.48333414459180607,-0.03107600654600094,-0.5228099489279058,-0.27753569472457806,0.4162254079599086,0.6134280013110133,-0.40836645977215635,-0.14764013737543427,0.03925839773235145,-0.5180165804420284,-0.25639636042346425,-0.29919824473395734,0.2991501084453998,-0.5528424972903714,-0.4345308800398931,-0.4275359362694251,-0.4436364036117513,-0.24725705074449644,-0.11873065758327962,-0.03155750740297377,-0.1253648704357043,-0.48308608498446076,-0.5439651923123451,-0.33788356951899234,0.19219268418286217,-0.4001809447154005,0.05388974975303664,-0.42992130735799855,0.03860040565290926,-0.09145818002450785,0.6666471059812384,-0.1254508250454829,-0.14056573680633683,-0.2873105753395412,0.1538989954698233,-0.0019782154590010834,-0.4535620464303749,-0.4286957099335576,0.49744723159426124,0.553586727079447,-0.020279244817086154,0.08287851817551924,-0.004287444968570031,-0.6077782594103059,0.5404351940533091,-0.51977034723878,0.28940905186322036,-0.23606513950616625,-0.17427518666729158,-0.5490481623012776,-0.1865864552714911,-0.11573963339086428
000725.SZ,-0.3620597192005141,-0.2774930633179901,-0.3824342941837655,-0.17242471919381566,0.044959317789111684,0.06925287471385319,-0.36526207786664155,0.6788882710195155,1.0,0.05370414020184547,-0.31833902217103743,-0.052869729485047166,0.17043906008143553,0.24469617652763218,-0.22083569462185818,-0.38524819035593544,0.6373022257038223,0.7479316801473191,-0.27278073694354593,0.15217178295547454,0.4463267417367691,-0.3441724715481021,0.46225978141454754,-0.05666865418357881,-0.3141312804498659,0.27746334694783975,0.24747029785971422,-0.22010873910171105,-0.4012615699032507,0.14193659124961197,-0.28700432468961123,-0.3564123965477232,0.024887791464359516,-0.29943010772758916,-0.4250678319025553,-0.24315900611973615,0.016377516187412695,-0.21045384285817795,-0.41980049942609954,0.24513249748845334,-0.5743955938851882,0.12099311865607619,0.7559805579620114,-0.18469825183214983,-0.006233990769059487,0.40084690704545545,-0.2111773146398034,-0.1286234974506231,-0.5054070115054144,0.41713135500876236,-0.4272153026845477,-0.11080619046681744,-0.4679046735192829,-0.40701617433000664,0.21231280363660746,0.29853795071983613,-0.45870702528112123,-0.3195198986073418,-0.11279971821021188,-0.3519918743039377,-0.19301900662120508,-0.22052405078668422,0.3411779763726164,-0.4101066867484458,-0.4924694707371255,-0.24115668728772197,-0.3259300517427118,-0.3955826554904851,-0.09887822376958545,-0.09816583181050549,-0.34777215728205757,-0.40507644898513145,-0.5584027003387483,-0.31394370591607634,-0.0676746481115771,-0.32941397200136635,-0.13636147704400695,-0.35822706131915677,-0.057111455470073215,-0.06138970710991826,0.46447197564023796,-0.04991275121524109,-0.17691613631619071,-0.1434454249911276,0.2495922178739213,-0.2337276880013102,-0.23217147754560516,-0.4757874778268752,0.455046591391226,0.2440884834779273,-0.24808748828196472,-0.005216188228143583,-0.11933276374127615,-0.3447288268080932,0.40281079861431607,-0.4425665157891052,0.023767834762994766,0.05986539768606317,-0.05886358534864161,-0.5644985747146648,-0.12224771318890643,-0.10933302143724795
000768.SZ,0.44249604393440606,0.29129688582356894,0.3429197072763601,0.4753024839025404,0.6324541307444279,0.6000150941632203,0.3022945667472337,0.1994582730686316,0.05370414020184547,1.0,0.6077983790776261,0.41922316408581856,0.5593295251257252,0.6339014997657081,0.6291277331603261,0.46859356676905506,-0.12541854563137023,-0.06502690703509206,0.5154866429297631,0.4632705204807002,0.2153397120743539,0.0894081714964629,-0.2816300684508764,0.36341541827406004,0.5984212771286003,0.6303552359939564,0.40940065341557674,0.2529191638915707,0.39555855950713026,0.3525881690830747,0.41120737701981763,0.11916795728364021,0.16875961371538786,0.3304753686471538,-0.07241195570672937,0.44603540562652455,0.5950275944322226,0.3957997192927593,0.18101160541192007,-0.4991928654290824,0.23771838478690924,0.5432076574814518,-0.08736478592992325,0.47911685868429554,0.43659382896157956,0.3281365098478504,0.36257297256998083,0.48320876093731385,0.17030583380596906,-0.006735597419756732,0.2359970791326452,0.13005814763723886,0.22652944665330485,0.24252251661053795,-0.07553281502605519,-0.0713605658809031,0.28025871028486415,0.2508387098286677,0.2295677680292616,0.2423196772790769,0.40084929782789636,0.5218151106101475,0.046132920003160625,0.3019365563177589,-0.03326872341469059,0.22534342687869155,0.2954941646015334,0.34849883730195436,0.41685365460392126,0.6646389843151533,0.1774427412291946,0.16491852308265484,0.2552574905450801,0.3184167627220945,0.5041703710678594,0.5252749621320761,0.29406643316547854,0.3832248611461764,0.36882230738925426,0.6485221173874767,-0.07287717681065946,0.18773175366456482,0.3932935410607546,0.5552232366743324,-0.37410064221707134,0.3888859136007437,0.16993143867378124,0.3971005927929359,-0.3389046821937279,0.29966122431885306,0.6342168941399712,0.6625529289036848,0.47794368772653045,0.03864163882468029,-0.2069028505095931,0.36185094162330755,0.3944706933827599,0.2745861994515637,0.6609536198747635,0.2919176328318494,0.2970187620162423,0.48729899752875827
000776.SZ,0.7162063901780149,0.6934844694959063,0.7737814210697823,0.7934074289994301,0.7728056386182778,0.5866290385968365,0.6924909905630311,-0.26055945705320077,-0.31833902217103743,0.6077983790776261,1.0,0.5665504680232839,0.527972463424428,0.5666114640988474,0.7660354056273594,0.7063313034669774,-0.5730579208405545,-0.5095666326704771,0.76978163922284,0.5593394159849878,-0.24313977322676253,-0.014503365219609562,-0.6970441407865341,0.5253655658177394,0.9420791639385921,0.6888685128095965,0.27646928029434287,0.3909846674392709,0.8152955037588449,0.21665604564818505,0.8552480802657039,0.43927564880238856,0.3910272270177742,0.5191010077616406,0.2024244653947462,0.7348645722845255,0.7852605266948202,0.7358242393533795,0.6034276427606149,-0.659115145784908,0.6139094950927326,0.4507584943374208,-0.5137728863838854,0.7312257691306402,0.6408263743119611,-0.01474517534020849,0.6824496362382632,0.8236705431191695,0.5293367498222933,-0.39276823161437696,0.618552980651902,0.08011520309316675,0.5962023766382406,0.47374690213966164,-0.4710367164665743,-0.43456931796144166,0.6443180994933037,0.39848698705654323,0.29324219320695216,0.5363194541954829,0.7085631122231112,0.7624062897213452,0.003852819415020692,0.6317407887478723,0.4189465904645215,0.6862322982330746,0.7433880242820076,0.5980375429766869,0.6825128818905206,0.864560142543575,0.4655005056040442,0.6706964792292244,0.6392238996343168,0.7205373601666216,0.6605342077457944,0.8048500366315371,0.3715349469681117,0.7346378965433944,0.6190613375830691,0.8092832340581748,-0.5439019578765713,0.35031975196684945,0.6713790499317939,0.878287212951464,-0.5766179374586307,0.24281225722339617,0.453935565913633,0.7032291366554629,-0.7024897529790382,0.14302531320304598,0.7607982619683468,0.8399673632540324,0.6705444045036401,0.583212513885709,-0.6732088238171116,0.74859548658514,0.5474575896252307,0.5727978730033833,0.7160992055825305,0.7827001604115416,0.49698426753233765,0.8705893610828862
000858.SZ,0.4125053270908012,0.5376257512133901,0.6009825875467935,0.6535263894784306,0.49636163847840015,0.5415334484853639,0.725079632425809,-0.08050377028233188,-0.052869729485047166,0.41922316408581856,0.5665504680232839,1.0,0.575958089660206,0.5866416471655892,0.6670400631022545,0.5972731687105879,-0.40737757644770906,-0.21821561308881599,0.6609259528385468,0.7492817255016956,-0.18199530821504925,-0.3060926065408522,-0.5453201264813005,0.5681452442652968,0.6318156284733707,0.6207408894562438,0.26499354201949205,0.26831041995391663,0.5586189170998482,0.3237487883450741,0.5907282643409515,0.356291349497397,0.49222888001782444,0.42131209011523213,0.07962120327536508,0.5842801945268413,0.6087081651560983,0.5569822422700513,0.46721401618219827,-0.4878526979067787,0.4539032042679507,0.5892133658813646,-0.3348559201095888,0.6650909207528901,0.5626396933490411,0.10539386482697095,0.5985964429752184,0.6999752148310115,0.39313712718923394,-0.04136710425831911,0.7007301453421394,0.166126625595805,0.47877070215652145,0.2540670321799277,-0.5236281864101396,-0.44925240077647016,0.535247818028228,0.013624894671840353,0.3765312299922221,0.4573034314024746,0.6565963841993468,0.5489676762237559,0.11633200718955089,0.5048394763099235,0.17996209728621235,0.5620357818350991,0.518557729315195,0.28081073923451866,0.538266250934472,0.5966861145882827,0.09940410440282588,0.47723202184180574,0.4799999888232401,0.5278873379962775,0.40275015719177376,0.5645132536714148,0.04700447421001525,0.44475264276957477,0.42051574693730975,0.5543988192826478,-0.47691381966194574,0.2373827033417304,0.5915517805073711,0.6429971358519609,-0.596946404872969,-0.15343391583083163,0.2500417237185137,0.2686341737561871,-0.6374145518214244,0.1128896663105831,0.3944275289334394,0.5757427854488962,0.6760370044676759,0.33430173981216,-0.5563411772399434,0.518035715639057,0.52242947427182,0.6237131057414157,0.5643042255056875,0.4991415949514435,0.5486427035792228,0.7898633737410804
000876.SZ,0.4212641166500462,0.4961403569301444,0.4976911490300588,0.6519638755995697,0.5648971519546391,0.8184662040892897,0.44702406030790903,0.19949806226406397,0.17043906008143553,0.5593295251257252,0.527972463424428,0.575958089660206,1.0,0.6135009776131941,0.6073700245252148,0.5907465026250234,-0.24556043545137388,-0.04097574577173413,0.5704996867941948,0.572695605274555,0.04632715164801344,-0.49084256515042884,-0.432307933643435,0.6603221520647121,0.5248916212088371,0.6828183362881379,0.35776721839109477,0.2802168149205961,0.34051671477183354,0.6844037562528174,0.5170014232645933,0.03465852689363812,0.46869839067602054,0.3939971697181413,-0.13143842386500232,0.513626994445913,0.7523135331660743,0.5317145921061363,0.36841488887932394,-0.5901533733637302,0.21130693152416613,0.8020279943479528,-0.02870952150118537,0.606201961721362,0.43780295123094987,0.5242629534677039,0.5421726263585444,0.5790663181838971,0.06682349907320694,-0.013300773193565749,0.32128362012605,0.31181729780816086,0.2789267721741055,0.05500188136577541,-0.5413728755088983,-0.26948417798753194,0.4167718535526939,-0.13650832089181023,0.485579049908303,0.3280206343961295,0.5360837765601465,0.5936550250491199,0.24658087396198136,0.3724046652402609,0.020150260354670466,0.49990038691081384,0.4371237232996921,0.20320226565157906,0.6047057612398882,0.6257059812738334,0.07452202674480204,0.35216219411641037,0.20751029363364257,0.4825021534835094,0.5498445841558447,0.495215136958977,0.14419139963549454,0.41544695037698837,0.5062677746923472,0.6239656182769032,-0.3825453475237182,0.13614365779292037,0.6970468873470295,0.5919974507141446,-0.5887684560695099,-0.047129378331382143,0.1135941643333467,0.08382409065080941,-0.48187024823062335,0.38604188925368693,0.412165620786362,0.6324515974383554,0.7256052140044127,0.11103199448397949,-0.3948913709965373,0.3641667221019915,0.6544622626732358,0.525784110792364,0.5136973183456187,0.20415447032295975,0.4928104949762093,0.6096527529023703
000963.SZ,0.23614315624890922,0.3681334170519923,0.4178786189043539,0.5453835499900156,0.6011478243330163,0.6297743801763245,0.37036606303127845,0.3408695660332331,0.24469617652763218,0.6339014997657081,0.5666114640988474,0.5866416471655892,0.6135009776131941,1.0,0.6100884133390069,0.40481579364074943,-0.1987617543856397,0.07660030192116916,0.5092652167145496,0.7249205253632556,0.1508941613046456,-0.218871707644846,-0.22710410866614106,0.49755957918171295,0.6005898635056895,0.712892048753981,0.6270482526884067,0.44521274236315445,0.30349831312186853,0.49394915983913096,0.48106770944929284,0.01696984836858021,0.424690578097535,0.43786086804248786,0.05644251493276544,0.33466420617014175,0.6823264432468207,0.4155713709682846,0.17756558567953581,-0.34061742638440995,0.1766535347211153,0.6263518186447594,0.018576287565766954,0.6093086918704228,0.4284250731809487,0.5037892434137925,0.3686445755550997,0.679152034254983,-0.0049098705001561944,0.07863672164220359,0.23933895833524046,0.24839186053380877,0.25969914650959125,0.33837235013059525,-0.18481835528669197,-0.15740318653842833,0.3803504149235188,0.2227107864031259,0.3120724959770055,0.22961972914741027,0.4325091486450136,0.429902009688189,0.24269435503597026,0.20375439105642104,0.012048166287563727,0.3166662267821974,0.35393424547935287,0.3973011834978542,0.5183924324569348,0.6113970048618199,0.22784350929608432,0.21462063008950508,0.276079167860323,0.38631276408366505,0.5917792706957786,0.4092657101983148,0.13738152506950288,0.3035928113685324,0.4948035871468473,0.5489489676431191,-0.01774656386469726,0.24771160727183153,0.6140703557937021,0.5374252744856519,-0.46737029777679573,-0.00611336887054163,0.18069055741749876,0.1774135261687524,-0.21127025512262873,0.3823816065857837,0.44871744851742634,0.6571415535074481,0.6022512871504063,0.0659415765332464,-0.19150168817124544,0.29698628781537845,0.584789763828879,0.5426758684509484,0.5667373809828288,0.23506902608120864,0.3198223404204909,0.6766591031548082
002007.SZ,0.6579610072231781,0.7763822116950875,0.7900032769839301,0.8099233405990224,0.5253265122218566,0.5364611832534597,0.705573174936568,-0.29196048089236765,-0.22083569462185818,0.6291277331603261,0.7660354056273594,0.6670400631022545,0.6073700245252148,0.6100884133390069,1.0,0.7104231510895332,-0.40986024537782667,-0.4685687840780178,0.7958171603198343,0.5426739604465464,-0.3937982139341174,-0.08440218952472144,-0.6832490942159041,0.6114796113799784,0.7655036620981773,0.5800762177875184,0.08579826326902618,0.38923167854153334,0.7070700294825372,0.23426591651526732,0.7900023269273394,0.5301524756222681,0.3000640063570718,0.4471212253439032,0.2483128765508739,0.6977219102168024,0.806968762539063,0.7227139400755181,0.6092516662083026,-0.5507103033404264,0.5682626328147008,0.630915788333191,-0.5344524809001816,0.7561616727893132,0.6638720528521874,-0.006478289885868016,0.7420672295704849,0.7993428235940233,0.5990113038527977,-0.46071042116747013,0.6618771838983478,0.3085995097433853,0.6402697281111995,0.5315800487828237,-0.5598452266596218,-0.6292304048659165,0.6595077756713726,0.2411945389602929,0.27316239951049553,0.5606488504041345,0.6980176524533527,0.8502095964588839,0.042423717707288096,0.6769881209621933,0.28868026679057796,0.673737471149054,0.7614859870085997,0.545219561352758,0.6618073659222024,0.7656699913031444,0.16869975890078773,0.7206010495435532,0.6279562441965592,0.7254817380643793,0.5257216250286157,0.8133466343708807,0.10042863308979301,0.742898537197286,0.479985909626494,0.7828754278604627,-0.5340040355926955,0.31103961421731735,0.7280890042319483,0.829932507053326,-0.5863477389931504,-0.0368759204753827,0.5134432047176424,0.4744807290246236,-0.6829341106800607,-0.0479549524368931,0.5078374247922742,0.6419388856094064,0.6757661467394737,0.48838685269733384,-0.6284529391015586,0.72849317251303,0.43675659436937336,0.6894155106617427,0.803649262801748,0.6048779608481644,0.5083177179512849,0.7614587845377728
002027.SZ,0.7170150464673294,0.7521927057761021,0.6931816698335376,0.759167526797714,0.460212550614042,0.551016981149894,0.7665255590241032,-0.24113674476105262,-0.38524819035593544,0.46859356676905506,0.7063313034669774,0.5972731687105879,0.5907465026250234,0.40481579364074943,0.7104231510895332,1.0,-0.6175997246083655,-0.5241176053832776,0.7249500768089138,0.4867268424598394,-0.32341354829951,-0.08672241187117957,-0.7129750917226586,0.6772468312597802,0.7155152824352905,0.3948111973172523,0.03966775998902092,0.47578146868863525,0.6782892840282736,0.2560918016552448,0.6918331318125929,0.4873319667089681,0.26861511151046175,0.695649933669568,0.33841197425982167,0.702626598112937,0.6705004676292181,0.6667954552912995,0.6616645450738966,-0.6274503054115291,0.7347632497552756,0.4801318890386976,-0.5434239544032781,0.6635044332429384,0.5049111264239925,-0.005996170499517973,0.7907960889059374,0.6958691069919486,0.5540930840962645,-0.4848923735094124,0.7384930869346983,0.33355667386370585,0.7694333741431897,0.5426234086280063,-0.6067992874831506,-0.4649710519367851,0.6128740602632469,0.21073874489972932,0.41718316348270007,0.4904206073264455,0.8035458093166,0.7017574652212225,-0.11496343536622299,0.76456872453196,0.48316996317964495,0.6622126120999244,0.6959553800444528,0.5279318028066496,0.6605753993108547,0.6243877223626338,0.347099709321354,0.6017793179207312,0.6646032124506566,0.8034418209345878,0.48006060729697736,0.8020667897421793,0.20213754284565055,0.7600221003013642,0.5033312945428642,0.595099936867256,-0.5609943937209775,0.26731149146638133,0.6726473879969057,0.7162962454959009,-0.6447005260690284,0.06438066505953764,0.35530058295509465,0.5055864086198547,-0.7225802260045658,0.03389265318277048,0.4787877994116159,0.5575444192678404,0.8722197476057599,0.4759142789641511,-0.6294946531685751,0.6838223903113058,0.6140539849591741,0.4355078775481485,0.5286235725842204,0.6703431777764118,0.6610694731243199,0.7055034047907824
002230.SZ,-0.5881698584776731,-0.5609889152502684,-0.6423109780610152,-0.5170169904939459,-0.2278043449245678,-0.2406319641906308,-0.6073546030484215,0.5181572971091134,0.6373022257038223,-0.12541854563137023,-0.5730579208405545,-0.40737757644770906,-0.24556043545137388,-0.1987617543856397,-0.40986024537782667,-0.6175997246083655,1.0,0.6839633768761266,-0.4572522449169476,-0.21115923365325143,0.4399500656590554,-0.14244768361858914,0.7336170348666128,-0.4178474176302713,-0.5714561713284182,-0.07608586522402537,0.10398300585333738,-0.3735561141171835,-0.5815043369172653,-0.10005382111378419,-0.6253771165929233,-0.3682763372558861,-0.30508914322929387,-0.61312851653323,-0.5631371318518578,-0.5407597818903834,-0.366846933175405,-0.5511499218510059,-0.6284327907873287,0.44509718034543483,-0.7655211147164703,-0.11685396665362895,0.669428477223914,-0.5042246912088779,-0.3286225143944597,0.2115914977880128,-0.4915491190820605,-0.5215786298283588,-0.44830620785971337,0.415010335121625,-0.6409607443391524,-0.14986309619450924,-0.6845650304276353,-0.3958304906638879,0.42471212371295075,0.3963425507849343,-0.6484223267480619,-0.364904999204805,-0.38007775722199727,-0.5543913823052843,-0.5577942911455269,-0.37472885822290336,0.3102845019903403,-0.5907395661651729,-0.6960257263409261,-0.5707279088820857,-0.5643174162204198,-0.5302268973011348,-0.4868622949227959,-0.32353556858112004,-0.5918341007737387,-0.49093876476265524,-0.7319296185471834,-0.6142873446704403,-0.32913125063118703,-0.6122287978834429,-0.2397959078047457,-0.5796129591391268,-0.4180912193417711,-0.32855002216740936,0.6173483870228332,-0.36143072387390546,-0.5281678282673791,-0.43877786402300156,0.5636390793419901,-0.06599694815611395,-0.3128409865582335,-0.5326175262020444,0.5937005256376094,0.028486561825083273,-0.28891095703683356,-0.3065958948279308,-0.5164622916006565,-0.38267418964113004,0.7092437358566585,-0.6245709456521685,-0.41545857885604787,-0.3257767647035796,-0.2724216433191102,-0.7379702459045839,-0.5405898612776252,-0.5260179463138018
002241.SZ,-0.6197587672637311,-0.5647704503439233,-0.6221335163675105,-0.5623272976128345,-0.11154652124773622,-0.06047391337671335,-0.5813295030253902,0.812233911332037,0.7479316801473191,-0.06502690703509206,-0.5095666326704771,-0.21821561308881599,-0.04097574577173413,0.07660030192116916,-0.4685687840780178,-0.5241176053832776,0.6839633768761266,1.0,-0.431918972657323,-0.0025953547613568606,0.7120294192748126,-0.13970736966730363,0.7585654386409325,-0.2518701810821911,-0.5119897266329071,-0.007736673558201253,0.31832330106351836,-0.24137024481883193,-0.6754781486298101,0.1891142999760924,-0.5807979400101649,-0.6678928819933697,-0.051789873373509744,-0.3407873962020824,-0.5343712937413063,-0.5759390717555615,-0.37859237671518847,-0.5691351775079594,-0.6717143199965566,0.33330775019346365,-0.7654741117307994,-0.043924846285267764,0.8954501354243396,-0.4341763407462514,-0.4399888662404184,0.4908485758788849,-0.5584805073639262,-0.41735403683293654,-0.753501972144207,0.652519639907099,-0.6148362823316466,-0.07290290265065535,-0.6363493023579788,-0.493002881130667,0.49092453491210203,0.6582889924254284,-0.6478185784433828,-0.38004557795065336,-0.1405325965477184,-0.5572887076072109,-0.5129281217523222,-0.561176078531896,0.30407665678361,-0.7170987394425968,-0.6121524361780671,-0.5634785792594349,-0.6756610771254178,-0.5309678598567935,-0.38428866998913797,-0.314502205757162,-0.34733666948021596,-0.626581943567071,-0.6811634523937392,-0.5370051476698086,-0.15290849434234688,-0.6705141786848036,-0.11920699657541411,-0.6308293625183888,-0.2521627462981763,-0.3556020756597977,0.6868429992403292,-0.29711912210965963,-0.4168818261313007,-0.5246884399257068,0.39307925095554136,-0.07638626968718915,-0.49102029909530404,-0.583324523769679,0.6223336042091223,0.3624142670072532,-0.25722224804023325,-0.18640885338908064,-0.2795108036362039,-0.5438964599331114,0.625562454217338,-0.7011375410853354,-0.07606855507545486,-0.29957532174510515,-0.3642789791111558,-0.7144384723126325,-0.3890969119536755,-0.3507036341776022
002304.SZ,0.7479779422260155,0.7277373628058047,0.7054572946524819,0.7667616032668247,0.6390697644392992,0.5654534840985165,0.7838329255833195,-0.20189832014298092,-0.27278073694354593,0.5154866429297631,0.76978163922284,0.6609259528385468,0.5704996867941948,0.5092652167145496,0.7958171603198343,0.7249500768089138,-0.4572522449169476,-0.431918972657323,1.0,0.5164358447879583,-0.2638725944613443,-0.148402695002554,-0.566217971014338,0.5026962189094442,0.7679545292595176,0.552878254136645,0.1946588115119929,0.3558386513514497,0.7545346969543488,0.32788899733780097,0.7811448070907027,0.4370170027540456,0.3968297778677592,0.6193575142279469,0.36667880108292183,0.6414581915000347,0.7503790334956612,0.7451823193693973,0.585730552036316,-0.45227975450196034,0.6150888915980367,0.5764883684958152,-0.44690478537393347,0.6736514890780746,0.5622935454903418,0.019012326518855347,0.6239880690314922,0.8354866237030517,0.57257924838976,-0.28970536512545747,0.7342304583021416,0.2050836700342555,0.6724362030888128,0.4519691687514787,-0.5644956912335084,-0.4446074175157711,0.7175667050723975,0.3798040339409454,0.5641456335146263,0.5983765780010972,0.7597187301237623,0.8638405819345616,0.24203386864546816,0.616919896290648,0.42014004841639224,0.6382498827552268,0.7464506316187155,0.6637734496930221,0.7238058861940219,0.7963140055267459,0.384220070257427,0.7704541217267237,0.6232036218636011,0.8208933265729472,0.6795759475223085,0.7626711125788215,0.27539080965891266,0.7919349583342364,0.6720117550062539,0.7837329162807724,-0.5074315789566222,0.45150214721128695,0.745819576793715,0.7957793118753003,-0.5363041634027683,0.10652979993441551,0.3588092321211036,0.4943301421119986,-0.5595904506518278,0.14683360204196086,0.6741380175838382,0.6764673148932266,0.764172431626546,0.43643057267377044,-0.5782073101031625,0.6485886267854112,0.5923433085500734,0.534496325327345,0.6499703607049909,0.7158745963976653,0.5419501052630039,0.7947234629921947
