,000001.SZ,000002.SZ,000069.SZ,000157.SZ,000166.SZ,000338.SZ,000568.SZ,000625.SZ,000725.SZ,000768.SZ,000776.SZ,000858.SZ,000876.SZ,000963.SZ,002007.SZ,002027.SZ,002230.SZ,002241.SZ,002304.SZ,002460.SZ,002475.SZ,002555.SZ,002594.SZ,002714.SZ,002736.SZ,300033.SZ,300059.SZ,300122.SZ,600000.SH,600011.SH,600015.SH,600016.SH,600018.SH,600019.SH,600028.SH,600029.SH,600031.SH,600036.SH,600048.SH,600050.SH,600061.SH,600085.SH,600104.SH,600111.SH,600115.SH,600196.SH,600276.SH,600362.SH,600406.SH,600436.SH,600519.SH,600570.SH,600585.SH,600588.SH,600660.SH,600741.SH,600795.SH,600837.SH,600886.SH,600887.SH,600926.SH,601006.SH,601009.SH,601021.SH,601088.SH,601155.SH,601166.SH,601169.SH,601186.SH,601211.SH,601225.SH,601229.SH,601288.SH,601318.SH,601328.SH,601336.SH,601398.SH,601601.SH,601618.SH,601628.SH,601633.SH,601668.SH,601669.SH,601688.SH,601766.SH,601788.SH,601800.SH,601818.SH,601857.SH,601877.SH,601878.SH,601881.SH,601888.SH,601901.SH,601919.SH,601939.SH,601985.SH,601988.SH,601989.SH,601998.SH,603833.SH,603993.SH
000001.SZ,1.0,0.5349477948803885,-0.09585214219949972,0.7539711942853162,0.4492616979504049,0.5937832509946519,0.30735863574777467,0.6017224287584605,0.45211055288545077,0.7011884418864347,0.46786821303941367,0.4280943624952831,0.5321746245900375,0.10670109303930476,0.7730839591552402,0.19605057215151225,0.5139246565205342,0.5308890376348314,0.680317617153792,0.3850485865321835,0.4619766446912313,0.2675079060900033,0.639295609475554,0.5547569963709672,0.3878823811499396,0.45735036601065165,0.6743118388017367,0.3660734260707527,0.3689241026410937,-0.22275882002653924,-0.030182273430815105,0.163691142649255,0.1562429244325446,0.09768574947513457,0.434821068618561,-0.13893668274911206,0.5983072580153307,0.25063683205305737,0.524758930741763,0.24851289151993997,0.25120939603422837,0.15045058579949747,0.4741304266228252,0.5619420020461513,-0.21201058376349705,0.7160389934068658,0.6343080259332753,0.32816178386852296,0.0072596094113475396,0.5653609745835062,0.5297456538116773,0.4782732074891203,0.36835054626484204,0.18030632665356283,0.48527115388131575,-0.011128037807237784,-0.13651490625752968,0.1408423050836835,-0.30124064991241917,0.7328477220035546,0.6479738908002979,-0.2178019467770227,0.08776536959617227,0.3312896406003219,0.12344402254714552,0.6358435590627184,0.7730371482654994,0.21111063444253222,0.33599105933596585,0.3974125020441444,0.3408171036412251,-0.0429350252753262,-0.18831925500991234,0.45148691984753725,0.07601475474684861,0.5699515157852953,0.4538222801963496,0.5563381192868436,0.47716910253315126,0.7330414456880835,0.4184558346310751,-0.10055815472731496,-0.11209991715304028,0.20172991998762466,0.5986549335709735,-0.527546343038858,0.06018649715404614,0.3328959218337622,0.18254596331849152,0.11768508967895075,-0.3622111288831682,0.362215545009068,0.3156704836021436,-0.22279395396494991,-0.011036462768707836,0.5798147987127431,-0.24376637175060678,0.18169799093978067,0.7051982497063009,-0.031123467739956185,-0.0023242110443750332,0.5305012675480542
000002.SZ,0.5349477948803885,1.0,-0.07460012647681903,0.5964787238065564,0.18482583938179534,0.6728415996830764,0.0427969398060267,0.4495460626624344,0.09819075147718641,0.46761435996933853,0.09965896361900413,0.31605230388084055,0.5924836243363012,0.25483698202246835,0.4445266314818992,0.4828593225668129,0.007606506643747614,0.252856086450201,0.3167730349246369,0.5231272231107309,0.26006816630319646,0.1993182550956235,0.553596646012711,0.5583133734183604,-0.008909845025991408,0.16204786513517286,0.35122560879736353,0.13754541404671913,0.4613274745693403,-0.08397445953977863,0.3238802774347973,0.5070799617635929,0.4796221871757667,0.4453969092197188,0.41820720589171584,0.058844376286749045,0.4463556237277085,0.5017314937039569,0.806715149121053,0.5545973444382138,0.10800564950749068,-0.3291937725917527,0.6495316550894877,0.5583525947601796,-0.08221901262639636,0.5385214234605509,0.19161706592178288,0.5062781742344712,-0.018404055178110224,0.1730846182974576,0.413102651458529,0.6504758598124376,0.5771895736159319,-0.19981401842041357,0.514587753013542,0.00670678021078822,-0.2995854227037433,0.39260466928931376,-0.06613541481276634,0.3823129148665896,0.689603142560085,-0.18886335006939256,0.22174490664269217,0.4151742664249138,-0.01943871355232314,0.5195152200023411,0.7315770116792518,0.49120295445713835,0.501485032131238,0.05513455675990001,0.6196498998637697,0.038717433264730185,0.03932171533092645,0.46147130965901106,-0.14257990132298215,0.4831920042364184,0.4499931202861294,0.5524304556703382,0.5036713729260175,0.5070130697823032,0.2807917793673788,0.04119100272676868,-0.13314305771518267,-0.2530935339258693,0.6683255738556518,-0.4154356503156749,0.5285472282857281,0.6266320934514665,0.32349460046553397,0.15818618791132769,-0.20467854197630864,0.07130779726706614,0.20859850676915348,-0.42757405774085133,0.07806375442275808,0.7426437404592056,-0.03293862098608106,0.08136913334186964,0.5363912018977071,0.08386942485577732,-0.25432861940721946,0.5530118292836667
000069.SZ,-0.09585214219949972,-0.07460012647681903,1.0,-0.2561780056494186,-0.39844818148086025,-0.43595146704852805,0.41884523041977734,-0.5735234485794618,0.23998857355133377,-0.5465827704064427,-0.12025681002585048,0.3148232122399616,-0.5515678922151089,0.4379483074370447,-0.07680844234569352,-0.5321238752531458,-0.08864625726547685,-0.6724729946579285,-0.406470982468403,0.055576967999724274,-0.6459529566666725,-0.7252060880092528,-0.5118234938437954,-0.555204670892553,0.019394801224514684,-0.30836281330454834,-0.5189089723835084,0.29126468127371924,0.08563186733191307,0.4282167398631343,0.3301801021048362,-0.07530671739930452,0.2156382501068007,0.15235180206315896,-0.40580300155585647,0.7073621191722007,-0.4970557762049849,0.35177535846229113,-0.4589765056491539,-0.2590185074866917,0.23403769917152242,0.40069671549546976,-0.4877168547728545,-0.44174056196017725,0.7045492543103825,-0.27598588694202814,-0.5124259087174806,-0.3365915589219473,0.7031554405176969,0.1866428354845391,0.13132283754227758,-0.3044606419311741,0.03299836661930982,0.180658923217936,-0.2513581435363746,0.7087994203818361,0.6752504361712998,-0.5303831836682614,0.7075024443121881,-0.13627421442367652,-0.02664351924365424,0.5881864330049456,0.6421729318513302,0.0662225779683751,0.675855123874991,0.26492477764134864,-0.22774930458702783,0.11862766431609185,0.29396582616115124,0.08632777770316075,0.1605815683857352,0.7312441608536151,0.37162154221769234,-0.6020179251211014,0.6245516725227425,-0.6652286040484118,-0.10961531122893393,-0.5549319665906206,0.18750992879486214,-0.5379503655241311,-0.23774643797474374,0.7019584535936824,0.5379693056622249,-0.028178870877760925,-0.30743314956111845,0.18756104655268468,0.25847164238609216,0.09055755213688771,-0.37235715275120534,0.5605285408464451,0.2550878678933523,-0.09348494165888745,0.38961784107088265,0.3557887193533426,0.6790620083232284,-0.14742353358579555,0.5336015550274773,0.293201877869762,-0.38202952803428486,0.7108645749494932,0.5077659961477529,-0.5859885697835034
000157.SZ,0.7539711942853162,0.5964787238065564,-0.2561780056494186,1.0,0.37638414331426145,0.8677897354846312,0.27359880665155845,0.6802585882303007,0.2601513766994865,0.7784804722764053,0.45650662312656193,0.45751203050689826,0.8137593371898378,0.1420354895458418,0.7065047143451539,0.4555037261225771,0.49928903049742507,0.5276504456112757,0.7132731591733825,0.512255273388281,0.4735928739047146,0.36593318871805874,0.8411219009739427,0.6716572735722165,0.17742752895850944,0.4803323898197751,0.7831600904503481,0.2950118103708907,0.26328839848134217,-0.1979948799255575,-0.04624449236884048,0.10773486803871017,0.10013009751380932,0.3199339390616628,0.38838811553142866,-0.3200872717984447,0.7446774558694859,0.20175044737461087,0.6400192474510381,0.3260137727359817,0.048011721810443046,-0.03538406245759656,0.6166424629869626,0.7271161189431816,-0.42684463264304656,0.8636724800101785,0.6966367693971663,0.5399453043461409,-0.1382173658017877,0.4862860006057867,0.5648123802562824,0.6348762769240233,0.44642495980419855,0.19328665474541598,0.7483446297759567,-0.23818056449123273,-0.3211398830340082,0.39126163294465227,-0.4488828187037101,0.693398615976688,0.5700130895826271,-0.3769646749698501,-0.028947823786129628,0.4823004063825431,-0.09874510853831607,0.6781203649993374,0.8111814404913269,0.21618737162726567,0.189241584659293,0.2981018260380229,0.376582014443028,-0.2749541108289916,-0.23637114421843322,0.549295880145848,-0.13993331433448086,0.6782572922319492,0.29846651283346554,0.5848819294571272,0.45347447791100426,0.6765718270136752,0.5780782911041025,-0.3432641478412883,-0.27657932937812874,0.14456466507427318,0.691252258723983,-0.5157141861445401,0.05507137325553423,0.24408006355204936,0.22311773559107004,0.033425066715779495,-0.3221505818104188,0.311634480519927,0.3849450665622065,-0.25318358081296455,-0.04742103949730797,0.6051067578314604,-0.350316998866447,-0.028637926452652184,0.7353910763860831,-0.2649572397976276,-0.09396503255302406,0.7417246343436186
000166.SZ,0.4492616979504049,0.18482583938179534,-0.39844818148086025,0.37638414331426145,1.0,0.3717332610242936,0.05753664757212499,0.5109244402537557,0.3179293659595421,0.6168438596617661,0.741253216989822,0.06875049455866072,0.4492646634028374,-0.3200101517012454,0.41625166416786014,0.1760188818397533,0.2894570245646219,0.5215250898241106,0.5843085056097909,-0.04942958937053815,0.45172239481738985,0.40196122482910046,0.4505490132197915,0.3862674431141255,0.7157901565478623,0.6578293523679287,0.6548235947663595,0.22000675178812515,-0.046165031708725955,-0.3152769774690188,-0.36204272663609083,0.1364796553411863,-0.15390859622747977,-0.31817461741456216,0.4014069385909425,-0.5160937292166166,0.4787933513068677,-0.19488391400705998,0.36484465389195825,0.14939887233503102,0.48184318388654784,0.06955237000194445,0.5137286186309701,0.3478753875611511,-0.5014335081745634,0.5027866965752731,0.5110783716521607,0.11136468768110404,-0.1671640947985021,0.23644504612692285,0.17269376220538424,0.15668305226986087,0.0363091908040522,0.1723435369448086,0.18192829699559765,-0.3047367631163407,-0.32572815825504553,0.27353532202141057,-0.46267711661107985,0.5156093838456514,0.2789030554064756,-0.2558190378076268,-0.19832304022031857,-0.15015334690025345,-0.298107589913561,0.13689229872410646,0.38908521766887416,-0.09341938133191859,-0.010632477389315454,0.6764429403938754,-0.13782335741648807,-0.25214256596345647,-0.23395268726421067,0.4266417707041674,-0.18332965316513083,0.5247320727587528,0.3721022961256167,0.45177140378174885,0.055369443200535697,0.6699432178527234,0.1990135669815728,-0.263701749863187,-0.1739761338034798,0.6748365590239297,0.42710561703870376,0.0786714467744578,-0.17338371649417464,0.08694496893814603,0.3327676583758004,-0.13488409542130134,0.19142093240502625,0.8092280529564925,-0.15880869227958272,0.0736933018643834,-0.4424823087081333,0.2414340032684139,-0.2732221107101424,0.11023564300978293,0.573660077600214,-0.3540959924277114,-0.17581523464734797,0.3780100721478328
000338.SZ,0.5937832509946519,0.6728415996830764,-0.43595146704852805,0.8677897354846312,0.3717332610242936,1.0,-0.03555888260205368,0.7884232172874232,-0.014921822524735381,0.78095291030287,0.30832249124093475,0.22244851488870654,0.8500891807291974,0.07609639764197006,0.5725853685724028,0.5862794402428494,0.3702354711647086,0.585373031393306,0.6220259045674456,0.5200877293034342,0.6055519960352019,0.5343011687769935,0.8821305317643433,0.705323010764988,-0.026540343867661822,0.33007346936478726,0.7403620554852229,0.03766126154182977,0.3047375306405278,-0.22497756735808971,0.05524946798595253,0.3586751815947697,0.22419682885730385,0.3882899007383595,0.5613517445241566,-0.43541421921005724,0.8317521950748997,0.1441831948429643,0.7946029675058197,0.5628900546369308,-0.12002404794377415,-0.2839882772461268,0.6582404719232565,0.8413924349413916,-0.5542952663872752,0.8038646799284249,0.6438465365554298,0.6979409220411442,-0.3867154327465743,0.244686271937571,0.43553183856203553,0.7330235470106558,0.5252006624976333,-0.09468583090805177,0.8117171667072642,-0.43469425845714205,-0.49316275330287973,0.5208737351733336,-0.45170730404087894,0.5095762416285338,0.48872482159969644,-0.43581796234911585,-0.20731207283581243,0.3889053648917465,-0.20371266295257898,0.41072571323919593,0.8166133740521037,0.3726614421100627,0.21274901828749362,0.09204394403035909,0.4593325888891502,-0.3836453991396633,-0.22936486202737816,0.6996967045499046,-0.30447543009517125,0.7465825476379702,0.3697589661257566,0.6861290131184762,0.4375339027982686,0.6371851557550574,0.6023944662700816,-0.41310876415634584,-0.38884361977530385,-0.04547096611760026,0.827911794695335,-0.4878591770445022,0.20106607361361084,0.3950056875998819,0.44994700495255,-0.10312917430864289,-0.30794979674362577,0.15354965560929354,0.22949464566384495,-0.4904731484948707,-0.17767632751457738,0.6639029881171947,-0.32863794901667304,-0.08314528509347237,0.7414760689615196,-0.3785204791811427,-0.3640779504940683,0.8432123115978047
000568.SZ,0.30735863574777467,0.0427969398060267,0.41884523041977734,0.27359880665155845,0.05753664757212499,-0.03555888260205368,1.0,-0.12723573358499926,0.6311842736564063,0.08482340873050365,0.40796156019560037,0.8741843720279782,-0.1043910720886475,0.2958021829041604,0.5750681711214761,-0.14085084520359628,0.36641681979418544,-0.15779229036336842,0.27277224429802654,0.3959256118371732,-0.42247960079301067,-0.4671858720514674,0.09845988851932735,-0.08168829549336218,0.430704038419815,0.5343870489461803,0.23883677181772522,0.812071950693905,-0.17406494260197838,-0.020371221771869442,-0.0011897920055942886,-0.19836958317248685,-0.15457363971688684,-0.04978301304411823,-0.4105300847444471,0.27550489277495616,-0.01533427812211087,0.2575579613845878,-0.24592678144473334,-0.42142439634612616,0.4679884712318089,0.4689531238640168,0.04342217339012966,-0.15949822624998472,0.34274927959097506,0.20267199974577124,0.15130833378267905,-0.2793472014912761,0.6732099717674059,0.856159429660395,0.6927352457218555,-0.019706456778798898,0.01685458737774322,0.5994352753368886,-0.046792709749582134,0.5710961423575612,0.3179092491681038,-0.3620483859461708,0.1170391786193503,0.6675216132950995,0.3309816996960047,0.16971177605319662,0.44886334910503517,0.006869490149850045,0.36602388844077854,0.5731113647191074,0.051883781404927054,-0.22139058725308136,-0.06053030642289864,0.6111189933350891,-0.01299141952376412,0.3736558813660608,-0.03173859465043821,-0.3616547421589474,0.3643545517948823,-0.21142402398973412,-0.18291375080695516,-0.3419119852033276,0.03076860982336656,0.06803151714418423,0.1458569513751841,0.2605174146461065,0.08270608160535987,0.4012144886207882,-0.23186110192038986,0.01960714472459389,-0.15634768353378245,-0.16570680930824425,-0.4716050812635619,0.60861339041819,0.23814358982974967,0.4258100105963704,0.7874846404988246,0.4706776663589943,0.5231059456026652,-0.10872752532091035,-0.001099519698557418,0.02474140052425412,0.0414073483093717,0.369810118786646,0.6935877391547688,-0.19074957764639278
000625.SZ,0.6017224287584605,0.4495460626624344,-0.5735234485794618,0.6802585882303007,0.5109244402537557,0.7884232172874232,-0.12723573358499926,1.0,0.06891855592777114,0.7913664516553257,0.38033004690800953,0.07888693840796224,0.7774467794818897,-0.10324462531524353,0.5766801790224987,0.5652998285156589,0.4722033865392959,0.8007800795870047,0.6847951526284755,0.2900257895404102,0.7884360182652599,0.6762995541880711,0.8428701179278049,0.7606109150376903,0.10195467202530728,0.35411335666051297,0.7914278381267935,0.010391263650963267,0.21510894289454943,-0.3368387177990551,-0.09922019178305726,0.1658291923359848,0.1818912033208632,0.1844779907663651,0.5770420909151709,-0.5600673200447437,0.86678083487404,0.017589602235105983,0.7137592078874704,0.5079478579305411,-0.09351688495346942,-0.2530499512249939,0.7168899971754389,0.7651198345594911,-0.5925946945153252,0.7400016033207746,0.7543116117103619,0.6290750691700268,-0.5202964679979459,0.19954930158089734,0.34593652657398133,0.5558425844937074,0.36638572216095144,-0.10243170879269219,0.6584250712809899,-0.5081678520229036,-0.5473388809690899,0.5612344101720652,-0.5618859288938621,0.5148594201043984,0.4621729282950294,-0.5180644048319402,-0.4042523556469477,0.2182825369540343,-0.26075649760562974,0.21010712093500597,0.7078459549215119,0.2890704454140422,0.15633683351887373,0.13695156558552876,0.3111941612836672,-0.4861756369250096,-0.31536700912312715,0.6826259302292322,-0.31124104935535296,0.7600909757774342,0.4069523881356918,0.7231836392963201,0.2657153997086185,0.7176399575924955,0.5887296609010422,-0.5111641347355244,-0.4161833210047041,0.029002001085363344,0.7630867168316344,-0.37710279595150736,0.07143380454515907,0.2966553800461529,0.47825079315688496,-0.245530981661083,-0.35633666186545687,0.19925486445819726,-0.0013979037672876005,-0.5133622014664322,-0.3756329063786963,0.5628978477300662,-0.39059634657504927,-0.042649889549818944,0.7393310699546235,-0.4195787287747201,-0.4465070312943431,0.8116282098336626
000725.SZ,0.45211055288545077,0.09819075147718641,0.23998857355133377,0.2601513766994865,0.3179293659595421,-0.014921822524735381,0.6311842736564063,0.06891855592777114,1.0,0.21392563888535185,0.4380385940417281,0.4374765768301037,0.004576348925500999,0.23306433506978322,0.4826834718119553,-0.03478508076749252,0.32206032158801384,0.0006504974858757886,0.20974325860766493,0.10490721934493503,-0.131146701944781,-0.3158452144716496,0.10488553658973958,0.1027339649981418,0.5744527647734428,0.44357781037557403,0.27596196732572476,0.7313481263329639,-0.14005155311671336,0.1746919290149218,-0.13591170886406825,-0.1285899415571223,-0.019954083564514852,-0.16875087777225906,-0.19840326600287958,0.20580134405100847,0.07373928430871103,0.21221989656716875,-0.13075046635025037,-0.20604031033371858,0.5221777707409117,0.39188558149636904,0.3063936301606172,-0.08164501073566437,0.23864652761814942,0.27769057452319573,0.18331946884236738,-0.2371891339645664,0.5764335199730423,0.5469444629119962,0.32368581603435187,0.05416142342236643,-0.03647287950952056,0.41652255070390237,-0.1354147735181425,0.3564882606316963,0.38972641491298404,-0.0721820889145835,0.059916720545555635,0.555724188703672,0.36964672822586975,0.02615890249941084,0.40542302949153103,0.12099301814904222,0.17968869004850452,0.49852267557417823,0.11044777544542683,-0.18268849194957437,0.15797095911451733,0.6958740001973917,-0.044782272407892676,0.24941061331296954,-0.03257004888766545,-0.23823463555322813,0.1835810098860143,-0.03440981631440387,0.01994883325350123,-0.13367167026734159,0.07239173736030875,0.2934496553900388,-0.06791583950174986,0.28320727322990324,0.30811622459129295,0.450429454899335,-0.053422884872593106,0.0591486753999984,0.01471884487015207,-0.013737793214069547,-0.23558935829105598,0.3738800523448849,0.08278439492221042,0.569027169353784,0.3976000509475887,0.3573683994917072,0.29350494141570455,-0.004820536448014297,0.18324401697736162,0.12306254800910706,0.26088521298327555,0.17445168272215636,0.5559241833381552,-0.09928281525627776
000768.SZ,0.7011884418864347,0.46761435996933853,-0.5465827704064427,0.7784804722764053,0.6168438596617661,0.78095291030287,0.08482340873050365,0.7913664516553257,0.21392563888535185,1.0,0.49283109447601553,0.17972741007821627,0.7972145628485491,-0.09880065929577982,0.6284394431146642,0.47980931327422754,0.3621009609821793,0.7297783864110592,0.7851745973527433,0.21542784322761852,0.6224499664424216,0.5887327322924967,0.8491295599223673,0.7605997760806146,0.28684882898651964,0.6019384773477907,0.8639964220913962,0.1710228561267023,0.1597258491564451,-0.4128576699937339,-0.3115210196331958,0.07960090298746718,-0.041222277174877364,0.014630088873468708,0.5299616053345125,-0.626984469283927,0.8126695270490975,-0.10489448533400476,0.6825193690653221,0.3335173970594923,0.0037659518853302063,-0.04835880384242366,0.7061472585596267,0.7219240810212616,-0.6738454814767523,0.8243120290417907,0.8081850162381169,0.42492217720289766,-0.3371709541919062,0.3623507044617456,0.34363879936838987,0.5453136827137269,0.1717729547516229,0.09864912952159972,0.5806368010296589,-0.47369598418435643,-0.5451784073071001,0.4337105836511092,-0.677232798863712,0.6881124374422641,0.49281599584655184,-0.4963137726123339,-0.35536725905538313,0.13736800459918166,-0.2652720017978048,0.432651335621783,0.6999802467145039,0.03738480057696011,0.028929282341099538,0.3429513563573338,0.13970726691219446,-0.5197552196637423,-0.38828811899757826,0.6349289758724135,-0.29343528624793563,0.8334683699936297,0.36282702552537915,0.676968401115322,0.16450719004693767,0.8575500418429365,0.44798636910633965,-0.549316377794211,-0.5251614056412374,0.2062847618147535,0.6542448597740927,-0.39962533009612655,-0.08838630334463961,0.15468952993061136,0.3652321089870662,-0.2768394468305455,-0.4056095028948729,0.4341268882175873,0.0893844766951662,-0.3094744819794541,-0.36598014962661846,0.517824630872247,-0.5177621890658658,-0.0746482980987594,0.8855377200898458,-0.5102357458121858,-0.24141752378570933,0.7327119621601611
000776.SZ,0.46786821303941367,0.09965896361900413,-0.12025681002585048,0.45650662312656193,0.741253216989822,0.30832249124093475,0.40796156019560037,0.38033004690800953,0.4380385940417281,0.49283109447601553,1.0,0.4285290673970126,0.3502624227510691,-0.1723930244722838,0.5606746549824047,0.016454660020342012,0.5317194110134186,0.4221999232240519,0.5841338029714824,0.08754790717733624,0.23736174994789583,0.18593204421724882,0.359904858257774,0.2851278730090896,0.6496656980526441,0.6332223649310239,0.6118348104087492,0.3914580304508959,-0.06909160432271101,-0.2147833280512731,-0.32687940338193744,0.0356334074357595,-0.29277800382321745,-0.2810518558992006,0.2078847720064878,-0.37981184623317904,0.4171492630767512,-0.14079393920597813,0.1857021870215985,-0.10852325661759643,0.5114986078496143,0.36243615768499443,0.3251309803531344,0.2422204328788875,-0.33229040412745053,0.42506142409115416,0.4917925736111657,0.0058645186111825525,0.07616771656856586,0.5226014163936948,0.4838990975437785,0.0921697877189256,0.05126039962995829,0.43268586684122484,0.18784796018511177,-0.06365558443858958,-0.09761805110723347,0.07746562057556772,-0.33887175538404096,0.6139703876033099,0.24996413853389332,-0.1203516892356936,-0.013784304882652698,-0.13782262070386295,0.09782686583428928,0.37153435768581994,0.27399010083368197,-0.12840472808518621,-0.07104360849641822,0.7488412479172957,-0.04677537002296923,-0.026056426882707217,-0.10078826145503633,0.19909343793101344,0.22350780078457336,0.3641076016195437,0.3079690320835542,0.24130843760890808,0.07045422453825194,0.514521609912247,0.2756517619743793,-0.19475002722444953,-0.10388827789810424,0.7790305358259086,0.2513261410390088,0.002514857736797771,-0.30041819075194326,-0.06536430871340464,0.09750645311094742,0.1197069521697296,0.2320534458754994,0.7955206002448367,0.17977442551150702,0.2017290069708323,-0.24745380187750088,0.1955785500325904,-0.2553075011462914,0.17828321556549623,0.5150238276855005,-0.07015111255583455,0.15146548442644636,0.2481457310855876
000858.SZ,0.4280943624952831,0.31605230388084055,0.3148232122399616,0.45751203050689826,0.06875049455866072,0.22244851488870654,0.8741843720279782,0.07888693840796224,0.4374765768301037,0.17972741007821627,0.4285290673970126,1.0,0.13433942681530958,0.25367947569623056,0.6988303564294337,0.0031221124211679996,0.45506875180892775,-0.006942405602008196,0.39883008704341666,0.6535754355886939,-0.23135106619287363,-0.2592380251255116,0.3429552528298873,0.11009978266071947,0.29628252838512853,0.46517302557754087,0.36038204963988546,0.6663344460861619,0.0698119896079452,-0.1430526169924819,0.16933835678558248,0.0018993396610174976,0.0016416867280723186,0.16371234130144321,-0.13806666799130482,0.2192663601975412,0.14301639803618804,0.3847834132197618,0.06377200182043961,-0.13145324161242092,0.4180197798359407,0.26381522484352476,0.16619535699482513,0.12764663275590507,0.24282266136916472,0.33259740573304925,0.3057788622448969,0.01596749613968364,0.4991758933740426,0.8913445241771166,0.8950414746280558,0.22742856600654304,0.34126478505577845,0.4921171181765889,0.23688941567302357,0.5028903500753859,0.09472482944960886,-0.19975556329247834,0.09460021040926751,0.7235187746124486,0.45343021573795,0.14658436839701514,0.4117632840348499,0.09395455046775891,0.39346577810160793,0.6173564709979715,0.2921268775608699,0.07870151298432505,0.05319216646992766,0.4539063144542357,0.2935137821682845,0.3523970053218388,0.015227622280263068,-0.07462301172259438,0.3586771673676166,-0.008807271017149823,0.04860258408629031,-0.048866968971100454,0.24125356808720153,0.19098335986395554,0.40359352405598187,0.18699423307325866,-0.032012949778325056,0.22470779801424268,0.055602234989469375,-0.20478745684997804,-0.053648221636940996,0.08280152044160655,-0.2533198292509598,0.6316296150259124,0.16828917800590715,0.30239671022383136,0.8412961614775186,0.16711944802417436,0.4396138850621451,0.19139262960241163,-0.050752534992953235,0.06126308498529548,0.17230276739564934,0.42101033807927446,0.42619431859686646,0.0809256988969332
000876.SZ,0.5321746245900375,0.5924836243363012,-0.5515678922151089,0.8137593371898378,0.4492646634028374,0.8500891807291974,-0.1043910720886475,0.7774467794818897,0.004576348925500999,0.7972145628485491,0.3502624227510691,0.13433942681530958,1.0,-0.07807710490198837,0.42901078131654063,0.5793976147235305,0.3618870916724606,0.6823756630210247,0.6753084595488423,0.3885944147741407,0.6916140891635568,0.6468617645370585,0.8645513234219252,0.8583515169711378,0.027986633857994336,0.36656568137254464,0.7622466439057908,-0.03819061067911803,0.24817214412559618,-0.2982465818481007,-0.06842434881147041,0.162082004324884,0.16858678173448705,0.3610809357890672,0.6422386560870026,-0.5199951871589087,0.7315968693600046,0.06707757538900504,0.8447193231012116,0.5633454603260412,-0.16687233660975231,-0.3765829927857827,0.7205155015130265,0.8123399490702085,-0.6290647760759985,0.7595462818621453,0.6794362759823227,0.7000052219396097,-0.48307721123449315,0.14316796598318712,0.3542337566787281,0.6706296109619378,0.4602705960069597,-0.046335916295104786,0.7106128428650655,-0.5318327614426218,-0.6040744254996594,0.6231366827154889,-0.536823712421629,0.4591615559163016,0.47263852192399686,-0.44989381406582535,-0.2832680632573121,0.3446189741276045,-0.33850170707270677,0.3326211125872494,0.7308603147293637,0.2889342942281172,0.08598218168275688,0.08436408636422395,0.4053599764348344,-0.48435464999839756,-0.25088248183299194,0.7702634364247817,-0.4033208106495063,0.8501565940784168,0.3916305101364476,0.8184707684323281,0.26731351737663506,0.7335209204089231,0.5117377444548319,-0.5141850636879687,-0.4502995945056317,0.016715791050050426,0.7799206693449879,-0.4141989448107104,0.07649561142498247,0.30297581397735773,0.5177366040173529,-0.24506507166183478,-0.32101465240810073,0.18316582455901873,0.04126688806311983,-0.47389400720449903,-0.40875891795045605,0.6639298709231974,-0.39410982660938165,-0.15160868100968314,0.7408387211384282,-0.4806267730578591,-0.4071266804824057,0.8878760709924749
000963.SZ,0.10670109303930476,0.25483698202246835,0.4379483074370447,0.1420354895458418,-0.3200101517012454,0.07609639764197006,0.2958021829041604,-0.10324462531524353,0.23306433506978322,-0.09880065929577982,-0.1723930244722838,0.25367947569623056,-0.07807710490198837,1.0,0.10615015954242507,0.07485908140287638,-0.24562144871078848,-0.34464303232870747,-0.08195038324977548,0.14494454338047894,-0.19372444368687983,-0.4052621406465189,-0.010331546174350526,0.022706721713084358,-0.1559895540136265,-0.06536094030085904,-0.0612865497386074,0.38968271546510097,0.08731268966333701,0.4725149254464407,0.40510560647041727,0.02456916408013875,0.35807773042548835,0.4846437208147902,-0.20384724356379194,0.44240873585377516,-0.09583295378115618,0.5409011323403772,-0.015510342794918593,0.11405093046001412,-0.022517434025940253,-0.1716023360527644,0.08958021672719078,3.820627589878889e-05,0.3216082953554189,0.1508140367285146,-0.270000750470277,0.13425245078607154,0.31444264394520555,0.08694747048253237,0.19441173332917547,0.28648694337173136,0.21672205350458248,-0.3033696109048976,0.1534773583306363,0.18444503642790763,0.418424293259521,0.14403923949499858,0.288276642196217,0.06199923092084545,0.3093216325707214,-0.0869267940671105,0.4108767437778018,0.5589777461743809,0.13995500523793677,0.2619828640555449,0.09038602999111757,0.2230124171572906,0.26020620512740783,-0.0066151374557566756,0.2968680171633402,0.15941989577075708,0.17911471417021255,-0.18970218592361132,-0.07340009634958289,-0.26307143947431827,-0.1011712376105216,-0.1615544982542612,0.12097599184981077,-0.23651686124979235,-0.18650068596207328,0.3252379064356152,0.19010745544958438,-0.26188095430999847,-0.0073626879642015265,-0.03528038033085,0.4219651648276816,0.24781188380635225,-0.17199854273108764,0.36158990428047594,0.057449407821419544,-0.14341560564242592,0.35669264217400903,0.21051496459825944,0.6452094544428327,0.1597528326565254,0.365990017239282,-0.13446183227511865,0.022611290257138178,0.15853177001453603,0.39369785417629233,-0.08420479513373985
002007.SZ,0.7730839591552402,0.4445266314818992,-0.07680844234569352,0.7065047143451539,0.41625166416786014,0.5725853685724028,0.5750681711214761,0.5766801790224987,0.4826834718119553,0.6284394431146642,0.5606746549824047,0.6988303564294337,0.42901078131654063,0.10615015954242507,1.0,0.2661117650215891,0.564285727690185,0.4742861784766516,0.6796169090133652,0.5205041754907277,0.2633327176162516,0.1469829240277167,0.6700551799488741,0.44044560583310405,0.4082200277205184,0.5589047193514957,0.6828413421017294,0.5276495246331979,0.22544056640632956,-0.2963726716413731,0.039306331995279976,0.11876826180633876,0.05841008895784904,0.046731566010754844,0.20908396005427374,-0.1450132108376102,0.6041008421987334,0.23018472597231635,0.3674173532311342,0.1246875381633298,0.36151687672469607,0.24985280825033773,0.464940226807248,0.49633144261820084,-0.15223864245338464,0.6634633953032965,0.6642682807246514,0.2867133709927681,0.1265452925396612,0.8112640886607084,0.7509201921835489,0.3871530990593363,0.427936993277723,0.3132504084076275,0.469206929273309,0.14594261620998156,-0.15725154714376047,0.035558216049195596,-0.24419252906432024,0.8576880178673433,0.6223048354278035,-0.1862583182292735,0.09952782029980561,0.1252925172571517,0.212319115013176,0.6279492186256176,0.6719938677657477,0.132864662726245,0.20919381904307932,0.5011279249659363,0.3031369520963177,0.051030705532540556,-0.20282965574637912,0.30687629049327986,0.15220718148676496,0.4179503202789237,0.2948775447836244,0.33135295159409267,0.4136569406702051,0.5799676086042282,0.552526735918473,-0.10280858676050009,-0.19939028087124808,0.2385068575059811,0.44558536197639725,-0.4053063579680789,-0.0018390745903301235,0.2304715817973615,0.04259977363851695,0.31239796871433173,-0.1140863819373417,0.45127761709921943,0.5433727145401,-0.1371452267051733,0.10975762248363873,0.41567280293759284,-0.24665185425043937,0.1164419645663003,0.6381285146583676,0.0857546134027612,0.10381700043144539,0.46025465540977023
002027.SZ,0.19605057215151225,0.4828593225668129,-0.5321238752531458,0.4555037261225771,0.1760188818397533,0.5862794402428494,-0.14085084520359628,0.5652998285156589,-0.03478508076749252,0.47980931327422754,0.016454660020342012,0.0031221124211679996,0.5793976147235305,0.07485908140287638,0.2661117650215891,1.0,-0.037803510189647636,0.5299267911823318,0.41022855833982624,0.1870570371446412,0.5211759156056447,0.33121672600031427,0.6095176684126706,0.5980023832218954,-0.153782377131132,0.1857842350102066,0.4046717266950655,-0.04556223408112215,0.25517600908687826,-0.154326360935093,0.01500000560775038,0.2477550066578965,0.1200444623614385,0.18935794453786847,0.27225984915028306,-0.3062716840823097,0.4628557716428902,0.22141544224227752,0.5649019894847302,0.3997686230931437,-0.2167069233468029,-0.40186964549031995,0.6913393294780339,0.42452968049236683,-0.41175124848542577,0.4530544343519574,0.32522763212772215,0.4726992814308968,-0.37640342059461895,-0.03740012707474271,0.14073338053602247,0.5863373290593508,0.30547260881494326,-0.245025955528663,0.45599358894909137,-0.39947757616294416,-0.4197125417271981,0.6006213244320546,-0.40468163047379097,0.2206654748739847,0.4175020228532971,-0.5266133607910282,-0.2776100697568451,0.28484420673509914,-0.4193963075584888,0.18932379271433594,0.43874752968237907,0.1641756694574201,0.10534730699970651,-0.07926094796035206,0.21035904526942972,-0.41980980849316635,-0.19267619140242553,0.4180896424633566,-0.49071308089851345,0.4195080463930759,0.06573327296760724,0.43434545139257846,0.08726132425034068,0.34041022194357917,0.3470128869105176,-0.29570840667202486,-0.3148347454324703,-0.22281603972671404,0.43592314143589084,-0.30851497898254177,0.24193537851556982,0.277045696973327,0.23717587799074433,-0.3233952387229052,-0.23779313875602456,-0.00020034642578571163,-0.04236779539472418,-0.3181120024136239,-0.2136271543334479,0.36369576991404906,-0.242357051903462,-0.21799828625506704,0.43373953313435704,-0.4017323696935932,-0.3955566764263388,0.5423725002323492
002230.SZ,0.5139246565205342,0.007606506643747614,-0.08864625726547685,0.49928903049742507,0.2894570245646219,0.3702354711647086,0.36641681979418544,0.4722033865392959,0.32206032158801384,0.3621009609821793,0.5317194110134186,0.45506875180892775,0.3618870916724606,-0.24562144871078848,0.564285727690185,-0.037803510189647636,1.0,0.47211624705748406,0.49291721085786766,0.4602374952998259,0.30576446306877153,0.2907755627579204,0.445906063496603,0.2518175119623618,0.23359836443504026,0.4122747266023041,0.5720888759127338,0.25391979797362396,0.014180365278981831,-0.24003443560655688,-0.13049806451429988,-0.09747402533501752,-0.03400316295826259,0.05065525247721941,0.21259658299309114,-0.24261549957010606,0.4677738855180196,-0.09312123944359661,0.18236481625945714,0.003426400087420419,0.1210850313695019,0.28797064768727515,0.18214557268727835,0.39228387368981243,-0.16411600074557195,0.4155687091981823,0.6462273058882125,0.2534252610860906,0.007951147124290117,0.5753878939376567,0.550784107409654,0.18900239575274602,0.2501257920934189,0.5671461780867552,0.31040996733075704,0.06276317625368284,-0.0778432036813075,-0.10604921337564925,-0.14593210049797198,0.5590829060350909,0.14051588898220016,0.020482971781967785,-0.01400952597892032,-0.007932590842331453,0.23815464265611808,0.3066026488599808,0.29626423469526103,0.09906955607985546,-0.04682339372587998,0.2967988380498735,0.20550741831166675,-0.041717664667282404,-0.2201541891938198,0.24036838896986637,0.24347423726102144,0.3543555413124794,0.11662600451465215,0.2666472661822759,0.21645112737710714,0.4266408412648803,0.57447422664866,-0.1511513608430712,-0.056497888392931794,0.39063018173818514,0.35650532505143157,-0.2072614597949046,-0.2627087103103442,0.015751381298303224,0.0923545127658044,0.14795176929870799,-0.09301493899594,0.24442653677101941,0.4534724056934067,-0.16969264618768864,-0.12423384353210855,0.1157214535688787,-0.19993188685157529,0.020200654241800328,0.3301240740671614,0.05309416473954277,0.05471944902883136,0.4142158913268665
002241.SZ,0.5308890376348314,0.252856086450201,-0.6724729946579285,0.5276504456112757,0.5215250898241106,0.585373031393306,-0.15779229036336842,0.8007800795870047,0.0006504974858757886,0.7297783864110592,0.4221999232240519,-0.006942405602008196,0.6823756630210247,-0.34464303232870747,0.4742861784766516,0.5299267911823318,0.47211624705748406,1.0,0.7242774666447671,0.12005758864091966,0.8659241869549148,0.7283432253177312,0.6698626142375419,0.6989785354985276,0.1312151573276846,0.41028222457555313,0.7307561457785788,-0.14467150777618035,0.12654499568097913,-0.5635754631936938,-0.2819245843753124,0.009017443597405205,-0.10719799928727865,-0.09799671851192371,0.574923232964898,-0.6524528722720165,0.7020721550058596,-0.2548490362349333,0.6254316501138923,0.33124221469067144,-0.10322628553881642,-0.13440352432119826,0.5320924010310472,0.6263653177872323,-0.6493016684050243,0.5757465454537932,0.7566056142947534,0.4580747491588819,-0.5801999316809381,0.17359250136855384,0.23178376652440538,0.414548211952557,0.18235049730662886,0.04525688203162447,0.4458411830604307,-0.45672557614063275,-0.6377091944517078,0.3787002235049584,-0.671412168883407,0.45723622096482175,0.28120867635419794,-0.4935190342519808,-0.5510498383079546,-0.025172164767822913,-0.23348097918737723,0.08958985984473793,0.5172110598894162,0.07377438672891845,-0.10453445878537038,0.08209554142116822,0.15837534085423505,-0.5360163128487813,-0.41394876625077354,0.6511997008858218,-0.24410240391314456,0.7495138539813914,0.3266337190432396,0.7374310862552353,0.058759839696494835,0.7347506019735031,0.4889066570858091,-0.6300045744391751,-0.56949397507418,0.1415231486201798,0.5795141376261869,-0.4197118927328689,-0.24740194395437445,0.08887264028331347,0.4044941738081898,-0.4455781655892361,-0.4307225251170392,0.21221001764936923,-0.13420719835657224,-0.4687092089349611,-0.5868832764312623,0.37363401527016066,-0.584152727737738,-0.16383182947283983,0.6354489655440289,-0.4265869348368003,-0.39063181601809127,0.7560631322561937
002304.SZ,0.680317617153792,0.3167730349246369,-0.406470982468403,0.7132731591733825,0.5843085056097909,0.6220259045674456,0.27277224429802654,0.6847951526284755,0.20974325860766493,0.7851745973527433,0.5841338029714824,0.39883008704341666,0.6753084595488423,-0.08195038324977548,0.6796169090133652,0.41022855833982624,0.49291721085786766,0.7242774666447671,1.0,0.3121586294779413,0.6157617665822042,0.4280230280117218,0.7792529938728636,0.728836920639718,0.3704114799223375,0.6414991043085752,0.841546787807364,0.23992015413137677,0.13859379883470307,-0.5243972119339035,-0.332172089625228,0.005870662976134131,-0.1592850247120553,-0.08688071489990053,0.42925830661817727,-0.4644868076740507,0.7082003828328967,-0.08385162894599991,0.5037234059226355,0.2030965836357437,0.1844187509704134,0.030250348240540664,0.4989293786166665,0.5304634640301594,-0.4756070691909242,0.8001492995889173,0.8408459760663783,0.30163108715400627,-0.2666829192477515,0.5417952137121965,0.5414622308015088,0.4869903373011217,0.21192945633761648,0.1826422520885137,0.5897587918534437,-0.25734429996557834,-0.49279473497121423,0.3332850714880686,-0.6067761907889416,0.7555692150024588,0.4697106955363004,-0.4857825711481068,-0.34389982510761447,0.1732736660046974,-0.09567403468227276,0.40102227710157884,0.6269022307016571,0.021912336739399546,-0.05735309516561162,0.3933250488598968,0.17343368906319193,-0.3874883261938498,-0.4504725291120994,0.49104056554419345,-0.1535158551499762,0.6339510143011641,0.2341372798692404,0.5716830785320365,0.1101552502542434,0.7146850591205939,0.5412640040187652,-0.46635530403456626,-0.5051131980710103,0.29175791926767863,0.4940274721349713,-0.4798873972347762,-0.19929238187316853,0.0251176944280883,0.19293080525708173,-0.1685465644341807,-0.2788042149456593,0.4184103204140713,0.23717959379445416,-0.16718926565429074,-0.252140714327634,0.4012499849941265,-0.5409080980343787,-0.14248966881259484,0.6725464053053513,-0.35606697972222806,-0.0814873730715654,0.5682444868792357
