,000001.SZ,000002.SZ,000069.SZ,000157.SZ,000166.SZ,000338.SZ,000568.SZ,000625.SZ,000725.SZ,000768.SZ,000776.SZ,000858.SZ,000876.SZ,000963.SZ,002007.SZ,002027.SZ,002230.SZ,002241.SZ,002304.SZ,002460.SZ,002475.SZ,002555.SZ,002594.SZ,002714.SZ,002736.SZ,300033.SZ,300059.SZ,300122.SZ,600000.SH,600011.SH,600015.SH,600016.SH,600018.SH,600019.SH,600028.SH,600029.SH,600031.SH,600036.SH,600048.SH,600050.SH,600061.SH,600085.SH,600104.SH,600111.SH,600115.SH,600196.SH,600276.SH,600362.SH,600406.SH,600436.SH,600519.SH,600570.SH,600585.SH,600588.SH,600660.SH,600741.SH,600795.SH,600837.SH,600886.SH,600887.SH,600926.SH,601006.SH,601009.SH,601021.SH,601088.SH,601155.SH,601166.SH,601169.SH,601186.SH,601211.SH,601225.SH,601229.SH,601288.SH,601318.SH,601328.SH,601336.SH,601398.SH,601601.SH,601618.SH,601628.SH,601633.SH,601668.SH,601669.SH,601688.SH,601766.SH,601788.SH,601800.SH,601818.SH,601857.SH,601877.SH,601878.SH,601881.SH,601888.SH,601901.SH,601919.SH,601939.SH,601985.SH,601988.SH,601989.SH,601998.SH,603833.SH,603993.SH
000001.SZ,1.0,-0.5098586070933646,-0.27834890878520174,0.1925335515346266,-0.6764151398525553,0.45735971702157574,0.6455890107530021,0.3495427502485684,-0.5301690443035149,-0.38170610536542204,-0.6245165505053066,0.4759988385316252,-0.025057963033121616,-0.4318400133750045,0.308855910353889,0.3029429642491244,-0.3691809353657534,-0.4569926972080444,0.43779649903123313,0.08722485024432258,-0.03412717397612846,-0.19842119763886434,0.5741873872871691,0.09320198077181531,-0.39221459933373165,0.5139612039245912,0.27460285671668744,0.5486158885826268,0.2449852767837578,-0.6028485806263701,0.5963990582325027,-0.2748396497222661,-0.5865306776189257,-0.43041182018682284,-0.37388706839187563,-0.04093137413862934,0.25491396465188715,0.31743941095791317,-0.6681042462014956,-0.6581553912646885,-0.4437847368475849,-0.25654938552346723,-0.2348597054760134,-0.42476070637660346,-0.07504559012490639,-0.05232981287540777,0.23475840886859592,-0.4692556439784199,0.17873873993024883,0.475119079712718,0.45810727904483706,0.6538882408066221,-0.4776262245331569,-0.21207206250281563,0.3639593403913007,0.625135325366016,-0.5048867675512426,-0.5888938929657151,-0.2601206339001794,-0.09932916394880893,0.37953618787362514,-0.37251795992884623,0.014256393714871316,0.2723528938762611,-0.6805269697122928,-0.6065622207055005,0.2931216167985384,-0.25786058589432986,-0.6765870713234333,-0.6031327405297456,-0.44623516347299175,0.22101182467802083,-0.23123274643281957,-0.6333595488195075,-0.2502047641205379,-0.674985690791567,-0.19186606150028843,-0.3619565625137937,-0.5390032672889935,-0.4196301371774441,0.42663864736065876,-0.6433964083460735,-0.6789385424052164,-0.49960874935308225,-0.6743718853015293,-0.39138939792987254,-0.6754438954027416,0.031401183304460366,-0.3865893034059036,0.09739491766851298,-0.27022082417727905,-0.5506029106203815,0.5366709392975421,-0.10656044568494949,-0.6483443925083965,-0.2040222281541214,-0.5998230347191387,-0.21997067534114048,-0.5782502578738105,0.09402819763363328,0.7287520741371889,-0.3432126045871044
000002.SZ,-0.5098586070933646,1.0,0.7004094238448757,0.1733841234500946,0.5044648391103598,-0.08520946077671455,-0.23879993887293605,-0.30540569998605666,0.055987655123885614,0.09763279194910705,0.3461580813425586,-0.13883067543551755,0.33886376532621565,0.581354068864024,-0.30938846666791725,0.016047035263031414,0.2721115346819943,-0.02380206017608032,-0.27164234728446374,-0.32590333060498905,-0.4971469282884347,-0.35107022633510576,-0.6053614623803326,0.28750271284034873,-0.08147788033126238,-0.03806160179626856,-0.45604628945442993,-0.09986168942067901,0.2862849341028083,0.262475220083295,-0.02569817787558071,0.6360966500168894,0.6858801489785528,0.640512006220968,0.6233463548003388,0.44852731886358677,0.06117654328536695,0.286643942063802,0.9160518956012673,0.5109009071340745,-0.017584857683782873,0.6567709207210924,-0.18625610706403842,0.44095473516336364,0.46481371097284524,-0.11696873726432128,-0.23633005574223928,0.6722572958470127,-0.16494318331272972,0.031312605449479974,0.03017350314697038,-0.5622662802886847,0.6210899692373818,-0.22477558930287092,-0.5592877441498552,-0.6601679847763041,0.4491485004131018,0.22853704358237578,-0.15425896728545624,-0.03591667703351453,0.1995814817707099,0.7063739472263161,0.5805870918933274,0.15184041052891992,0.5035189213436676,0.8490930479016864,0.3025447674208203,0.6402203089044755,0.5287647461481382,0.37283466305685814,0.48179852269478096,0.3169705384745763,0.6368339621447153,0.7641467868588091,0.6761907803658104,0.7020672621198182,0.6327251691190205,0.7633245314235518,0.6248273811012083,0.02093164939098276,-0.5866434874765579,0.8105928473672958,0.5387990069726974,0.09353748519024967,0.6797487949689596,-0.18703960267053596,0.4384484286950286,0.3951626846282956,0.6253780889438876,-0.4187070626606262,-0.23760917042927673,0.266234736733124,-0.00011988970814783585,-0.30111495831171525,0.197691967872335,0.5949969443345081,0.3309166670604705,0.6547553000325876,0.5228132294519081,0.33533461260586755,-0.3017257519658682,0.5186785747600416
000069.SZ,-0.27834890878520174,0.7004094238448757,1.0,0.4729842798032207,0.4370155900046176,0.3078385939627954,0.08046408885152881,-0.300035567701742,-0.17553068328542287,-0.2414223695939742,0.285372046949177,0.20619179095383386,0.7696063379565617,0.8551853968925789,-0.18328201435686467,0.20569899945699224,0.4745898660706573,-0.23029743645174164,-0.20949116225793063,-0.29220853690970655,-0.6641651769925181,-0.5518437534633672,-0.49340512244750506,0.6658521002069403,-0.22865551210568413,0.29918429951930015,-0.48459866532167356,0.12666496900352694,0.6693280817430423,0.08322097269724699,0.342663615932431,0.876222508892135,0.7958159011065841,0.8185212152720082,0.9014824068239106,0.7891958251198666,0.36760390907196844,0.6042170389983046,0.6177090732899865,0.5712635411335694,-0.22127316150430013,0.8061748694596559,-0.3747570879143296,0.6367310729921566,0.7773300568909147,-0.24196889724345252,-0.3913365802191942,0.8787233092381238,-0.033234137285820725,0.39100247573616104,0.39343712743323106,-0.3638531476170901,0.7296936511356419,-0.5249786225111976,-0.655460076820709,-0.6593478899880112,0.6676917943494395,0.11003881747953416,-0.15839525166472057,0.04638366265576227,0.5265705668618664,0.8373871767454282,0.8053627297156357,0.3860022528185383,0.5215294502529642,0.4167008223714983,0.6150599241654663,0.8480374959327536,0.43402898085070696,0.26264023643730133,0.7320321473286256,0.6415843458251272,0.862544489687061,0.619849877333461,0.9406681912392112,0.7075877026832255,0.799164072841534,0.8538139108351799,0.8057569888813626,-0.2194775773098919,-0.6308771143921901,0.6995310291405179,0.5191659205156869,-0.11757702218585625,0.6368536360085747,-0.38034303129782115,0.2042901351677048,0.5810445948185538,0.8934850004222056,-0.70999020638564,-0.2286802794069689,-0.03910124319107556,0.3542497694370743,-0.3745677888253501,-0.027310493245443702,0.7901961434560686,0.2211253411484486,0.8899702097492539,0.6318723924765353,0.6654898677272421,-0.03482453476948455,0.8455609106555282
000157.SZ,0.1925335515346266,0.1733841234500946,0.4729842798032207,1.0,0.015296904088770089,0.805604627262293,0.40796833629743445,0.012894379148938144,-0.505661921793811,-0.3335667847173896,-0.15960043857124837,0.3998927970493365,0.4695004372517215,0.39908508631585904,0.08126128069043931,0.37099136542376226,0.29025060428834454,-0.4785607051168395,0.18242821099091558,-0.1794720614810811,-0.3813577847076899,-0.5578183394077315,-0.12184659957346301,0.709497616572044,-0.6135628418816286,0.7441339026331608,-0.14378403085501387,0.46215063862081823,0.7771935840128444,-0.5125970227708018,0.560096508580168,0.3962838282449646,0.2297467339576805,0.24644973396411896,0.4613244706070587,0.6152665525535886,0.6419467609935483,0.5793264349432415,0.039187799631065834,-0.03986576049268931,-0.47469773708349144,0.5281597595854516,-0.4459152602926732,0.33767127142250764,0.5954464547368635,-0.20956382405302074,-0.165359749370426,0.34599260623202294,0.31986702243282433,0.6272829131581793,0.5316505102297129,0.3270651293574062,0.24941676819774727,-0.5494302079957508,-0.39057524677913796,-0.31777642597494554,0.21170504171124715,-0.3003025801246655,-0.4140318838400798,-0.0030918488954249992,0.6821769701809424,0.411122463856967,0.6141819601383955,0.6336122910331455,-0.1647129994700373,-0.008932260914921655,0.6861967389607138,0.3182817264050199,-0.20820990502974812,-0.2365532556419466,0.16336457083552178,0.7007443686535565,0.5744338402708108,-0.06758583958005818,0.5240879725216908,0.027653881657496663,0.5720168163292362,0.4641023690459985,0.20664753991969642,-0.6063349814055198,-0.32028213704858394,0.10860195255732796,-0.06884747932714853,-0.3599729322261183,0.015473378031998072,-0.4386113764457921,-0.3639760379197099,0.36456928103677866,0.4286752738045337,-0.5521166066384623,-0.201967449541509,-0.4256571311660496,0.6410534913504509,-0.35148608078413385,-0.449554055649094,0.6006182529903831,-0.06587047801290205,0.47740762648999197,0.1575767826546063,0.49180125723545753,0.3336125221307737,0.4030126374649376
000166.SZ,-0.6764151398525553,0.5044648391103598,0.4370155900046176,0.015296904088770089,1.0,-0.3066425083932713,-0.32278251149889553,-0.11888911076785026,0.5404008973958593,0.5271724465131385,0.8576634322211967,-0.08684347204084426,0.2182845605284506,0.6022166974729624,-0.17979972328581326,0.07768400280527891,0.600756308398661,0.4517655729685183,-0.33212659755693574,0.12889186409637143,0.12344485954450697,0.18117430887594113,-0.34998914821880667,-0.005639973888601916,0.35172940165399424,-0.22107204767425526,-0.009246935763585559,-0.35787978178837804,-0.08560283502383333,0.582099964774312,-0.37785687477849966,0.4554724908065615,0.7600924056013746,0.558628560889462,0.51401464493702,0.11253771948527229,0.04384321871419006,-0.0788793849526287,0.6769899366892432,0.7867573551857604,0.5899686596294692,0.41569253525294764,0.3683059070359434,0.6227494701991644,0.14773522792567148,0.22012231437240834,-0.03667202047039297,0.5945215748100959,0.09348684745735952,-0.15881373231701745,-0.13173944401535723,-0.40908242651695836,0.735275261019047,0.26919882359554076,-0.1708486043674032,-0.44103341627576276,0.5368774774568523,0.6956823753586415,0.23501775243300635,0.397084087173631,-0.10409232147011671,0.5864338332419877,0.09837154144643999,-0.190837623249226,0.7712829028097202,0.5555051848388013,-0.08442344626087078,0.4453358733303092,0.7648043372227543,0.8443502407104563,0.6639752819755969,-0.1257408177726754,0.2897619026111497,0.7183220025791641,0.4020098323139243,0.7381061551448345,0.23468387159145523,0.48857578626900183,0.651644744967232,0.36786018499794176,-0.22463020697528543,0.7619454247926423,0.8095841105625797,0.6670798789211627,0.7610351256295603,0.428925596173738,0.7451395890652384,0.057893154087563174,0.5435554720124977,-0.0799158118019207,0.4500820220861348,0.7065154970533786,-0.11043268681389018,-0.030133629242003884,0.6250733786196792,0.207510314763377,0.5628494211218655,0.3145942124163268,0.820817891399209,-0.07722733501116728,-0.5573941893641365,0.6485706807895572
000338.SZ,0.45735971702157574,-0.08520946077671455,0.3078385939627954,0.805604627262293,-0.3066425083932713,1.0,0.5512570646987712,0.21507813918758126,-0.5595521491443745,-0.5360966928548428,-0.46506598390852455,0.48044219095464863,0.4640605199643524,0.11249948812968795,0.11436241738078116,0.29306206691301434,0.07489290023640967,-0.6053527399100406,0.29404341303570775,-0.15485072837580993,-0.42970555325933774,-0.547245309663782,0.060992009671997395,0.7379505953848403,-0.6987684760043334,0.8471615960702484,-0.1492640207680718,0.590771539034738,0.8043549053970853,-0.6869821567181759,0.7228638214455542,0.23883431067360628,-0.0656099905218372,0.046777316949876115,0.21141617342992625,0.565198939170246,0.5243441931040533,0.6330975777815885,-0.26506528342654423,-0.32527988278722847,-0.6841046581522865,0.2728503771847463,-0.5470134983907335,0.16871304745876484,0.5418509050729287,-0.2746441853433636,-0.19948647937513705,0.09372393822029973,0.21452190368286342,0.6397752435127618,0.5519561283572483,0.49442136031229894,-0.03445571563865736,-0.6053268657515679,-0.32449258754553423,-0.11250762579737274,0.055087613368362105,-0.6216641575764779,-0.5004406824461302,-0.09131617347992688,0.809689635821993,0.17694390445855887,0.5446230709083052,0.7102013664036279,-0.43091327006585023,-0.2863081156832505,0.7204373901102814,0.13439219494762278,-0.49616116429022084,-0.5486908638369794,-0.013361883247706244,0.7424266677844783,0.36852037687761735,-0.3439220508232888,0.3344452358875029,-0.28470346659305473,0.42426379918499,0.30148621648217977,-0.02657400022189758,-0.7825088853600951,-0.19903593469590422,-0.23219001974449227,-0.372892387696576,-0.5825938959447576,-0.2491388054903465,-0.588768273023152,-0.6434321364647949,0.35072711671119317,0.18463910834282593,-0.5714939498248016,-0.3099672915593935,-0.7156587445395789,0.7131314521056039,-0.31004002681309767,-0.6221268258001608,0.4395514908691489,-0.2802550598680675,0.32934084379927114,-0.1152586763408535,0.48870860340728167,0.6310707655239484,0.1956948285675442
000568.SZ,0.6455890107530021,-0.23879993887293605,0.08046408885152881,0.40796833629743445,-0.32278251149889553,0.5512570646987712,1.0,0.3880049012931261,-0.40487069352036426,-0.2886255170485493,-0.26653871273207214,0.9056338426592383,0.20785570235432305,0.028784882207040275,0.6209884237123867,0.6358878298306571,0.13959031284025825,-0.3685546305986378,0.6515726027378078,0.3841305323969932,-0.019170028989421953,-0.3287550106765195,0.6523543876664978,0.31973552516970344,-0.41220187351413823,0.6208072191048368,0.38424388843896123,0.7577303155269938,0.39532876114841997,-0.5729256272580582,0.5267851230043489,0.14136467033668543,-0.2139669349855212,-0.06889749627042853,0.022776959865107933,0.29699451607580396,0.6858787857067088,0.6396283105264534,-0.42030596794607017,-0.37518045525455873,-0.33662916506696167,0.12680447982016732,-0.1875131736697114,-0.02060791048798906,0.23845454366571875,0.1501800306798594,0.38192131765597437,-0.04071225764448138,0.5917311687494861,0.8140746472926569,0.869855252695895,0.6855078172205912,-0.06701523926609172,-0.14437007132764026,0.3474568886718921,0.36246115325900025,-0.22618289196502164,-0.4124913554082508,-0.37771654421560646,0.2809680640839984,0.595138829988682,0.13464833337875637,0.2702714937203603,0.39872429952029464,-0.3958646231438618,-0.4415873512198589,0.5377750174628189,0.1226418380200347,-0.4535730136458222,-0.3961818091780276,-0.05938772383355867,0.4211770464563788,0.10348261853227908,-0.35130810806746554,0.14189353755799175,-0.33795062677303594,0.07575074791501699,0.015858585260975833,-0.1843549867026654,-0.38507264742009095,0.41385963028342015,-0.34577257896524166,-0.3877998020468667,-0.28655505614130405,-0.3746759478989392,-0.3072299409866808,-0.49530431764023475,0.30506068667338687,0.04247053603976067,-0.1021697888906503,-0.14961317769967358,-0.4387420674019696,0.8486605715411738,-0.4371917428976608,-0.6002797639262141,0.1474198982408172,-0.558396420958943,0.11909891726348754,-0.12433093967449232,0.31421980971467484,0.7287717487047587,0.09863230970899878
000625.SZ,0.3495427502485684,-0.30540569998605666,-0.300035567701742,0.012894379148938144,-0.11888911076785026,0.21507813918758126,0.3880049012931261,1.0,0.1126249503096829,0.273083753388305,-0.10867274979388808,0.3913477607502343,-0.17993402481000786,-0.32871759745154383,0.41371703159948847,0.43515632724259373,-0.01969328679496923,0.10000442769495003,0.42492340567239,0.5585981343463293,0.3347040056702202,0.05501151093026335,0.6192147184404918,-0.06498632716125909,-0.03989861181279667,0.30304982909225847,0.4739101339852208,0.42706720450211294,-0.06452818950502244,-0.2555794937459736,0.159510363218375,-0.29838756424602086,-0.34763437253218954,-0.43712864050750716,-0.3600273530444699,-0.3186473890109378,0.23201761592752881,0.1026537273536899,-0.3634389231961162,-0.3688791068162293,0.08759948571725329,-0.21300528062956944,0.18771687449181676,-0.07261561955675021,-0.32528652198584584,0.46285822803253507,0.48313589092641823,-0.32418776668995525,0.45005162924055736,0.2156507518691829,0.22438974867205663,0.4929469356656702,-0.27809916775228943,0.2815963583794744,0.4696546299441096,0.539674561585464,-0.5515242164713166,-0.20027042790936447,-0.23455594023933235,0.3700538951733227,0.15707746980584436,-0.28139232756726396,-0.16372173422258007,-0.19605893286070367,-0.2986332845292205,-0.3000794175555809,0.06489258175877285,-0.28791438988648227,-0.3447255383191319,-0.11453252791924562,-0.23110259797891572,-0.03352715652697843,-0.366213213021158,-0.2981427231309397,-0.31875061720935055,-0.28304992347522545,-0.37934259611323945,-0.28778382356642146,-0.41172740123694385,-0.018990283653784804,0.511872875239068,-0.3881104953185237,-0.3382054633655525,0.136687904283372,-0.44037796794353673,0.17335631057139225,-0.23729774162828257,-0.15946399770212427,-0.33841481454084654,0.3449716152990669,0.24380785470968339,-0.04240112682247421,0.29427774490336217,-0.35942786487020245,-0.011071684918782099,-0.3567922971892196,-0.461545964686426,-0.3592331992364941,-0.26311571135119943,-0.34143741174323905,0.4199934305880988,-0.11320884181399365
000725.SZ,-0.5301690443035149,0.055987655123885614,-0.17553068328542287,-0.505661921793811,0.5404008973958593,-0.5595521491443745,-0.40487069352036426,0.1126249503096829,1.0,0.7067197958792643,0.6778935421263926,-0.23417131559085588,-0.2195146643650471,0.0655629611941857,0.03541263126580659,-0.07717048524076235,0.3292886242295851,0.8478602123593593,-0.08267101679161055,0.45570231419922846,0.4984853039651966,0.5842084234252495,-0.03841744388660327,-0.48044495550807326,0.6463594121510395,-0.514829852447117,0.3778580725727967,-0.4338752400567942,-0.5417668147626642,0.6713190273086576,-0.651746577494306,-0.04223110702857574,0.20676294441310075,0.10800212142397282,-0.03369600346199384,-0.3254026289515342,-0.2957597073513834,-0.4414188701497936,0.24990083694210688,0.4546461234403272,0.6845060974676057,-0.10474818948600989,0.6700930210545848,0.12692497036794012,-0.32413157868315834,0.5308836498630206,0.2647735908067472,0.06401673831528128,0.0780137722320025,-0.47099166842358847,-0.37968664084189974,-0.3105345753580962,0.2635220720940347,0.7549967780042781,0.24500028000365626,-0.017917433074929167,0.1154037994832713,0.5030243906669105,0.342765582935582,0.4705503768796014,-0.49674675573009747,0.05637449904870304,-0.41349023456345163,-0.51519809738377,0.540241975905417,0.29629612177599485,-0.531750653331298,0.002250418608759639,0.5421619753064694,0.7213144688783846,0.2943115357385554,-0.5703370999116507,-0.2860357631496841,0.45437998535556884,-0.2094648669651419,0.38824368628848216,-0.275639886375927,0.038455033050261433,0.16015379546702765,0.6005421972954369,0.17250184143467276,0.28679198037294057,0.48462146583100757,0.823327644628287,0.35858473046229283,0.6315025019090351,0.6715501063406079,-0.22731493342104536,0.03029416239043967,0.3905669450209897,0.529593188275443,0.752195353517808,-0.45089508084348,0.19906990018094603,0.8288745764711455,-0.3081583269035495,0.38847216674624235,-0.2570989328203466,0.3984578207011569,-0.4996903489499814,-0.5406290955607638,0.10670748117045485
000768.SZ,-0.38170610536542204,0.09763279194910705,-0.2414223695939742,-0.3335667847173896,0.5271724465131385,-0.5360966928548428,-0.2886255170485493,0.273083753388305,0.7067197958792643,1.0,0.6427169947619737,-0.13586820436069064,-0.38042665126665637,0.007535568863275925,0.07057891265016386,0.15311302767208204,0.23699703211914536,0.6384853575975279,-0.01317123361307238,0.4173349993217781,0.4884535265321757,0.38775679721484774,0.10715200781791628,-0.5055940481972167,0.5424982599028204,-0.37548814616406895,0.468462499196086,-0.33877048850414965,-0.559938840189777,0.41483520626730486,-0.5568097868349516,-0.22130562518188257,0.10837684475813858,-0.0424971568573674,-0.1390211404703174,-0.4263566559761151,-0.12265113539366918,-0.4077752672220927,0.2799067526650178,0.2451440579525811,0.6803602438654469,-0.033384988296566304,0.5898587476880316,0.12094385669117025,-0.41782393132123413,0.5368879790665646,0.4177409534283178,0.0022062560265114065,0.1637913531037105,-0.33954999872683783,-0.33235265144436194,-0.15057085015110802,0.1653082792237808,0.630442151288377,0.3797488700289621,0.12641113308487176,-0.15729068171204952,0.4806686751250066,0.1406715748499848,0.40340055280222037,-0.4581916992514133,-0.05777288771919367,-0.3781670257768166,-0.5062445667855503,0.3224401814631126,0.31072704597804973,-0.5169128320904152,-0.14278953019757157,0.3350424931239384,0.657447345032153,0.0923739048665339,-0.5638201085460045,-0.33313070070930006,0.3521767618407265,-0.27998961133615097,0.32131658509613764,-0.3511862222277646,-0.05605447419919347,0.02488997213225709,0.5343545078391957,0.2875796562904025,0.21174184423833328,0.2929569407805703,0.8036243281823418,0.23377148956026714,0.6533248297846982,0.49787290186437677,-0.3158612015990397,-0.09997788385734609,0.4951009098417998,0.5550272173229914,0.760611896685291,-0.31649078024821514,-0.010472603915963363,0.6736212184922303,-0.384279175785925,0.14140569307226392,-0.3190150429732422,0.30800711716897416,-0.5816966086486699,-0.4543410413150573,0.046544613534062175
000776.SZ,-0.6245165505053066,0.3461580813425586,0.285372046949177,-0.15960043857124837,0.8576634322211967,-0.46506598390852455,-0.26653871273207214,-0.10867274979388808,0.6778935421263926,0.6427169947619737,1.0,-0.0389446633687576,0.16141917033063527,0.5392270732663228,-0.0840938581218074,0.14437689832475528,0.5796918101318983,0.6319929571433567,-0.1778475636543839,0.3281206836017334,0.24636264086275128,0.36614713170124125,-0.1653494855936357,-0.18112736177603872,0.5652900795172253,-0.3257425338192243,0.21789282790411155,-0.45023606992870496,-0.2588820000227593,0.724471901223687,-0.501275985244479,0.38374459563291774,0.6746263193720697,0.5160435261340721,0.39126215406374926,0.003710601041448075,-0.004013632641778259,-0.1979952305944047,0.5389563009425647,0.8205505756731327,0.738745261832555,0.27113823135458215,0.5732384902267349,0.5029684892906038,0.016681275360428943,0.33801285374616635,0.07246031962074843,0.5153079647791136,0.1712910728246225,-0.17960482041874315,-0.14753345310249197,-0.3782170867345845,0.7185973941413177,0.4601961780478252,0.058023598292909866,-0.27610531458784077,0.47501563544376463,0.799064669645018,0.3959744957311249,0.5509943385949491,-0.3027647835005951,0.5116947108764908,-0.1255033305873053,-0.31617583428030893,0.833680693799998,0.49473163282979726,-0.2561837197535456,0.3897218086036691,0.8378420624448016,0.9217654503346714,0.7209956027030762,-0.3091301887581304,0.1412164531844477,0.679512438535549,0.270323695064357,0.7136930264106464,0.06977734264958378,0.32175435670007496,0.5995844589951878,0.5612945686313174,0.022364909112150597,0.6989915300600882,0.8319829085807272,0.8304987540507048,0.729207334631382,0.6095612546475264,0.8425645654997683,-0.00826259183488561,0.4484543221563581,0.09226317898812093,0.5895074903814453,0.8296866108190031,-0.17285377389120885,0.11191357213951358,0.7270555208688734,0.0357106409077369,0.5480828262544051,0.17617835347714736,0.810865787576137,-0.149762207866472,-0.583474660128951,0.5500565699646658
000858.SZ,0.4759988385316252,-0.13883067543551755,0.20619179095383386,0.3998927970493365,-0.08684347204084426,0.48044219095464863,0.9056338426592383,0.3913477607502343,-0.23417131559085588,-0.13586820436069064,-0.0389446633687576,1.0,0.3192033902191542,0.20781571583612743,0.6763853149232322,0.7263946927366683,0.3332244408320127,-0.192271431674416,0.6564963569110859,0.4185710370392243,0.002125379371687145,-0.3052585094793417,0.5734812352491483,0.37786975679708495,-0.34670981661912026,0.5863542612421279,0.4135644294569707,0.720190356720617,0.426539479837217,-0.43976369274769156,0.43649180672664695,0.3307336871321009,-0.06480876449076557,0.09494925004359088,0.1716650314346224,0.34850036376041293,0.7562224271608161,0.6572117352336292,-0.28533197261728765,-0.17124283064936538,-0.2622422559083751,0.29412974189734803,-0.07750542681738504,0.125787916636976,0.2996141071438519,0.33741655073508986,0.43050966662720475,0.13103427600575301,0.7064678245755022,0.814318423200088,0.8961585950650225,0.47893686637258764,0.16153801805825493,-0.06500198123133787,0.2884529341379311,0.29757914388059364,-0.12823256533060537,-0.23814500201264277,-0.35932145253554054,0.5186288545786342,0.6384930397520512,0.2816988392431781,0.35307787838611887,0.27480747743436923,-0.18644182117575717,-0.35401802608092664,0.5745948708024642,0.30780474405542096,-0.29760755507695796,-0.16773779592702928,0.1500059684372205,0.46984550231388195,0.22704286824088027,-0.15572562280692684,0.2743085485559184,-0.13061693759324597,0.18444426698579008,0.13151362106478873,-0.0334878396218973,-0.32319459168215564,0.3494578074751467,-0.192125658403105,-0.2256111387461908,-0.11254690065441102,-0.21516286540207075,-0.15891092627956063,-0.3627143568329039,0.4657896362854434,0.1993840405466091,-0.11906172056138571,-0.02378657650940962,-0.28553452588601086,0.8348867685671153,-0.504193999587089,-0.42449580208890053,0.2603589668722115,-0.5172781208057811,0.23091564436785691,0.093415539966337,0.32295682494452055,0.6186067771931743,0.2733164405595916
000876.SZ,-0.025057963033121616,0.33886376532621565,0.7696063379565617,0.4695004372517215,0.2182845605284506,0.4640605199643524,0.20785570235432305,-0.17993402481000786,-0.2195146643650471,-0.38042665126665637,0.16141917033063527,0.3192033902191542,1.0,0.6297821795326682,-0.11906958384745847,0.14574220509093563,0.3410871932785544,-0.2689284370219808,-0.04329743491627785,-0.2663131629330941,-0.6469791867159799,-0.4973033496562485,-0.33137312124699475,0.7553636063181365,-0.30700172615545124,0.46683930281126007,-0.35867928852801195,0.24086475866529197,0.6697919712518682,-0.03623218070862214,0.5124343641749923,0.7239537727254147,0.5874915690038239,0.7689579938425095,0.70269813729545,0.6889882744683918,0.4111969981010846,0.5806621374388344,0.24184428835934624,0.46793227703545576,-0.3258367060723714,0.5935698514461746,-0.31867224248201415,0.5529681896998201,0.7329809592836765,-0.24684770956603586,-0.3717230475009434,0.6735897704030941,0.030751817275121367,0.4642554550955676,0.44110742517954477,-0.15283979395641037,0.5952514772818734,-0.5459128858155863,-0.5208754841589057,-0.4016266614892836,0.544901857288364,-0.059184098075897584,-0.205648775448283,0.1254865906238601,0.617507962061621,0.6726369742313781,0.6995052376404841,0.4854454045519799,0.37674960185545997,0.14243367293700693,0.6382614385981438,0.6979587643549685,0.2293539055479452,0.11708790016908961,0.6526097637870654,0.6543382983637863,0.7022685003314856,0.27189051988589125,0.7555362333522099,0.36722690147263487,0.6898451262849158,0.6231976564580687,0.6622707244350209,-0.41263277388098835,-0.4450263131633012,0.4142759327288828,0.35196252620743423,-0.23143899654339503,0.458843987157471,-0.39304053877612727,-0.008362163969670211,0.5480986180131899,0.6881515293590789,-0.6323626247287485,-0.26909467243134094,-0.2441643045827654,0.45107212742992236,-0.3765831081012508,-0.15990685056015272,0.6639588382426732,0.06661198681449082,0.7413861565823759,0.5175758457266265,0.7007174911225814,0.23741943083931685,0.701243040724932
000963.SZ,-0.4318400133750045,0.581354068864024,0.8551853968925789,0.39908508631585904,0.6022166974729624,0.11249948812968795,0.028784882207040275,-0.32871759745154383,0.0655629611941857,0.007535568863275925,0.5392270732663228,0.20781571583612743,0.6297821795326682,1.0,-0.09364236339747097,0.21740688990159218,0.7727558618455005,0.06610267841714905,-0.21956785561891143,-0.10504702041942177,-0.3974790805348865,-0.35480699486835837,-0.39860790821380016,0.4842443173692807,0.016402062736169825,0.17026233566065108,-0.2900471234864696,-0.06568939957871386,0.45443893483943243,0.28704524548654436,0.09635896465857548,0.8085048037860317,0.8638044500956378,0.8442869455240868,0.9214864790699604,0.6982424665931144,0.3844993953635687,0.4176228428631074,0.5893887779443124,0.7222499771301734,0.048489998680519654,0.8395431362092863,-0.1051803611526179,0.7385138349381296,0.6790750324025816,-0.026368128048363592,-0.321593178483685,0.9452783175887561,0.0782508499484862,0.3206058891100479,0.34918457669104236,-0.3503419787887026,0.7616243349680504,-0.30069348990748945,-0.49675352139169865,-0.6161761004458213,0.7320923648671597,0.390280043298261,0.050959400460000415,0.18818081561334898,0.2892272757721459,0.8673804009072383,0.6296488113938611,0.21788999470132708,0.6818082195002116,0.3737348466358093,0.42951633019729013,0.797731902437408,0.5778231694867534,0.4842726638858095,0.792538218027074,0.3689074248892666,0.7957394232272564,0.6555357404112615,0.840022629367259,0.7817404538429757,0.7311951520262778,0.7509438678728401,0.8868344126224624,0.02288895147616435,-0.4669525269249957,0.7334685967773616,0.6837830070909351,0.1447880996665847,0.7162384571657682,-0.10941408498681858,0.3853447871105935,0.41310186627200535,0.9277603729813629,-0.5535157386974212,0.04053394120768103,0.17560610925182063,0.24600525712340318,-0.2605418795006551,0.13274505596179884,0.7172819108467254,0.3782363100376214,0.7912516438689714,0.7933074042694757,0.46297498934385045,-0.20526042045345774,0.9125833280028902
002007.SZ,0.308855910353889,-0.30938846666791725,-0.18328201435686467,0.08126128069043931,-0.17979972328581326,0.11436241738078116,0.6209884237123867,0.41371703159948847,0.03541263126580659,0.07057891265016386,-0.0840938581218074,0.6763853149232322,-0.11906958384745847,-0.09364236339747097,1.0,0.6272393191804442,0.18727204157495025,0.13358080656808016,0.6681300434989724,0.6155426137407004,0.3726591124482809,-0.03419004904409001,0.6262254457460831,-0.012873990597098331,-0.11796226844409623,0.25285781749323055,0.6525770743804993,0.610933893439532,0.04046783115467914,-0.3213669788987142,0.06274376178861807,-0.003607505636056265,-0.3870201322826057,-0.2762206116091296,-0.17544849082184522,0.005688979262388215,0.5360429854141928,0.26376304108148174,-0.34948753511444064,-0.35188601112853735,-0.07058069403860032,-0.0070647549482877785,0.17802770844154006,-0.2417439926464129,-0.052902797772929354,0.6897972751211245,0.7560427347783155,-0.19992999027408787,0.7117026389733013,0.5059514374385718,0.542343585998947,0.43436775851968584,-0.1130372781920082,0.2980979741170769,0.5172351600503674,0.3877190290930174,-0.4512253636860572,-0.15446320285511425,-0.285774315532177,0.5389677973079159,0.17253501006856006,-0.06512074075379988,0.008197237098149401,-0.18998372124492433,-0.2907523916750416,-0.4299822403764915,0.16086722659456174,0.09466213869210523,-0.34991576714596445,-0.11869078076916605,-0.20199122854484453,0.14618924392148158,-0.12598492820901175,-0.2684891389069419,-0.08686088658838526,-0.2072080241921166,-0.15483321144014137,-0.2332290940130279,-0.3731265297200094,-0.02300975057298756,0.49850643496834474,-0.3513986019049293,-0.37222775770442135,0.09824708641294817,-0.44660740994871,0.12449133689968428,-0.2937902089178787,0.32773941781305593,-0.13179229479602234,0.32471882801494173,0.05576480382477428,-0.07211919755831957,0.3911525079771481,-0.40067836455883676,-0.14925435882760837,-0.03811416598186388,-0.6272350811725924,-0.169188717063911,-0.13111989037061134,-0.013526644210226165,0.32081807602601664,-0.12511072210696722
002027.SZ,0.3029429642491244,0.016047035263031414,0.20569899945699224,0.37099136542376226,0.07768400280527891,0.29306206691301434,0.6358878298306571,0.43515632724259373,-0.07717048524076235,0.15311302767208204,0.14437689832475528,0.7263946927366683,0.14574220509093563,0.21740688990159218,0.6272393191804442,1.0,0.340478244039589,-0.09290273643093755,0.6424571069667103,0.4794134915415062,0.109217768339322,-0.16973906307602551,0.4591264257533883,0.3057716198299498,-0.21248269214712878,0.5082617570774831,0.5598076485564303,0.6126242159799722,0.30613775998690435,-0.2976604399499238,0.22561021735613598,0.3135505629659913,-0.01612612428692152,0.04251735320264697,0.17262577362287623,0.2698315447970467,0.7062924839771295,0.4958226865190543,-0.09407943600663778,-0.08327376154872979,-0.02197330898810254,0.31638030258453054,-0.00841069370245121,0.1487131020075475,0.20524288504901014,0.43103940897376264,0.5107272818143783,0.1464036452033774,0.7782888634520987,0.6504355418847252,0.6642860131329941,0.3904527393117004,0.20763612245837493,0.1022338237923811,0.31685953885038387,0.18007417910104548,-0.19644991462173914,-0.08790702122272437,-0.2871054167860211,0.5299639562196495,0.38303204466028534,0.24802920665995734,0.23814656988832028,0.15134392478083797,-0.09011927041555179,-0.13437104041932732,0.40909713916501844,0.31569554627522084,-0.13919564150414157,0.05738238037720086,0.12498511256960122,0.33770624836320745,0.17358370550967847,-0.002981276219392537,0.2291159475827699,0.07671859227083815,0.07995579180277938,0.08945879515000166,-0.05186862737406902,-0.12241222448651091,0.34764211504124104,-0.021132272882461223,-0.11285869822701444,0.1834695075103874,-0.15387193866102605,0.10702777577953955,-0.1657345908670955,0.37228039267571766,0.22437298035475775,-0.023932992079607043,0.18837832925538567,0.01566079608937712,0.6481023164222317,-0.44618885596495117,-0.13886313940071127,0.14263751442631464,-0.3910792834287801,0.13924000107740156,0.21731662854266345,0.1944285832827127,0.4515111188382348,0.2721997488476144
002230.SZ,-0.3691809353657534,0.2721115346819943,0.4745898660706573,0.29025060428834454,0.600756308398661,0.07489290023640967,0.13959031284025825,-0.01969328679496923,0.3292886242295851,0.23699703211914536,0.5796918101318983,0.3332244408320127,0.3410871932785544,0.7727558618455005,0.18727204157495025,0.340478244039589,1.0,0.2607693357670024,0.05599057808701263,0.25896202839376586,0.05390829984822548,-0.061260304712669855,-0.06496495940415943,0.29953833630524157,0.058178454714519066,0.17538354332909603,0.08584738227320358,0.03684276251141946,0.21955455640756152,0.24606023163180946,-0.11456346475876554,0.5387256121748875,0.5748018523149022,0.5461349607676481,0.5895702609235313,0.4358113833134081,0.45406841281229954,0.27628891649492543,0.35375592928986516,0.5289930511400864,0.22073257322537518,0.5996620394249221,0.16035631383299323,0.667930685806823,0.40910753649808057,0.3057257434084743,-0.06743135285517622,0.6580538715039584,0.3717381803227205,0.3034764426936452,0.3468858496537892,-0.11852105575184102,0.5660425679235243,0.11517603859626607,-0.17848337560433217,-0.3895197394192809,0.45667793955424174,0.3782872046396184,0.05984971356752835,0.486063786723079,0.22634196842821977,0.6302992743143029,0.3179703659783923,0.08247338900718958,0.496331965198171,0.15872998997237922,0.24395382633447457,0.513445756956408,0.4418884152828179,0.4814666005537631,0.5686782885690536,0.13466737045730895,0.4523371681633496,0.5086483520988508,0.47886175302438455,0.5744924740490114,0.4316201544134987,0.446103008168873,0.5889880832214072,0.14751462624449838,-0.026110929824572044,0.48690375852724593,0.5549623559902505,0.3473402222746204,0.48639123601201123,0.15208577460451167,0.36533115235640695,0.2620193054719466,0.6292012644847252,-0.29286000391956635,0.2838039395520819,0.29313757244136623,0.2646118277997229,-0.21012052103928638,0.19543783054824967,0.44456027043201324,0.3143185514341647,0.4156619357082596,0.6866055530583152,0.13519943370704007,-0.1496048895354468,0.7303282782199053
002241.SZ,-0.4569926972080444,-0.02380206017608032,-0.23029743645174164,-0.4785607051168395,0.4517655729685183,-0.6053527399100406,-0.3685546305986378,0.10000442769495003,0.8478602123593593,0.6384853575975279,0.6319929571433567,-0.192271431674416,-0.2689284370219808,0.06610267841714905,0.13358080656808016,-0.09290273643093755,0.2607693357670024,1.0,-0.09495373894211516,0.49289509262078846,0.5974417710186141,0.5682650925858418,0.04338652313848434,-0.520555001683099,0.6407490801584166,-0.5381264990400583,0.38222335755909054,-0.487398308230623,-0.5529197215444673,0.6481724767873992,-0.640609549771196,-0.07749265304701743,0.15067560014128728,0.03241613929758069,-0.03965209173309341,-0.39520003300297285,-0.2747197710947635,-0.4864998492416692,0.15556809625613852,0.423757465051789,0.6818028968200798,-0.16373509274172218,0.7800904589557588,0.05967303332283492,-0.40555086147744407,0.6736655355131695,0.2972297076734394,0.02400831418037036,0.07161224801429981,-0.45532826954861605,-0.37166872620660185,-0.28163367330515543,0.19248626748872052,0.7301539773942372,0.28563540131390325,0.09707585449560208,0.055966955871143705,0.6400201865414908,0.40027999649835144,0.4574070445132797,-0.581875371313146,0.03391712778686357,-0.4554364738975107,-0.6044757850475483,0.5253089580353231,0.257172582263721,-0.5145031215926356,0.008042377627856348,0.49402381246338706,0.6627602476775655,0.2760872091332019,-0.5976655669685585,-0.25546912122758886,0.36927072767698926,-0.209887915833762,0.35756169307036806,-0.2728036695904886,-0.040275711914421856,0.0906304845814326,0.6918569424835459,0.20951230759302128,0.20736356959894228,0.4287746921665074,0.7515999493531235,0.2516120209368946,0.6496859916781051,0.626968194076303,-0.2549915637538099,0.003921891551228127,0.5385068224133968,0.5119358220309128,0.6748594604887453,-0.4629565009981112,0.2404933686689497,0.8071026640127171,-0.27799579013867975,0.28375363739149834,-0.2650780318019777,0.2774853102927783,-0.4863887580826684,-0.5869195725560467,0.056435486243193556
002304.SZ,0.43779649903123313,-0.27164234728446374,-0.20949116225793063,0.18242821099091558,-0.33212659755693574,0.29404341303570775,0.6515726027378078,0.42492340567239,-0.08267101679161055,-0.01317123361307238,-0.1778475636543839,0.6564963569110859,-0.04329743491627785,-0.21956785561891143,0.6681300434989724,0.6424571069667103,0.05599057808701263,-0.09495373894211516,1.0,0.4422318713293926,0.2295875509684877,0.022794532389066684,0.5622697318405314,0.20364345476706913,-0.26010125679516455,0.38201968624268234,0.5714463914904959,0.6403118143690855,0.1256164579236895,-0.3904338266956197,0.10396175460800651,-0.020056030363189557,-0.41169444849018527,-0.2501729047681456,-0.23215963768059092,0.025751148565431526,0.5177567381096779,0.3092989358386476,-0.38732295361519914,-0.3712627758582013,-0.18787999417076184,-0.061821914694627465,-0.008354120669336787,-0.19827216141530213,-0.017064467694078874,0.41707200983291065,0.5792987553446655,-0.29478741013423077,0.6587856447705586,0.4655022643162836,0.5299083225270264,0.4204354798297516,-0.0877374868280918,0.23621662759471188,0.4194816526917781,0.3835109779933217,-0.45710032332353395,-0.29370055743136075,-0.3513862382923562,0.4809633537796678,0.3546611548196333,-0.12781193907413982,0.0346687912120292,0.14734977642773267,-0.37831213249711687,-0.3503849992165809,0.26700010639558,-0.03698066873535416,-0.40007966635478476,-0.2429000039977254,-0.21269296089188475,0.21391041925872198,-0.1418765930616559,-0.32746873237000523,-0.16452398732051368,-0.31921620715213433,-0.13320850199697745,-0.22750636267577984,-0.4457247462657418,-0.17583931369898906,0.539436402289207,-0.3965297574829984,-0.40148431636262244,0.00935713313707894,-0.4302927460713539,0.10109058433753042,-0.36907770446584903,0.28516598619310335,-0.18980393221231404,0.11303335862102439,0.049491378793271514,-0.18643796491613665,0.49507986417341243,-0.25559685051357345,-0.2325591710734665,-0.027045546214022803,-0.4877007212748575,-0.19709986980129449,-0.17441737519173908,0.08617008963063506,0.5414037580472951,-0.16076088849509587
