,000001.SZ,000002.SZ,000069.SZ,000157.SZ,000166.SZ,000338.SZ,000568.SZ,000625.SZ,000725.SZ,000768.SZ,000776.SZ,000858.SZ,000876.SZ,000963.SZ,002007.SZ,002027.SZ,002230.SZ,002241.SZ,002304.SZ,002460.SZ,002475.SZ,002555.SZ,002594.SZ,002714.SZ,002736.SZ,300033.SZ,300059.SZ,300122.SZ,600000.SH,600011.SH,600015.SH,600016.SH,600018.SH,600019.SH,600028.SH,600029.SH,600031.SH,600036.SH,600048.SH,600050.SH,600061.SH,600085.SH,600104.SH,600111.SH,600115.SH,600196.SH,600276.SH,600362.SH,600406.SH,600436.SH,600519.SH,600570.SH,600585.SH,600588.SH,600660.SH,600741.SH,600795.SH,600837.SH,600886.SH,600887.SH,600926.SH,601006.SH,601009.SH,601021.SH,601088.SH,601155.SH,601166.SH,601169.SH,601186.SH,601211.SH,601225.SH,601229.SH,601288.SH,601318.SH,601328.SH,601336.SH,601398.SH,601601.SH,601618.SH,601628.SH,601633.SH,601668.SH,601669.SH,601688.SH,601766.SH,601788.SH,601800.SH,601818.SH,601857.SH,601877.SH,601878.SH,601881.SH,601888.SH,601901.SH,601919.SH,601939.SH,601985.SH,601988.SH,601989.SH,601998.SH,603833.SH,603993.SH
000001.SZ,1.0,0.9371846541710592,0.8829532168530948,0.9464761980806493,0.802933120242148,0.8977048789692756,0.3698749425991921,-0.12458134219720042,0.37924426746007406,-0.4021904080401497,0.8658690111501137,0.6830859194070767,0.35859361503192644,-0.352899522633557,0.5709334711409636,0.7567029190999386,-0.5853107086187412,-0.550346062149543,0.5769766932275119,-0.5638506542972996,0.08163469589534404,0.5585769421635519,-0.5001783065054738,-0.2987028644934713,0.7547811547468465,0.8276161623059825,0.7764930595924726,-0.40381322469188546,0.9591381151043324,0.6070624950854309,0.9188481323038556,0.828533100690228,0.7919611685034922,0.9148219954365114,0.706758383692026,-0.0886245297339286,0.8157847782942826,0.9525375155938024,0.9434121524661183,0.519964643028945,0.8909703912045169,-0.26413309686170633,0.7781007924747702,-0.5878803123851267,-0.21712796175202856,0.18532258143405048,-0.5543390768011185,0.5221710342497062,0.07973562556221704,0.2092449377432045,0.7740178252443224,0.249294140182063,0.88437355655785,-0.4933807988945386,-0.29242640329886455,0.32421835541417543,0.30989783553826394,0.8650206780580962,0.6449164998964719,0.7297558004295054,0.9187343054624146,0.4839787652337284,0.8375065676605692,-0.22532734884015407,0.1767810634172423,0.7803794768638675,0.9879733118287847,0.9293490660825547,0.716859697878919,0.8353306446272376,-0.21087878481958364,0.9242577038917331,0.8666953214494372,0.9682836317525303,0.8725227205913874,0.9702051584278166,0.8577923340022996,0.93607824310974,0.7295848272892389,0.9596368448495998,-0.1935364427652,0.8864665132993409,0.5148275366198675,0.8757598098294185,0.5564266843536991,0.7815435038800085,0.676874157027538,0.8960826726489789,0.7550961336997783,-0.06131760901543847,0.417694335547722,0.8623008867230596,0.1725458242899592,-0.14212244694585335,0.7148837298897757,0.8472758141886066,0.7512081506535644,0.8112437060246277,0.43181281869751253,0.855275353618658,0.9165924330490206,0.49192306901672195
000002.SZ,0.9371846541710592,1.0,0.9123142116573707,0.88218551237346,0.6923746178680856,0.8388575051882626,0.2596633003647449,-0.17093497779376002,0.2421222080115826,-0.43329021124680106,0.7763081563388844,0.5567013807383051,0.3397646698684651,-0.3977458914720309,0.5113996460767214,0.6357991572059086,-0.6699842724121954,-0.5182710490720063,0.4443260927275829,-0.58214907512969,-0.026491073470922024,0.47337775377840585,-0.5163700463588409,-0.32156910368848357,0.6342664209720689,0.7539046069074296,0.662504872474074,-0.4770549608072372,0.898039600169327,0.5894175504251044,0.8804372938713603,0.7738734171275333,0.7684746558371636,0.8661248179789333,0.7485194825671769,-0.04657330060684639,0.7651306581311852,0.8787166746561973,0.9561269956132282,0.55009720783809,0.8385970688238878,-0.2199749249935765,0.7083439296535615,-0.5848037632443602,-0.20826589383825103,0.12116507151353394,-0.5540732866073593,0.5111001859547034,0.11155736348678097,0.06797428370595852,0.6554358611821992,0.1077784665524844,0.8102954022130011,-0.5727958643719288,-0.3624982140365987,0.25001301046024066,0.35888822881749644,0.7663853659930141,0.6837593837759163,0.6341416871773943,0.8645200636155671,0.5233008859545036,0.833499027449764,-0.19565129621587274,0.2800515858511958,0.7789776389403814,0.9280496328387927,0.9183283411622724,0.6942876487844196,0.721111974834204,-0.14633344099009685,0.8858772913128709,0.8522233420256717,0.8840962745276167,0.8756536347452486,0.9015414448055844,0.8201391567280617,0.8669818602960254,0.6999451553625636,0.8925757157523396,-0.2179755094475533,0.865779716314897,0.5266789596470666,0.7618558056440404,0.47807450218608455,0.6857171387237818,0.7270079247418938,0.8665069874386591,0.7082683030478995,-0.20005188854550426,0.3151356700898899,0.8357697127251198,0.11953871012782864,-0.23661453153406387,0.6481597654295955,0.8371833747530748,0.6876713825298176,0.8121685784655771,0.3404756397323197,0.8094035890138356,0.8940021124115685,0.3897031484232134
000069.SZ,0.8829532168530948,0.9123142116573707,1.0,0.7807448752649733,0.6452274148407938,0.7223994581492043,0.37209741902367527,0.045176382724137855,0.21710279712367106,-0.26044003167505786,0.7066099667926751,0.6070703224685388,0.4412920406747745,-0.30090645998575444,0.44439262026447635,0.6120511687555658,-0.5699260055434664,-0.5052468593206804,0.39757401322574165,-0.4775356962253316,-0.07481441337636402,0.41573686520423636,-0.3536055879949698,-0.15180957659828254,0.6228596854491889,0.7106366270676007,0.5962437969634226,-0.41539450382894566,0.8083929726974626,0.47673747380126374,0.8340774211722818,0.7247031370792686,0.7248182318690183,0.730219910404851,0.6706134454440339,0.11551213709963372,0.6879733050786611,0.7659903519433685,0.842794396336391,0.5342664648338987,0.8131649383663131,-0.15291817076848502,0.7953770028518504,-0.4704963102394035,0.010741381589069935,0.1612835136735889,-0.4948174496773156,0.47262314674025213,0.1033923713807129,0.08116834406246631,0.6378060068211339,0.04002304254116701,0.7055384748970875,-0.4835873757152482,-0.18922438815326656,0.369205145820201,0.3021732350057504,0.7253278523508634,0.6328730578301697,0.5724065520328246,0.7597543271940008,0.5004321141747257,0.7312162685848902,-0.04394520443903088,0.29274385178841256,0.740829434378254,0.846954385720676,0.802198093156071,0.6425378424121269,0.6665122596376559,-0.08472453512972304,0.8143660498649693,0.7485004018572159,0.830060445590437,0.7898749905674628,0.8608277107516992,0.7141530926688798,0.7738397121471449,0.6017028784077804,0.8468256563669764,0.016072701821826352,0.762360837696097,0.48076788174059915,0.682575355304611,0.3932958565513817,0.6309637042720588,0.6539612528459474,0.7926798512235574,0.6729097282224115,-0.06655680694292439,0.33912136986078933,0.7363782747937268,0.2922245281372211,-0.1177775802871311,0.5809184159666668,0.7317950163935266,0.5628883769289782,0.7670508919915582,0.29175202715300297,0.7056160308171223,0.757813565479335,0.34420475814711843
000157.SZ,0.9464761980806493,0.88218551237346,0.7807448752649733,1.0,0.8536704287689325,0.8951670340408643,0.45039508560674807,-0.09871782631490862,0.452233372690102,-0.40052474037972513,0.885098011007943,0.7096469798282894,0.4490769979232256,-0.22454480399873475,0.48266692578014436,0.7765736531296669,-0.4650633695974599,-0.47483647948083335,0.6465619232158493,-0.44865726519589066,0.1968938771588378,0.5150220728028999,-0.41572417617305285,-0.18799087113685106,0.807801634988402,0.8541515836054979,0.8391144477318003,-0.32777426402572046,0.930654607937962,0.5194601191691343,0.8576283462848381,0.8114144427671692,0.8121723116095098,0.8893572847242449,0.6615113951304733,-0.0594130515263445,0.8876801087930849,0.9470139862338627,0.8968871895213301,0.3489614443555516,0.8814829067698461,-0.17400091324695466,0.7501578874090057,-0.4698609407340543,-0.17452284550671035,0.11759971323083494,-0.48806643988535664,0.6244345510480723,-0.011225424304169998,0.3228786939678612,0.803625352052535,0.30280964786444536,0.8997923404207041,-0.3988706358534497,-0.18429893757939272,0.4074415473285888,0.22249769434115532,0.8796937977744261,0.5338646391891574,0.7571989810240586,0.9302570603401477,0.45441293219243045,0.8247682298441509,-0.16839880140075758,0.20361991528671344,0.7356677316058446,0.9416574971311932,0.8773550719622895,0.6362185995397105,0.8708912109872706,-0.12622199709031623,0.8893006901560403,0.810057003173326,0.9233762627650156,0.8053748361547474,0.9185680848051408,0.7795190343174799,0.8580229666868809,0.6850647344318928,0.90038591442256,-0.14847316061231566,0.8283629606238913,0.46307897836913053,0.8875170707518863,0.5153264093187963,0.8031882460933858,0.5802215218390492,0.8364708124908885,0.7356105851106501,0.03098446206652435,0.5250793766655756,0.850639783230601,0.2534872972957625,-0.010023631893160393,0.6883842166762454,0.7887177100745858,0.7422283883280416,0.7477015420796019,0.414591191513851,0.8007525159298613,0.9109661273933573,0.587699486717462
000166.SZ,0.802933120242148,0.6923746178680856,0.6452274148407938,0.8536704287689325,1.0,0.7983967193908496,0.5950739729546392,0.0032869212704726932,0.7615473981821,-0.27594527422356735,0.9606582590273031,0.8180423011649163,0.5653090541106618,-0.004327535024760558,0.4458377447540168,0.7919431854325888,-0.15987845098250356,-0.38453203592177476,0.8166019957255068,-0.3295678538735219,0.4729551345182446,0.5610642592045798,-0.28849670288077506,-0.024171454067558423,0.9677357252848758,0.8919888018211101,0.9346581929500051,-0.15719620286556615,0.7682217708717415,0.3499492334677807,0.6678556148258449,0.6434732669043822,0.6614663373714895,0.7542487726956187,0.43440799861363394,-0.06877406863239412,0.7845567498296733,0.8478833165615288,0.7290421859346358,0.19752935609217984,0.8492355812201872,-0.20651345123078424,0.7131664658566845,-0.3436813650197403,-0.13128655910461387,0.19686923940434323,-0.35734848948278986,0.6118325055589945,-0.1519834248548,0.5393889244582738,0.8759798809721565,0.5257432127695164,0.9308322946021619,-0.15769240168131649,-0.01524590709436556,0.5137612616536339,-0.005700334306515508,0.964741932292351,0.38751618361270146,0.8335997350801173,0.8072189990603983,0.26172406835298023,0.6905387060593074,-0.16821476079042452,-0.04555738595888149,0.7635486300627341,0.7703621894423779,0.703152931480539,0.4097988523379205,0.9731781375141777,-0.21450244451052358,0.7270892934185761,0.603943777282638,0.8720352164196732,0.6061687909615124,0.8287593807952728,0.5866799638505545,0.7377934242079734,0.49402708771086723,0.7791394364951624,-0.03687579294525986,0.6243577221453461,0.2281241045248661,0.9501710458362327,0.3961955163713693,0.9417821133417337,0.34443913482463456,0.6356112862193039,0.5404024840732006,0.17170872001428658,0.8018993293998388,0.820727543582087,0.3643558565360134,0.21904808552385066,0.56391064453752,0.5847607311818955,0.6389631786667346,0.5125400761985252,0.313950102012017,0.577898688149912,0.81059013938537,0.6691288912160398
000338.SZ,0.8977048789692756,0.8388575051882626,0.7223994581492043,0.8951670340408643,0.7983967193908496,1.0,0.36426575751188167,-0.16212698167335782,0.46944351258617995,-0.4846006628716694,0.8629723384417568,0.7112339014327548,0.4208766211025418,-0.2779458181034294,0.5952404108472956,0.8242830564736146,-0.4995455760700256,-0.5170033165883255,0.690186560651563,-0.4709331421706062,0.23748854724122737,0.6146675953287483,-0.4512974375367223,-0.24062730891826836,0.7255049909948874,0.8546263451839523,0.8303310468431547,-0.3027933763684574,0.8788329730738131,0.5996509940582063,0.7925568323032576,0.777992841078467,0.7398094217837818,0.8568755129679695,0.6557098854845799,-0.1786640481468642,0.7895459243428437,0.929056221622556,0.8727039984351475,0.4629728988884137,0.7899953278717914,-0.2622362834216015,0.6986336056981369,-0.5577601811273529,-0.3082143254108933,0.2711322325911494,-0.4636349257364976,0.5407161807548331,0.06711750847415314,0.3484795808763956,0.8027703651888581,0.4550366071872924,0.8814549142371045,-0.4102041411348671,-0.22199816941647188,0.3977792657215505,0.2581193343093661,0.8434706527422565,0.5999724116703263,0.8424373970967833,0.8837273711786593,0.37133601032102553,0.8039009113767038,-0.36472855581374586,0.05010040196915976,0.7210116276641526,0.872074845504846,0.8572753241344238,0.5712300326832349,0.8495679497951784,-0.2557892927780536,0.8285966024233856,0.8414966903397653,0.9011619830703842,0.7901802454777923,0.8768805932331083,0.8259776989589988,0.8824580971669155,0.6615825137827382,0.8814813261196698,-0.1909747317083876,0.8051616001568519,0.3976486262456203,0.8775007770629487,0.5805424266590743,0.7867382509222476,0.5440315421221004,0.7749646585500444,0.6844234667444615,-0.08556367095340861,0.4802639995343674,0.8596407324993524,0.14829929660589278,-0.009219403668918233,0.7315241723093645,0.7977446180442122,0.7946699992040189,0.7308650282823277,0.4014928484156621,0.740648811527351,0.8982864221300186,0.569210045354099
000568.SZ,0.3698749425991921,0.2596633003647449,0.37209741902367527,0.45039508560674807,0.5950739729546392,0.36426575751188167,1.0,0.480916258104205,0.4643137925528875,0.20985880630089349,0.5304353885834239,0.8438006393633671,0.7964142633088219,0.5438297846454055,0.007022756093052275,0.6326297740510342,0.36147775626013307,-0.011654594118307021,0.7202862861092826,0.3021698524682728,0.463272304197271,0.10533524532901524,0.3585142769686669,0.5244260620594581,0.671567923198614,0.5881659307884365,0.6755096480892919,0.39293767561172205,0.2823197956266834,-0.14145567392734013,0.14677956207631102,0.1867857196163901,0.2798568582089897,0.17028228493190103,-0.09720450215031723,0.46484256172088373,0.5661095193059373,0.43045120490936317,0.2673121220006328,-0.3131297340375884,0.370094870284098,0.11465705426013889,0.4634659365812544,0.24433665318652475,0.5015898890516816,0.22116103854773242,0.16721311779924755,0.5754360251422058,-0.3452297412123726,0.7492183098698074,0.7314212254187274,0.4177571876978599,0.4478629511283813,0.2631146524191767,0.5726305705329647,0.8079959777033582,-0.3443309657354605,0.5622483001471669,-0.0930034510157105,0.5788988645907412,0.45147607708501697,-0.18141566220246286,0.2794722319408762,0.366317007957546,-0.11648316879092983,0.21938132601900184,0.3110620735229077,0.1222040457325881,-0.1307302726876414,0.5784381448475727,0.15054015932761902,0.2071853845896332,0.0833290511469753,0.4248643845937856,0.030130359341076805,0.3844727766867701,0.016553887488053826,0.2176010954866734,-0.09395246071978462,0.2996222816903221,0.5130904851342443,0.05598513710156552,-0.21295023609247596,0.4868182146718425,-0.04361435847934514,0.4726821061677333,-0.20213349529558947,0.07688474894193602,0.07843467232155588,0.5923978718983828,0.7240618516868443,0.28194673863117026,0.8633881209822531,0.6844565959575121,0.1085208528196343,0.058611448461651276,0.06272069990699759,-0.021044851799101653,-0.10926494062599706,-0.02425371927020771,0.3759581232705977,0.6198230468076352
000625.SZ,-0.12458134219720042,-0.17093497779376002,0.045176382724137855,-0.09871782631490862,0.0032869212704726932,-0.16212698167335782,0.480916258104205,1.0,-0.016340028222413153,0.6563097104374439,-0.11992065152591057,0.26691014414247166,0.41325873056944995,0.40024029677483636,-0.5052181125522348,-0.10723922319581781,0.40038253086763603,0.4297139676218928,0.002073517929473819,0.7277361517736473,0.13521471203774618,-0.4826063385133101,0.8053019991281932,0.7698070063914059,0.08030955137953556,0.036122853421873165,0.006515535774105426,0.4374190664739728,-0.21209816146852944,-0.44798331633352245,-0.17921532426157924,-0.07647172042568845,-0.02830651622883094,-0.36032564706178477,-0.25028089788470625,0.6820428504324664,0.018099884357451496,-0.20481231071339398,-0.2431189528079909,-0.33664415221505734,-0.11100683136099831,0.4796921339592581,0.32272874175448013,0.6982375191527291,0.8134226075767832,-0.07033327926557854,0.46358285184310116,0.12222483344534958,-0.1177562173919083,0.2314304019779488,0.03734159276917401,-0.18661734466350507,-0.19012545888181354,0.16008633388233248,0.811075022979456,0.6448695117988411,-0.1998295575685547,-0.05810474019088365,-0.3245445950832745,-0.1496185933029525,-0.15436148075375278,-0.11698733142240292,-0.17200762624260899,0.6459536513299985,0.2141470317925184,-0.29958634772140635,-0.20398009039582207,-0.3253645438257085,-0.30452818375508156,-0.041099688113756215,0.5920517948482631,-0.18885399349661824,-0.33306627292116026,-0.15780319715878408,-0.3133752878557818,-0.12152166497723542,-0.34544955520312737,-0.29395406799977614,-0.40782651336772363,-0.18747553472302217,0.9278541905079166,-0.3877011215756065,-0.23217686572524163,-0.15942487133647723,-0.3293331467185954,-0.12099294308793813,-0.3176502670223283,-0.26598783389375036,-0.09975616402396202,0.6640003637458379,0.22187045523045626,-0.2704275218370393,0.6536099961768522,0.6427355991098941,-0.1605682895607004,-0.3301413166593288,-0.3915611273434579,-0.23207495351502563,-0.10771747673336056,-0.34498494742870234,-0.31070558697241796,0.1215816299530198
000725.SZ,0.37924426746007406,0.2421222080115826,0.21710279712367106,0.452233372690102,0.7615473981821,0.46944351258617995,0.4643137925528875,-0.016340028222413153,1.0,-0.07125389329021621,0.7056871574800385,0.6587237601357011,0.42748927282671234,0.22655041805229778,0.35816173063887846,0.5644260743953208,0.17727129046104473,-0.1353771601685462,0.7403303814275569,-0.16204826305836365,0.7434322944234392,0.5391623788796179,-0.15685113719939175,0.05167988670085261,0.7420778152438506,0.5638965902298027,0.7247920242725732,0.06331239846249882,0.35030038612188047,0.1422199768038438,0.23444965172885232,0.23191332653713326,0.2938843001274763,0.4089218261718431,0.09273612930505044,-0.18072265742386162,0.37684500689733763,0.48604441692403294,0.3017511964042679,-0.0002536632134523172,0.44211077193825593,-0.17051635923421696,0.4202551087899115,-0.12936667085231504,-0.1963854815481466,0.286392642393197,-0.0989911290732723,0.4238825306117586,-0.22791748820422708,0.5935030844337142,0.6767935210217187,0.6451050153796337,0.6757727597580862,0.18180137059578597,0.10720348399257464,0.3809882450814299,-0.20692296711513483,0.6742108139346068,0.15164921334773704,0.6935190452675779,0.41860672815047795,-0.081857542515043,0.3246312531160557,-0.2357903792300201,-0.29407295574003645,0.5010352529417887,0.32501464876700203,0.2924640375049916,0.05231802970507579,0.7096326245216386,-0.25697669228997433,0.32235474768817873,0.1992383841628782,0.5375891236934559,0.2020443501375558,0.4287812545997641,0.20533235812898065,0.3882359379528295,0.1763134188413715,0.38009477354800003,-0.04686864692356402,0.2389803669395454,-0.05638398722048821,0.7149141859857853,0.23851645426369428,0.769059784394091,-0.028317993084790202,0.21471135095636248,0.2594767848481701,0.1575784106972851,0.7423553973306394,0.5159763543838359,0.2779744298369962,0.2660441799438449,0.30579652176017563,0.17361084406077001,0.46622395745846945,0.12174926950520293,0.2175977736953989,0.17644890543409195,0.47399735743421756,0.6491572631321424
000768.SZ,-0.4021904080401497,-0.43329021124680106,-0.26044003167505786,-0.40052474037972513,-0.27594527422356735,-0.4846006628716694,0.20985880630089349,0.6563097104374439,-0.07125389329021621,1.0,-0.3953612025200462,-0.04048999853429805,0.0889830670752274,0.4590036658793332,-0.5234319624425953,-0.4051414815888388,0.5603565670446562,0.7245825715550307,-0.2006132655259613,0.6526621036475958,0.143024961475288,-0.45358530712775513,0.7436845524202873,0.5413975337501005,-0.17764449159534576,-0.3733767222309014,-0.32056970452226485,0.35727733429402503,-0.4853698466478033,-0.5152910776409985,-0.4318399954276942,-0.4386576773885425,-0.31105135031862385,-0.5511422269940706,-0.44557834138339086,0.4841036199511264,-0.30405063005780797,-0.46546026696669324,-0.514977550028003,-0.3207238502347884,-0.4045326216821418,0.5854391832036235,-0.08017751527789008,0.7873525278566391,0.6859314589468593,-0.009920088516077964,0.654859035604408,-0.24467754458259786,-0.0571351849119332,0.019167513384892348,-0.2098252534898212,-0.32052318306465943,-0.45254154966604326,0.3021991531477985,0.592083073202021,0.18048605579977942,-0.15446152595849502,-0.3495754808506541,-0.3923499068708045,-0.3959087806071175,-0.4371354676329242,-0.2465330515673034,-0.3277291774452191,0.6958507495107354,0.12982706062083274,-0.5622979230910536,-0.44756716806857755,-0.5008443034917034,-0.4045972578516237,-0.3698760336801716,0.4524921729011819,-0.4339938083326091,-0.5436221308631608,-0.40434496057183966,-0.5149790919471444,-0.4074173699128187,-0.5460930868553563,-0.47090833631807655,-0.5994480552733948,-0.4747575162538606,0.5663498595651326,-0.5591083278056567,-0.2940490962277082,-0.39564373486492577,-0.5044591832551617,-0.3208048819912914,-0.43436392860339756,-0.4926921673430716,-0.29027638367713576,0.5047533737051783,-0.014777824982058008,-0.5139187388767451,0.42468818204865827,0.47366497125552626,-0.4595245022670548,-0.517235880527323,-0.5123811830438728,-0.460699649277673,-0.10331063318270071,-0.531784758661606,-0.4821375082666335,-0.13959171920911298
000776.SZ,0.8658690111501137,0.7763081563388844,0.7066099667926751,0.885098011007943,0.9606582590273031,0.8629723384417568,0.5304353885834239,-0.11992065152591057,0.7056871574800385,-0.3953612025200462,1.0,0.8135163501868584,0.500449926819673,-0.09293490218895378,0.5742339485016981,0.8443781545401731,-0.2997835978772974,-0.47294916787586505,0.8012449589401167,-0.4448899313157415,0.3941651913534534,0.6431878981743501,-0.41605913215189094,-0.1675596512559315,0.9119792639268051,0.9123316068562959,0.9475897700612035,-0.19850515478752925,0.8395217177065354,0.502562046206243,0.7381300433783912,0.683917582759284,0.7081429732753004,0.847979654816407,0.5268194384362698,-0.0944022030169729,0.7804455855844984,0.9062551477636057,0.8111943846428971,0.3049359424568588,0.866283423781899,-0.30228958485431107,0.7051958779289773,-0.46579033505359724,-0.21975611355457222,0.2695798779490765,-0.4526197201876096,0.6184199623182453,-0.05184979895511705,0.4888342288664398,0.8987416512201634,0.5322096976024833,0.9636727064721544,-0.22645444856753502,-0.13995129648713547,0.43683357149155205,0.09743069096946645,0.972351971610554,0.5246916355070804,0.8865853185351998,0.8678414049342607,0.3142653959876103,0.7424055822091354,-0.2354902699538818,-0.030354906419163646,0.8084176352851978,0.8419013985125976,0.7863218832116047,0.4972985377921375,0.9740608918611987,-0.28864378949424896,0.7995959788686361,0.7076330104983383,0.9304107432493476,0.702706745003482,0.8913432712709244,0.6981616134033802,0.8350664224736035,0.5856925220159055,0.8614877115985137,-0.1563440097761228,0.7231877636250724,0.3046520473762642,0.9736697739305736,0.4774175042386613,0.9291249907380718,0.43336980948036924,0.712075032751292,0.6075746312170668,0.034121851677704616,0.7021110271843395,0.8657291644787725,0.30508977272531845,0.07885276882927468,0.6301215911951782,0.6766395248334884,0.7304058041933419,0.6040172613886166,0.3293988665508158,0.6568382441231541,0.88814559868657,0.6548202628427154
000858.SZ,0.6830859194070767,0.5567013807383051,0.6070703224685388,0.7096469798282894,0.8180423011649163,0.7112339014327548,0.8438006393633671,0.26691014414247166,0.6587237601357011,-0.04048999853429805,0.8135163501868584,1.0,0.7102656138943294,0.18516354765465592,0.36015446174829924,0.830559986520076,-0.018532474533097944,-0.26143291532507623,0.8218043986603082,-0.04537761932716228,0.5144093845634253,0.43479187885134324,0.00580437798434591,0.20396996568620865,0.813723580865047,0.7947875659100693,0.8820195373495318,0.10243295228272074,0.6124988274630294,0.27757641162461527,0.4971246653805479,0.49365163770308523,0.5601511162601961,0.5407821484289371,0.27480446667385,0.23273335169836415,0.6729386455136596,0.714950039501284,0.5696005735473303,0.07255722124392704,0.6346923668609734,-0.08624228266122484,0.705000883231619,-0.09183791543824656,0.15860021266289814,0.36194897036407053,-0.1340235504127401,0.6510250740554568,-0.12380366959181564,0.668431202766195,0.9320832386497861,0.5290725222213956,0.7503427053642403,-0.03464890969988121,0.28457594263247205,0.7269280626537579,-0.06561248508915309,0.8057978725382058,0.3009888683362924,0.8348138858787714,0.6986686477906129,0.06525294821822193,0.5552974801432496,0.03557022326558217,-0.058879178750011495,0.5128930053991576,0.6231544971341346,0.49860711982540673,0.2303356471633133,0.8220960906953341,-0.05506079606739194,0.5627471722535702,0.46934178856614,0.7499477530423805,0.4125525339986389,0.715751059504945,0.4267671432603775,0.6088159325858074,0.2834491038140058,0.6567611630010222,0.24789932343670207,0.42687851457163206,0.09203058806781221,0.7848992147713202,0.2900013926540425,0.7265916190995937,0.1621037566010867,0.43541587081688404,0.4506365174665255,0.36959115640894896,0.7069653395957975,0.6079453668562085,0.6506183149226096,0.4472247803769991,0.4987459155282182,0.4170465023894561,0.4670801941955582,0.35782816321120875,0.17763293071283992,0.35202200386225685,0.672470157455774,0.7539787507262172
000876.SZ,0.35859361503192644,0.3397646698684651,0.4412920406747745,0.4490769979232256,0.5653090541106618,0.4208766211025418,0.7964142633088219,0.41325873056944995,0.42748927282671234,0.0889830670752274,0.500449926819673,0.7102656138943294,1.0,0.4583475407229151,-0.0735654050098894,0.6015631841830292,0.25904816485913984,-0.05116587439805,0.6447573040977849,0.2691461200418685,0.39667745955121464,0.10016531884252204,0.3030593548505216,0.6140131028464034,0.6073062959984271,0.5837214785986022,0.6200543759075114,0.25588544868454344,0.2532733126714356,-0.14377750548613852,0.1269757819858823,0.17453519483888277,0.34119142195933033,0.19728600427217638,-0.018456598944786944,0.41975911851579895,0.5336620324742056,0.4218486158708064,0.3260612187955731,-0.2692356037536008,0.33802278661360846,0.20989946234712545,0.449565819423845,0.21545366845058514,0.42318454237918196,0.05983159251163883,0.16133915523066733,0.6476804290447474,-0.4381375400079925,0.673080327264462,0.6247403259113512,0.34582895585710743,0.464979891402912,0.1906699220174455,0.5236536779396962,0.8112145040778365,-0.28995834247839886,0.5320590526856345,-0.051677817772350754,0.5886816682619016,0.4449848238462398,-0.09186249821537268,0.35969732460585907,0.29948621053895885,-0.0095608712946429,0.3011221532649087,0.28967752204691827,0.14612842604923262,-0.17968066921863887,0.5384473369576056,0.18721291530753878,0.17685235992270784,0.12329879438749192,0.40015367574294114,0.06369953134161598,0.3596610488287923,0.012865060841836506,0.18462281947698087,-0.08554533617909697,0.2817669548153281,0.5131816790021737,0.06926390728453596,-0.2268068262763023,0.45523436633022,-0.11709853569025652,0.481291813096463,-0.20015831824999905,0.05923103112497133,0.09769532249654256,0.30839326764955594,0.7180308819287063,0.32375155640071906,0.7625367429967246,0.5934769062422413,0.14628102647520577,0.07956988857220972,0.05189245175541868,0.04606545101086162,-0.20110602147886616,-0.054234535829449065,0.4099968879243501,0.6030339420321055
000963.SZ,-0.352899522633557,-0.3977458914720309,-0.30090645998575444,-0.22454480399873475,-0.004327535024760558,-0.2779458181034294,0.5438297846454055,0.40024029677483636,0.22655041805229778,0.4590036658793332,-0.09293490218895378,0.18516354765465592,0.4583475407229151,1.0,-0.33056142272847094,0.06712324166353754,0.8048030291054911,0.4611563305645059,0.3038571082569803,0.5914791467382612,0.34021857949523615,-0.2104813545781636,0.5927597717392792,0.6373761151917837,0.13156057272154134,-0.016001918137324118,0.09098736954515084,0.6852055097846684,-0.44662818790271247,-0.6243053837311756,-0.5519260925486235,-0.5202784956612537,-0.36705595199583013,-0.4354552795069519,-0.6469583541991862,0.35839733586885997,-0.01438676414554064,-0.23188259682576007,-0.3794757112754541,-0.6642147329813383,-0.3180150938191257,0.3629575342948139,-0.20993738715882027,0.5749838476851915,0.5440810206289205,0.17472401820062186,0.6597058780594661,0.07387820164414112,-0.48925109866464184,0.572390079725264,0.07311579001185492,0.2570615566204508,-0.15083592318574557,0.7076126399791732,0.6438369132795548,0.3917527566622787,-0.5614375035530977,-0.05081523639757052,-0.6170960811275427,0.03881205508162502,-0.18538045852962617,-0.5410218373917369,-0.275212784093036,0.5318699584346785,-0.33210563845277247,-0.2669162217704127,-0.403576864615894,-0.5192832521608399,-0.6845645109933503,-0.05483159110597116,0.08043829490041533,-0.49554433390049574,-0.5827902265413474,-0.26525493514710524,-0.6122807413897925,-0.36980032578317673,-0.624864209280911,-0.47359605074042826,-0.6425678615749759,-0.4320235264247752,0.4697645043237412,-0.5626543125614852,-0.6616482653689678,-0.11902038346136123,-0.5354289649351621,0.0012035916402542053,-0.7712850474384118,-0.588839394419384,-0.5347111169277109,0.42613551995521615,0.4812831868542958,-0.33839329077005104,0.6443731703619922,0.6571803066823376,-0.5302465267676338,-0.5808614877664339,-0.42097930236059433,-0.6469245014097148,-0.45651273665270864,-0.6588617573761694,-0.2273641699576636,0.16238939481448825
002007.SZ,0.5709334711409636,0.5113996460767214,0.44439262026447635,0.48266692578014436,0.4458377447540168,0.5952404108472956,0.007022756093052275,-0.5052181125522348,0.35816173063887846,-0.5234319624425953,0.5742339485016981,0.36015446174829924,-0.0735654050098894,-0.33056142272847094,1.0,0.5842082751137571,-0.43582701171635335,-0.49847849038801423,0.3330641439985385,-0.7146602659160033,0.07478971741792453,0.8351287954572751,-0.7109119892185146,-0.5785922710389013,0.3726522030965788,0.46108288120867597,0.4574725289121437,-0.2785379177187458,0.5619803145161234,0.6319017621729047,0.5404067228013546,0.4597381120396245,0.32739928480711944,0.6401251016036068,0.43588153111790456,-0.4475093899102469,0.30444996490804693,0.5843519124614495,0.550568765770155,0.5337541489265268,0.48284362832656136,-0.40830456395906567,0.31791529157017034,-0.7169104421452751,-0.593849944666787,0.707681519744391,-0.46175475460450444,0.1106849758676794,0.4315581072249519,0.05322207125924731,0.45166245755132833,0.3723962216624357,0.5986938164692669,-0.21660787598390954,-0.5635949696978423,-0.11890661856243871,0.21900871262866384,0.517760302356744,0.5823259226057732,0.5402789767140901,0.5116296412688115,0.1741338055325015,0.4535260253783842,-0.5177154404995232,-0.18292896860269262,0.586300007563109,0.5716154270158574,0.6326171469755263,0.4956128630642844,0.49036292671302006,-0.5817597190305082,0.5433474259795275,0.6105168830685944,0.6336162183108635,0.575573646236593,0.5809305818639704,0.6494665533677334,0.7053313980178532,0.5210935516147438,0.6311345797299934,-0.5612281164985125,0.6071090147119058,0.2880606452100311,0.5953257568667681,0.46358134229251063,0.5425332429826175,0.44598628186733175,0.5527694558426995,0.4063731968915523,-0.276069128897371,0.13580543407314685,0.5681873397180003,-0.2340616963932075,-0.3824566027821798,0.4506435243969371,0.5982176437036447,0.6323647664723893,0.5186332636635455,0.25675900143508806,0.5655877427493241,0.6178381067639187,0.218001669836379
002027.SZ,0.7567029190999386,0.6357991572059086,0.6120511687555658,0.7765736531296669,0.7919431854325888,0.8242830564736146,0.6326297740510342,-0.10723922319581781,0.5644260743953208,-0.4051414815888388,0.8443781545401731,0.830559986520076,0.6015631841830292,0.06712324166353754,0.5842082751137571,1.0,-0.1509005063654651,-0.5249402262582986,0.8592465477937253,-0.3005627428706073,0.41933887430247435,0.6593267154418821,-0.28940375137422963,-0.06040899037303202,0.7846763250060871,0.850221622892128,0.9011384090523885,-0.026386422664228287,0.6835217043205115,0.422958516845261,0.5342230826742735,0.49471209432617824,0.5140162867491072,0.6767490586300061,0.29578784610902337,-0.060144727813534395,0.7303947128117162,0.8490037616645861,0.7142539980808795,0.12938645150196174,0.649585794978349,-0.31130773721393007,0.5715176881281786,-0.4244464821534018,-0.16372714495603943,0.36857824925439725,-0.3374371206614378,0.5916888736822393,-0.13172129790098117,0.6363414393427971,0.8875315002782438,0.6689398699772022,0.8484375769798831,-0.03628776333525192,-0.022919354403536096,0.529734953995093,-0.09747405528004678,0.8398825768725299,0.3354173791425694,0.9255776880292538,0.8079311347805603,0.023026200683560063,0.637726613333387,-0.2489563114890551,-0.2668845677974873,0.6576206280373438,0.7200366852288497,0.6057081970435091,0.2524072500086185,0.8493736619021689,-0.37155536660598787,0.5861411609534791,0.5974259759963162,0.8284149271931733,0.4932588906941358,0.750031997721423,0.5560397738637296,0.6997994943894391,0.38174352537488104,0.7197173769962387,-0.07351690157231229,0.5454097697504247,0.031199360588920172,0.8545152878512486,0.36762419571837057,0.782571516788677,0.18639030915475505,0.5011013813975252,0.401848889340225,0.03684037786161401,0.6545957111039421,0.7024355993949954,0.3796357202473702,0.15944998744016492,0.4844733673469021,0.5100219957050751,0.5619815030091401,0.4236654806863074,0.08264697693993589,0.4580166776657601,0.8117994512427901,0.6771275626398362
002230.SZ,-0.5853107086187412,-0.6699842724121954,-0.5699260055434664,-0.4650633695974599,-0.15987845098250356,-0.4995455760700256,0.36147775626013307,0.40038253086763603,0.17727129046104473,0.5603565670446562,-0.2997835978772974,-0.018532474533097944,0.25904816485913984,0.8048030291054911,-0.43582701171635335,-0.1509005063654651,1.0,0.5603538321575924,0.11783308637162589,0.675714651404458,0.3692080881854762,-0.23439551963360428,0.6621383306064293,0.6490683230632123,-0.034866677716061,-0.26225660820768065,-0.12414880165613824,0.6373999624700486,-0.6431452865706936,-0.7094035949186623,-0.7473088903000425,-0.6381434628719954,-0.5490383099616605,-0.6472104197199552,-0.8255984626515139,0.23815810407260404,-0.26281999283331864,-0.4519540442757381,-0.6334831192338148,-0.7500603552024584,-0.5021530322419704,0.38883200312448424,-0.36104338068840236,0.6582339251834862,0.4449662049057905,0.015768087077927023,0.6831987797505636,-0.14622883295512493,-0.4149261062925779,0.44883231320281775,-0.1358002306128757,0.1830384041533307,-0.34315365495485833,0.8310828711442078,0.6361754109701804,0.2149567211729947,-0.6491551992881093,-0.2505791320488723,-0.7414175561307713,-0.1875316005429989,-0.45795928125039426,-0.6614235476835041,-0.48330810013019576,0.44101436653534765,-0.4305721764538702,-0.46347162333514597,-0.6248009282126543,-0.7268604435018641,-0.8121210611992086,-0.22678676981200888,0.17803302899537163,-0.6902866024949015,-0.7691058424731443,-0.48078999339961603,-0.8092068077905931,-0.5884581267710111,-0.7784040322385147,-0.6618709686170849,-0.7929433806309141,-0.6488595900234227,0.44864164506926557,-0.7830748555702964,-0.7604553698399824,-0.2995497956226854,-0.5984869342486002,-0.15959976497772357,-0.8678670064686406,-0.772780286521647,-0.7116182860709422,0.43779329834100783,0.33539441026026057,-0.5153328801687644,0.40148562604928206,0.6278575361903634,-0.6698687498863553,-0.762335544796842,-0.6148353328937162,-0.8374179104502449,-0.47300834725126434,-0.7971516644431822,-0.48964485391623497,0.02667249613443187
002241.SZ,-0.550346062149543,-0.5182710490720063,-0.5052468593206804,-0.47483647948083335,-0.38453203592177476,-0.5170033165883255,-0.011654594118307021,0.4297139676218928,-0.1353771601685462,0.7245825715550307,-0.47294916787586505,-0.26143291532507623,-0.05116587439805,0.4611563305645059,-0.49847849038801423,-0.5249402262582986,0.5603538321575924,1.0,-0.2563552329057721,0.5806676485747794,-0.013708794289540116,-0.5000452147666926,0.6351153506862919,0.48895763984690266,-0.3008300292700608,-0.45814381220261874,-0.43556933235638456,0.35846073301654996,-0.5774573473671442,-0.5886318819256237,-0.5440809170228993,-0.5116954471834191,-0.44905315073062374,-0.5939097737644676,-0.5257311831922867,0.28977015015750207,-0.34994374972066034,-0.5329655058004058,-0.5950827982957978,-0.32114782615339593,-0.49944554563995575,0.7004568105790909,-0.3088095870146012,0.7403767511928391,0.510504184677221,-0.00940823947645004,0.8291259432734747,-0.42983802188735726,-0.007301548159692241,-0.13185075545017474,-0.3677812999273365,-0.3297193804048625,-0.5021501752950324,0.38685239411307326,0.4558360214694113,-0.04478073436184149,-0.13986708064370057,-0.4527139718500645,-0.44700080816777943,-0.47741403646607017,-0.5219647012914411,-0.24766597663552029,-0.3708497527605253,0.6642781497918012,0.15005665625102094,-0.7011323433394042,-0.5700894793214598,-0.5417491804239468,-0.4922010809601027,-0.4701799863018308,0.427838194834862,-0.530024664786724,-0.6259031598329453,-0.5486562035905641,-0.5921656228712651,-0.5876499064602138,-0.6180429169835462,-0.5801839978347382,-0.6758179460637526,-0.5983875211288016,0.3499859470383598,-0.6154789135758019,-0.3513550948121867,-0.4757795858558905,-0.6080572381782893,-0.40002669897782134,-0.495425165920448,-0.5873585292389988,-0.45428781344728325,0.3332749376121256,-0.053321202161035954,-0.5811431453524109,0.18898179134263024,0.34807541350434645,-0.5934601134827803,-0.5889412653016727,-0.5155144338500836,-0.557777898105666,-0.19923734460516865,-0.5781718539056183,-0.5117512713101073,-0.3590173692509782
002304.SZ,0.5769766932275119,0.4443260927275829,0.39757401322574165,0.6465619232158493,0.8166019957255068,0.690186560651563,0.7202862861092826,0.002073517929473819,0.7403303814275569,-0.2006132655259613,0.8012449589401167,0.8218043986603082,0.6447573040977849,0.3038571082569803,0.3330641439985385,0.8592465477937253,0.11783308637162589,-0.2563552329057721,1.0,-0.12067417189491875,0.6396300128443885,0.47336322047990836,-0.07756974292872992,0.10004887150908244,0.8423720909076295,0.7831735658276583,0.8808123164721815,0.1157909700700957,0.5143105092297313,0.1726294792062415,0.33294138543459145,0.32910128164099167,0.3568542183302464,0.490533851557963,0.07109598910283445,-0.09004003509171273,0.6938654775223675,0.7142821532560624,0.5320496441714444,-0.042009228675853716,0.5638012767471081,-0.16716297657163806,0.46227401096886905,-0.19770401340320934,-0.07313669234173752,0.2578121409935082,-0.09871183207944982,0.506988350992145,-0.34122590698299143,0.7423503682414722,0.8846522490835905,0.753558004367965,0.7780849800446292,0.14722323682868285,0.16978244931910116,0.5692060023470541,-0.2267776383118152,0.8031488112988795,0.12197384509973057,0.8862857768755256,0.6702540348232949,-0.14077420707928617,0.5189504208115062,-0.14985023207776454,-0.38638398417895137,0.5273628592323495,0.5317351759670386,0.41467675815586996,0.03930044153350861,0.831479055366707,-0.32537106223548556,0.4232868231523084,0.3600081016220699,0.688791109009466,0.29060363198825134,0.5744809783420721,0.327378530922203,0.5130181537524258,0.1792359734456004,0.5199643236933381,0.03782770845719411,0.3495433055144254,-0.12758209672791343,0.8150573792947643,0.19619816390290537,0.7960387064489893,-0.02223407835395119,0.2995529517952508,0.2087663129722737,0.21422350324733339,0.8522358238334262,0.6193917082718979,0.45457083942751014,0.38789742483324735,0.3028188557009373,0.2926482091799563,0.4543185520903336,0.1711678746673473,0.042001166052789744,0.25881868338353803,0.6883076812737093,0.6505563758712233
