,000001.SZ,000002.SZ,000069.SZ,000157.SZ,000166.SZ,000338.SZ,000568.SZ,000625.SZ,000725.SZ,000768.SZ,000776.SZ,000858.SZ,000876.SZ,000963.SZ,002007.SZ,002027.SZ,002230.SZ,002241.SZ,002304.SZ,002460.SZ,002475.SZ,002555.SZ,002594.SZ,002714.SZ,002736.SZ,300033.SZ,300059.SZ,300122.SZ,600000.SH,600011.SH,600015.SH,600016.SH,600018.SH,600019.SH,600028.SH,600029.SH,600031.SH,600036.SH,600048.SH,600050.SH,600061.SH,600085.SH,600104.SH,600111.SH,600115.SH,600196.SH,600276.SH,600362.SH,600406.SH,600436.SH,600519.SH,600570.SH,600585.SH,600588.SH,600660.SH,600741.SH,600795.SH,600837.SH,600886.SH,600887.SH,600926.SH,601006.SH,601009.SH,601021.SH,601088.SH,601155.SH,601166.SH,601169.SH,601186.SH,601211.SH,601225.SH,601229.SH,601288.SH,601318.SH,601328.SH,601336.SH,601398.SH,601601.SH,601618.SH,601628.SH,601633.SH,601668.SH,601669.SH,601688.SH,601766.SH,601788.SH,601800.SH,601818.SH,601857.SH,601877.SH,601878.SH,601881.SH,601888.SH,601901.SH,601919.SH,601939.SH,601985.SH,601988.SH,601989.SH,601998.SH,603833.SH,603993.SH
000001.SZ,1.0,0.7124131935311384,0.5846436053445331,0.6101156421171153,0.6788442099743897,0.42976116910923534,0.625067270437457,0.33091301097345677,0.7758177117489264,0.48677829457289556,0.6781295661291765,0.6841973159277183,0.4586640579456049,0.45821453443682025,0.6244628640860969,0.4963770888105288,0.38517020337892943,-0.43884746332835073,0.6164842542072339,0.5800288857987763,-0.11778086010067501,0.17419823838532714,0.2992476194224834,0.4216849650010583,0.5892406580622996,0.7420371320582552,0.772206569702596,0.6115800101266397,0.8196550491006088,-0.010158871568214196,0.0694264980281029,-0.06841763027572224,-0.3039222012265201,-0.22477853947479254,-0.30343650974449804,0.5084667034044194,0.6661388909154393,0.8932595851139501,0.6731392380814113,0.5096114218050544,0.5362703091038191,0.49828583506275564,0.45827188311627226,-0.1268143245683628,0.4890168667691859,-0.021589723828092617,0.6992760179976217,0.04328850876824325,-0.4077057579067231,0.6629255287528579,0.5533586407183465,0.5677949399222023,0.06479299771615403,0.6376619372812143,0.07847342358278496,0.30541929989608374,0.41519769647717325,0.7427158980776261,0.5816289472717439,0.7434577323736046,0.7082335933429097,-0.0259591344325923,0.03214238906572794,0.4880773431838051,-0.12755936514042848,0.39103765899812587,0.22818764640413416,0.728174708719013,0.6202763183008816,0.7282752009553536,0.34088412724019285,0.7993391021961985,0.4867036855623375,0.8202955762789769,0.6193711763028636,0.6932249865994474,0.5928138464318915,0.6904991478011482,0.21273590740822354,0.5571562418093913,0.44427472959188,0.3375723732529566,0.7159189787001591,0.6330012833269666,0.8168001673521316,0.3643801495906154,0.11538449879757533,0.09603974006120262,-0.024613577337280246,-0.1953095842553848,0.5480269193966002,0.718167613871298,0.5650081707899647,0.6183836032654167,-0.10740566469800301,0.6681217497213252,-0.031245086617550755,0.635152336032058,0.602542071115249,0.6682808387027303,0.4688585899169096,0.3505982004690122
000002.SZ,0.7124131935311384,1.0,0.8146064986267922,0.37278084395490246,0.47785648381312357,0.37226275298999406,0.7690727145340842,0.5804994927358992,0.6454972391609965,0.4924157818616968,0.44338694773602333,0.7534914238485926,0.5424654638288698,0.652165474659492,0.7082573214205552,0.3300701700093688,0.6041459747638023,-0.6700232706101398,0.7449003333672336,0.5785830722152673,-0.4120733245637375,0.04010779662474861,0.3711259062207213,0.6013793557538482,0.35121815080654684,0.6158220891340357,0.5870166637034191,0.7437840433583532,0.6590160099001222,0.16407528071060232,-0.03787766318401699,-0.18674006500886775,-0.5975583834540144,-0.584631360094709,-0.6072131909593933,0.7190077256485514,0.6826806994607922,0.739015234133411,0.9174917898992586,0.08123614774304351,0.261750573293603,0.5965873726275471,0.46002313989201177,-0.397505825695077,0.665948172872516,0.24598419929131146,0.7624425103721301,-0.4165409927285097,-0.6017296874662165,0.7080368613810187,0.7034950363004618,0.5430471676313654,-0.19114353438273932,0.777698022112864,0.14809347630282121,0.45213338336397374,0.6159583500440325,0.5537539871189806,0.6383166501006882,0.6719486687953654,0.7056268608280841,-0.2710539609456319,-0.2295845911686967,0.7321905547120028,-0.48160447913462107,0.6153842169851182,-0.050443455746902864,0.741590732751563,0.39907297298251326,0.512457184857724,0.1629209759588706,0.6218001323046337,0.5263630094543245,0.6800028466657645,0.5787990204213637,0.6870628751929098,0.7479566524143962,0.7146144512864057,-0.30258881382778763,0.6887974401056317,0.4186696192778944,0.32788842740436847,0.48211481586314786,0.5213313972186427,0.6896289497571123,0.30525959129279184,-0.005194283844657939,-0.04169653305367094,-0.3745512619612324,-0.06448729362917098,0.4401052245931738,0.5820719495605311,0.7041794364343698,0.49335497699868053,-0.5500596979584949,0.7532430544853783,-0.32931873418107455,0.7343418495890445,0.5712166241412856,0.5548858889630647,0.6910662264038043,0.4048306517438606
000069.SZ,0.5846436053445331,0.8146064986267922,1.0,0.4069534557300938,0.12936067976117344,0.17043674690944555,0.7557064501788107,0.2732682062191373,0.5240972866367885,0.559933894238218,0.11904172467464312,0.7694068416790231,0.23402804841954658,0.37138954263700064,0.510873758517124,0.5571073316040588,0.4988415042826155,-0.4507496441241691,0.6745752003499689,0.41923539317670405,-0.132667774536786,-0.29488281694863266,0.03016374366620503,0.3087499578582816,-0.01710759055344956,0.3001768103105798,0.4319873843096003,0.6266562665514311,0.5174497000857695,0.3581301674823825,0.1739596739469391,-0.4975049562309343,-0.3221126496938862,-0.593181038854832,-0.3137273193469681,0.8133050204111753,0.49858304154512934,0.6879084084528349,0.7580142183013066,-0.19010613239580965,-0.137174245006736,0.36358711632992496,0.33137899801578974,-0.5945910396947272,0.850195162369587,0.19155613239491945,0.668109816148962,-0.36157946278684605,-0.4936035719422165,0.5416529737244051,0.5413096393925506,0.38748342632007976,-0.20307826924622838,0.7668068996153851,-0.06778021372578463,0.4341100219878511,0.2783972181512945,0.22014477777152255,0.3405287149141294,0.43401763302320395,0.7245103873217182,-0.25385296171800054,-0.202838520900689,0.8277213988426162,-0.21185025958611092,0.539035077298949,-0.07813207051089974,0.4400042385756182,0.3062540515079046,0.2109352050489577,0.05631530048736325,0.2848240855287369,0.3244799341975854,0.4358817244393427,0.24083491231820767,0.420034961067518,0.3834023276876686,0.4461970524419571,-0.18225814585569475,0.491763751568797,0.1514809326082471,0.06285525390789622,0.10527389311036632,0.15295624701065205,0.47084855385895036,-0.0753656427789824,0.2756221461695938,-0.3676459782927728,-0.5265957760477223,0.20546612568402792,0.10943730903067372,0.21612479424476114,0.7663524780455703,0.12017269762055056,-0.374490894379187,0.4640793540081974,-0.05056787517729355,0.46558348486091394,0.4128725269413635,0.169059482977334,0.6435482788550623,0.04753005763788357
000157.SZ,0.6101156421171153,0.37278084395490246,0.4069534557300938,1.0,0.5507190429266144,0.6260873225222044,0.33308306270676996,0.33492779133925593,0.5603236891106448,0.36457194298080237,0.5001352439614334,0.4612671053679264,0.3131118867460017,0.2135137371343355,0.36466368170690316,0.40957976865089146,0.21531445919505487,-0.14517653312041687,0.3416575992124496,0.5089446724199959,0.12658534149286793,0.017361679915490865,0.13792910498726688,0.2980889644085199,0.5013720506864577,0.4393421102951411,0.5501494263704315,0.38831782871653003,0.38974707022237154,-0.13782200547350199,0.2636107095988631,-0.035723936175287796,-0.1691392708423403,-0.02802114743578611,-0.15883424667049303,0.3258799739746449,0.65600811447573,0.47558996848030505,0.2697764793239413,0.27910338475328583,0.42618421046464844,0.3575989482360566,0.54013781072193,0.06830742596537157,0.3872303914575444,-0.0922006411911009,0.5031566976150491,0.27338743283341255,-0.1309482596496421,0.3569841152103726,0.261917356970595,0.30417069589707807,0.1485360719006467,0.48005996160197806,0.23488765825913213,0.32666526225838655,0.13644697734098624,0.49178262666775935,0.35149536253563785,0.47303517905909337,0.47555883035172397,-0.091045997348641,0.038383909788642645,0.3587735244063865,0.04334074080580593,0.20956308415423255,0.10057748124048728,0.35801905135330997,0.4359411454893633,0.5478999869707399,0.26883217067080867,0.49520582573991173,0.31613882715010316,0.4758496234276846,0.2994509899649365,0.3664786860118821,0.2600667391568625,0.3380220395512296,0.24184373296189374,0.2698777290442042,0.46931200303738607,0.018915111457015514,0.44121346976740955,0.3763810017629286,0.6145041507709589,0.3119352111208538,0.09737173725976904,-0.00610713102830122,0.10259499938883883,-0.07027043925271009,0.4870730090367721,0.4729964639237736,0.3821971441056955,0.4851721784900533,0.05728033587513182,0.40093210282913555,-0.00603556084402435,0.34509182211382444,0.39712675499861777,0.29340371529862713,0.2747865411551537,0.1604101104493281
000166.SZ,0.6788442099743897,0.47785648381312357,0.12936067976117344,0.5507190429266144,1.0,0.744729494481437,0.30719931662416405,0.5692316108775753,0.6720350502994777,0.2654422704111932,0.927618045146267,0.3489338524794155,0.6557167750619181,0.514344932654527,0.5532788145467329,-0.024279378019684893,0.29248153835139706,-0.4791843940613132,0.40631392790275184,0.5046866588183939,-0.3931951349543909,0.3132500079304662,0.6022886732611289,0.5769047426095475,0.8624857282208427,0.8791290029064539,0.7734791334296635,0.43603462657795494,0.6366205581088189,-0.2469759840124728,-0.03026575276322215,0.27747557096226433,-0.4430709989699553,-0.10679918142652904,-0.42345119861298725,0.15386987789675668,0.7344718611091455,0.547529766215318,0.3885418811872932,0.616853908186125,0.9229415412639015,0.606770867692816,0.681087735358798,0.1546625981174964,0.11130423563962323,-0.007528644269514652,0.501428207775619,0.07185766598773936,-0.3804408229339859,0.5553541462316212,0.4888753900188771,0.5223882105118552,0.04028123295311751,0.3082478374689645,0.49691313806650234,0.44056326986909733,0.4036173543670322,0.9554222005262317,0.6771147030087419,0.7217319564243619,0.34267187657581893,-0.06283729867742413,0.049995849902191865,0.15826312266028833,-0.2679501142697122,0.18054030553498893,0.23092803230797956,0.8059448686163767,0.4106818216822857,0.963023394764123,0.39956755275490713,0.916388637282776,0.6226832412474601,0.8322334724077196,0.776225253317334,0.7837046226322371,0.7247056807035736,0.7294579028586238,0.06559885727920117,0.5905521163236277,0.7401105760091616,0.314483792147006,0.7897007689049094,0.9188375721357938,0.830327428696276,0.7802329590903226,-0.323167825539531,0.504815300901451,0.3248750544294818,-0.3354469608161625,0.9128966333835411,0.9483347730400834,0.2126553403775258,0.9665783450988396,-0.1582960728532016,0.7185604612020584,-0.32992977510732246,0.7285789361590548,0.630288098892854,0.795019987746135,0.2893753057478784,0.6019244741468004
000338.SZ,0.42976116910923534,0.37226275298999406,0.17043674690944555,0.6260873225222044,0.744729494481437,1.0,0.3249372717502899,0.6119104482232967,0.5188395221738749,0.41520251616294107,0.6835497222715139,0.39186024394861274,0.6681249018914664,0.48682269690603736,0.4646681585025119,-0.08542294802112667,0.33330068259260764,-0.4519106045606656,0.4077207625601946,0.5974211527166786,-0.3718227888374732,0.053406779095771566,0.6192339731084152,0.676672494917728,0.6136411765371227,0.6474852363126213,0.63599302923024,0.40714982887011275,0.4293682098261918,-0.18276789974204696,-0.007903619602426545,0.0036252368346840528,-0.46956191653207857,-0.2646756507827898,-0.510238041724587,0.3170471985417301,0.7202759701931059,0.4115660889161463,0.3071346521528577,0.28996573838147366,0.6044695691449632,0.7064333857667812,0.8132237645601301,0.1307906184464014,0.25248824144614807,-0.07808222668943464,0.45773563595129946,-0.02227129712150371,-0.35596479059903285,0.48312690067683023,0.4668025370639591,0.4184670790748421,-0.07064908889978842,0.22936778529068427,0.6489837211801425,0.6181496036443122,0.29176694244568846,0.6951480069931918,0.60249071518087,0.6012498463777473,0.28808322809463177,-0.2777702161569972,-0.10317094620781951,0.28330551192622405,-0.30846097163510755,0.06668951571974747,-0.0031575229679290016,0.6102714563013762,0.12156268868299487,0.7146839493917562,0.3408489656348174,0.6544570666327628,0.4637423113599079,0.6230136909278489,0.5595174939311268,0.6105402472063638,0.574396905995202,0.5537638460914079,-0.2232367796258428,0.5019111533010934,0.8101720421731194,0.15050065495023615,0.484579008538156,0.6810256010818577,0.6681584431675028,0.6438882345579494,-0.3909936832633128,0.31106518793132293,0.12288224407029315,-0.11211738641376845,0.7935164618260436,0.7172421427760938,0.3188048208470855,0.7357646648576339,-0.3129426030930407,0.5459311251239976,-0.3904640127325318,0.6041889099904291,0.5708458963231134,0.48350954488643133,0.29151928907965025,0.5701543601130007
000568.SZ,0.625067270437457,0.7690727145340842,0.7557064501788107,0.33308306270676996,0.30719931662416405,0.3249372717502899,1.0,0.4813312128251215,0.566716981790332,0.6411322523066677,0.3790114116454702,0.9314278427026749,0.5340397394414174,0.727243341934953,0.7678794194953907,0.4282213280852601,0.7670391900557139,-0.6692755068268634,0.9014932358065909,0.7813258826855044,-0.24544487763123876,0.028847054897889964,0.4195008837976089,0.5988280445584484,0.11257432352706669,0.5779390705105,0.6465307522954143,0.8482654896092701,0.5449710832558291,0.38782996614976556,-0.14312436405586532,-0.40119909623783007,-0.6048102778101836,-0.6145577995554238,-0.5467852702068278,0.8238096695736256,0.6831352714284215,0.768199685061764,0.7856875827049584,-0.07833018318710348,0.06043568953641224,0.6412106676063395,0.41369949380698184,-0.4308983661462971,0.7966798363185434,0.4034863614352986,0.8868537038062093,-0.4471623312556203,-0.674195562683614,0.8444859262901686,0.8489842088022582,0.6707493790380411,-0.4160935652745856,0.7164479367768478,0.17900864544695538,0.5045007280350937,0.500220247450457,0.45948595792742525,0.530994172919849,0.7530883848286866,0.7676424301026508,-0.4921375687303067,-0.29673026612604086,0.8276519329030311,-0.41574933557166,0.4818333231941323,-0.2133576812108837,0.6423661586629196,0.0570948921059014,0.4113116437154222,0.16095049023776645,0.4476232372736689,0.2908799710928118,0.6199556883702686,0.3661135950517877,0.6670282346744886,0.5864278705968667,0.6875792219401503,-0.4324202294287672,0.6936668474023687,0.4385269484983488,0.09094763816860373,0.2715330339849816,0.4547089322586777,0.5947639530475365,0.1730337925420433,-0.16472434613715503,-0.08617827608277086,-0.544392758052154,0.2270137622810067,0.2879691614444779,0.48401608899113874,0.9148345529356897,0.35079496582955727,-0.5975239362930971,0.5249067995307906,-0.38960740177146974,0.644843328780535,0.5465175502775003,0.41168477798173425,0.7493508328357104,0.43423360684838713
000625.SZ,0.33091301097345677,0.5804994927358992,0.2732682062191373,0.33492779133925593,0.5692316108775753,0.6119104482232967,0.4813312128251215,1.0,0.5307524680942107,0.29849336435513657,0.5088600251083478,0.47726908724125355,0.7500771884106218,0.5655984680756911,0.5942351060799506,-0.15899841825495944,0.5716624798488715,-0.6044036266903632,0.47186513664040164,0.5576255464898817,-0.4728053241223477,0.18211148983249248,0.5940057037701415,0.7515009949932615,0.47792044242842374,0.6599563268733598,0.4893023545995841,0.5211863825888937,0.36000986409522034,-0.014325427569217833,-0.21730674914082745,0.10627372025285897,-0.7218369683562488,-0.3814457594269238,-0.7793474217987019,0.46286372095655404,0.6622836661998038,0.3540474020911468,0.5072816070784448,0.11570579534998228,0.4363600694907894,0.6669408493307064,0.6677245848447249,-0.15033017251237704,0.33498123817733844,0.37266202126200637,0.5327701065283722,-0.3040981213466729,-0.5564282492771956,0.530387323153421,0.5539085768282056,0.5280022849923312,-0.3251729086423115,0.36842127203584973,0.49271225555527454,0.6193053974585702,0.5066101438147905,0.5710631044885576,0.6098670345628386,0.5576611429253707,0.3433961798710055,-0.4091025934228452,-0.23642275448230002,0.4914994964994266,-0.6581467978288126,0.3612635634008632,-0.2938407046013694,0.6227769989565309,0.03958053209472302,0.5765189476388358,0.03630847801008167,0.5042142329420517,0.45334284346604775,0.5903522310862109,0.4958515696235059,0.6767997868950064,0.7000039090466704,0.6907255983535467,-0.49592694573586477,0.6908112722803122,0.7263066965870243,0.33336029160704567,0.4648057649117641,0.6763150962528616,0.6218328011354995,0.5423894338961306,-0.4131552233579705,0.376301581316369,-0.21430231308024827,-0.034411628526564875,0.5495162620462631,0.6213779418212494,0.46235435806197156,0.6642345172587719,-0.6051017247121543,0.6474857667243717,-0.6218817871809615,0.6724915741235972,0.5846935489658495,0.5992664787861358,0.4352323925407975,0.6339003498350068
000725.SZ,0.7758177117489264,0.6454972391609965,0.5240972866367885,0.5603236891106448,0.6720350502994777,0.5188395221738749,0.566716981790332,0.5307524680942107,1.0,0.3580029968325575,0.6016219175346557,0.6033108010326338,0.6360138437145993,0.41870210331246427,0.7557277802212701,0.3042417752416436,0.5525380541122976,-0.4948700699835282,0.5475381192122313,0.48644967143404144,-0.2504506017589047,0.14258252655333584,0.26791189113919794,0.5334316310855876,0.6023773571783302,0.8081235987490537,0.7174673197834109,0.6601194224249914,0.7560261550326399,0.22429782862471903,0.260063414826995,-0.0773543861504681,-0.448163163714187,-0.4293042587072904,-0.4200828108251276,0.5610792966701618,0.7055657668137858,0.6989734481045025,0.641721904095667,0.48817519596471115,0.4731847986798283,0.6688562934965709,0.6341307389211371,-0.34269719761684897,0.49918673895570004,0.15747004090057706,0.6579908688152597,-0.19909062523265267,-0.5045599139582817,0.700568066566313,0.5485068388110775,0.6284545629226186,-0.13453337832506693,0.5840300064708006,0.2743959021230733,0.5559178277752995,0.2395145851678043,0.6858447402864517,0.5685944833816533,0.6283273412790059,0.4998306174722465,-0.3108688847376458,-0.3353442458369325,0.5549165874108101,-0.4294739945501598,0.46795896937812254,-0.21472758162033953,0.7116328620322201,0.5465596362554966,0.708026299551754,0.029432664394475467,0.7142522427068557,0.4950367131980882,0.8647289412501236,0.5240125912578462,0.8435082576272491,0.5935093283604225,0.8371860270622277,-0.009202322938883326,0.7951747411997324,0.4911031808455257,0.37427370524747666,0.6509729478955799,0.6652173862470425,0.9176868070158167,0.4245118042193235,0.04925650189626479,0.2626591794821235,-0.2325212906795979,0.06706473114757543,0.5109161593163073,0.7144252059799752,0.4984383072615695,0.6593053797214364,-0.1872878131440908,0.6361517564714226,-0.1950990770927257,0.6609870797211553,0.872243112309245,0.6816876224518716,0.6576766956233248,0.36494222653159664
000768.SZ,0.48677829457289556,0.4924157818616968,0.559933894238218,0.36457194298080237,0.2654422704111932,0.41520251616294107,0.6411322523066677,0.29849336435513657,0.3580029968325575,1.0,0.3690839998007278,0.733757195859709,0.2911598540424056,0.38811212228456354,0.4162927626696385,0.3213268314080276,0.4369554203374268,-0.48697352970413427,0.7104407046318889,0.6153072347594718,-0.058437098132711834,-0.12550465658793591,0.44341467500803616,0.3747662679632809,0.10598366829955858,0.40669333841202776,0.6308191968347245,0.5326318523335667,0.40895599200382854,0.11489150104173003,-0.13707242478498716,-0.5670989654709379,-0.3375692562874095,-0.4351569337088963,-0.33601616726189804,0.6328008379975267,0.4037104537958757,0.5680438791163269,0.46045385238459297,-0.08209127653311851,0.05023917896588118,0.43634214802988774,0.4913835672885239,-0.26411558183779277,0.6286700176029008,-0.06208701323011734,0.6658224361989897,-0.07196033681159182,-0.46026910570831464,0.5808146232428288,0.6289898106173232,0.5518702691262912,-0.3127882168504688,0.590629892539399,0.363018392122596,0.5171773146119374,0.25985360596950763,0.38794293514393347,0.3505289896474982,0.508489882831594,0.7189717100532879,-0.3693796944328938,0.0016200705853231523,0.6694702318033835,-0.13539817684329214,0.1540665755670073,0.021364597448309697,0.4520100559607719,-0.05688331675294827,0.3622961721262741,0.33373385825434965,0.3727695455774905,0.17233375731213985,0.4232428186261365,0.21685517148193587,0.3995632667741864,0.2923941684872396,0.35915870839304365,-0.19300817845925597,0.39627821143170805,0.46160318846965254,-0.08415408479938906,0.10797315137483061,0.31156082180782557,0.39544026012782796,0.12663117244480407,-0.18626702833740258,-0.23330943227021606,-0.3515611685684222,0.17599857125536697,0.2694058420327312,0.3437674554727736,0.7233541115058343,0.22615809773174034,-0.3015831721243459,0.31663350567250576,-0.2727017361208937,0.44997254360191236,0.27465298291992696,0.24688113381359453,0.3242774955829553,0.2734466686169224
000776.SZ,0.6781295661291765,0.44338694773602333,0.11904172467464312,0.5001352439614334,0.927618045146267,0.6835497222715139,0.3790114116454702,0.5088600251083478,0.6016219175346557,0.3690839998007278,1.0,0.43280914585313957,0.6631683954594818,0.5631826179427571,0.5761775673984301,-0.009437700159638629,0.31643158711850783,-0.5423533471843788,0.4612727686726694,0.6079456806015231,-0.3815994952173703,0.3199284794900128,0.6978546532952214,0.6182608878895909,0.7710092306445891,0.8995396228132614,0.8640641153239209,0.4950594509472143,0.5898907827692628,-0.24921088380559753,-0.18974151325201535,0.16488588129304663,-0.4373563154899147,-0.06854470398447077,-0.41270135354258913,0.20092262254273294,0.7006319234865312,0.5953585910038027,0.4018315970278104,0.5546810285565762,0.8515958488503106,0.5929094915378278,0.6568176214002042,0.1104644270317401,0.1525237134786477,-0.00820409708777011,0.564636353660222,0.0783640180294834,-0.4139223272191817,0.6153783500627408,0.5541322347977925,0.6290708475688462,-0.06137114465343057,0.2749380670726237,0.498484484093817,0.4587361110339472,0.4294680925489552,0.9633639347261506,0.5983438116344604,0.7692732515992221,0.4149240994092267,-0.054727786378261985,0.14288399328934173,0.20536480705626917,-0.17905517517978276,0.1751596475544518,0.3464345513960359,0.829002251391303,0.2767954717112308,0.9612424793093276,0.5133493039904676,0.8481851629359197,0.5434921001584404,0.8080854016589359,0.7277009180776224,0.777775948270333,0.6822444305129386,0.7127630721520881,0.08136687176019865,0.5936056734418969,0.7605075344819499,0.2748310362016901,0.7451773985542062,0.9312480176399287,0.7688882734267173,0.7635538252048079,-0.407795807136526,0.5368503389238709,0.31443494792537646,-0.30626332395550687,0.9124213939365394,0.9447687688430856,0.3047506697750005,0.9254072833126714,-0.20737577851581138,0.6703285862113176,-0.3957740914748212,0.7144330643107143,0.539196228287195,0.7991086298597931,0.24626444719806304,0.6171876452213593
000858.SZ,0.6841973159277183,0.7534914238485926,0.7694068416790231,0.4612671053679264,0.3489338524794155,0.39186024394861274,0.9314278427026749,0.47726908724125355,0.6033108010326338,0.733757195859709,0.43280914585313957,1.0,0.5609383787378176,0.6673974350024917,0.761475890842628,0.4586246499579339,0.686521101485626,-0.6634337864368477,0.906981491524019,0.8110576794715607,-0.19720329259718208,0.03807461159398277,0.4196109872831903,0.6089826950555849,0.21477213628329025,0.5804341296179986,0.6841739316240951,0.844299251939639,0.5732570749157636,0.26374644562811705,-0.12339833478033548,-0.4722185645015385,-0.5990650675976448,-0.5299879683149858,-0.5325609054702686,0.8727133500092635,0.6714417315506137,0.7864750993736198,0.7213312686242012,-0.02688787392863499,0.10745658538789267,0.6315898805571176,0.4661853120451913,-0.421930824828699,0.8473173288179576,0.2508128420337725,0.9310040641954139,-0.29756043794612913,-0.6299511209557427,0.8501094157643894,0.8484330891395748,0.6087259636990149,-0.3517325169598205,0.7441433827324465,0.16474253771416872,0.505265694652258,0.4245304041265521,0.498120654890019,0.5231596909227202,0.7621562492561633,0.7889761988923848,-0.4147325524976566,-0.20822903715549756,0.8711522834426564,-0.29847689429053326,0.4476641588885825,-0.13455597986917175,0.6358037552826464,0.09288062747175889,0.45263301528538474,0.26420884408300394,0.4959184353385364,0.26373188068930936,0.6250262848258803,0.3568471104105517,0.6358416427117197,0.5265801035176592,0.6364350246416193,-0.324536951051181,0.659196638352912,0.4648576016031196,0.04924697253830449,0.3073930124878838,0.4465822809057674,0.6346483108622896,0.22306186707856912,-0.15058517869277066,-0.11439709620122442,-0.45436187524226107,0.1609322459988474,0.33035247720594524,0.5051110344469164,0.9447031312417528,0.3672534160063911,-0.5211601947865471,0.5228854825315192,-0.35632431062376835,0.6387986223366328,0.5343067536491806,0.42952229600919306,0.6617719016407483,0.42138235599917634
000876.SZ,0.4586640579456049,0.5424654638288698,0.23402804841954658,0.3131118867460017,0.6557167750619181,0.6681249018914664,0.5340397394414174,0.7500771884106218,0.6360138437145993,0.2911598540424056,0.6631683954594818,0.5609383787378176,1.0,0.6957906892340208,0.7903509018413558,-0.026977388710629147,0.6244058953830967,-0.7039349108465655,0.5911501317147242,0.6749931284950499,-0.5383816715574051,0.2737068057384601,0.6956698682058186,0.9406230842648297,0.5737809526300159,0.7839855188414174,0.6469524441306144,0.6414544540077113,0.5191758863422775,0.13409142283519246,-0.2262278683436314,0.006997729372449119,-0.7520251861109357,-0.4823340076998847,-0.6810152351572497,0.5329540480639517,0.7329627746838557,0.524533572310203,0.5650440226516195,0.21759057144624253,0.5123278275112275,0.8225587403101446,0.6653421399293286,-0.19393482623248315,0.38993602097334584,0.270031977362907,0.6544302207017353,-0.34019155123648814,-0.6095487720449567,0.7201071433690647,0.6645461064422226,0.5689954211632301,-0.3986911454905507,0.3304405372604089,0.4404134661784045,0.565809990262224,0.47072080334314154,0.6981685158243346,0.6952589083191513,0.7111234409292785,0.3480937382230099,-0.4841342449372601,-0.3910448093762209,0.5067656925162822,-0.5959303201654563,0.38035868445415527,-0.25023354338200837,0.7621097481599058,0.03556798192616669,0.6649490486370659,0.18282550820781973,0.6654878117807517,0.355096965772058,0.7186484755616124,0.5984022810864085,0.8095627653085486,0.729711051549863,0.7974422148020531,-0.48898600230648687,0.799299514815166,0.7182591988617211,0.28414101941449776,0.5377392313743943,0.766569081363302,0.7345564972890761,0.6453465273745628,-0.470817101830957,0.45353631922999876,-0.16620527613366942,-0.023664689139160765,0.6677997740433207,0.776045238032285,0.4960970817866856,0.7418825515684864,-0.5702530735234009,0.6452431835333251,-0.6209914218229675,0.7715484665197869,0.7265085440694615,0.6287113482270447,0.581205537136424,0.7196757697201854
000963.SZ,0.45821453443682025,0.652165474659492,0.37138954263700064,0.2135137371343355,0.514344932654527,0.48682269690603736,0.727243341934953,0.5655984680756911,0.41870210331246427,0.38811212228456354,0.5631826179427571,0.6673974350024917,0.6957906892340208,1.0,0.7757244646253261,0.053020253963755155,0.661153928888603,-0.6698096731282285,0.786106079698912,0.7331657112241022,-0.5147173056235379,0.4014085495981261,0.6814577471850041,0.7343497744415267,0.4008276194376783,0.6446221498451407,0.5659049295604386,0.7188399977390773,0.42220511465508265,0.07286312099677385,-0.3643722090760844,-0.011066625680216864,-0.7169767555986318,-0.5002678206212495,-0.6747143173771301,0.5238624775770941,0.6762746588918142,0.5444204900036212,0.6001535689140164,0.041146413844345205,0.39481366997736106,0.7299584696264754,0.3692393934880196,-0.07666735056912978,0.46860771604457113,0.30072190077283306,0.7445125794848192,-0.3583098056229245,-0.5818266730788488,0.7690033791870365,0.7969008572204862,0.5069108956020943,-0.3846701541004442,0.4366537362145156,0.31140713561976746,0.34074726820657836,0.6326301209211757,0.616899729490268,0.6352265034143594,0.7912365636674873,0.4156014100137129,-0.3845588228090282,-0.199270664250739,0.5135292974602498,-0.4555088407459828,0.3462278943942314,-0.058600356269364044,0.7220590454275787,0.010358532096962627,0.5241626960327845,0.40184630240856994,0.584375778831164,0.27325488816238036,0.5778181888555111,0.5441120705971744,0.6765248204390689,0.6717474803410761,0.6708966950253887,-0.4764384585464987,0.6471882614964534,0.5477417441382121,0.1235458146504685,0.4434349131943311,0.6243833804779159,0.5573400803362267,0.5622595937319558,-0.49117118398232346,0.13861652517869635,-0.17418809343688704,-0.06147916183700644,0.5847506560213493,0.6671697906191546,0.5976642081691725,0.5744231013349024,-0.6488557919653472,0.5143013612631505,-0.5429151517001244,0.6771141543994457,0.47555314560617484,0.500095575407139,0.6055420034418174,0.6819063813555976
002007.SZ,0.6244628640860969,0.7082573214205552,0.510873758517124,0.36466368170690316,0.5532788145467329,0.4646681585025119,0.7678794194953907,0.5942351060799506,0.7557277802212701,0.4162927626696385,0.5761775673984301,0.761475890842628,0.7903509018413558,0.7757244646253261,1.0,0.22276955230297676,0.7980162131416009,-0.7388564503391777,0.7631921282548788,0.7453314267758677,-0.43477646005898113,0.28477457980822934,0.4879847560204931,0.7382758929278109,0.4747439588365285,0.7699285181987375,0.695701000219858,0.8955694913951359,0.5859888811103743,0.29695928944439065,-0.12636927426890573,-0.16209770081504368,-0.7037964129797936,-0.5526276863638042,-0.6237598356865502,0.6856483221332234,0.7415023688622159,0.6718244908651468,0.7528059452430574,0.11745516253588621,0.3387958971183382,0.8372284461820856,0.518583591413156,-0.3216624192124346,0.6284853346352014,0.26052802665699654,0.8559933271682852,-0.3951954827793678,-0.6610049078704974,0.9015704502137624,0.7842993161688891,0.7084641931829045,-0.38063376425705453,0.5763932745050478,0.258979213613097,0.4810068820632178,0.5235042808755009,0.6615263209873906,0.6289402240601175,0.7729081150442552,0.5683442364985768,-0.5432622502885543,-0.4460301857161904,0.6767070636565805,-0.48392306895084874,0.49005931550263254,-0.2500379388129165,0.789762351023486,0.1591245361287481,0.6118228884015925,0.23336670060404371,0.6290337719395168,0.32809652019903884,0.777859795618039,0.4786532970417179,0.8589318750023615,0.6895151952364788,0.8622445423763864,-0.39200679442305253,0.8739229025144938,0.5463748418827378,0.2108541562105942,0.48905762672221814,0.6614081164005732,0.787785372708545,0.4760653230012748,-0.2890649373313154,0.17390002750215117,-0.3434653726297839,0.05029065185871253,0.5265475912555319,0.7259040895846235,0.6883129059385479,0.6078153589210419,-0.5294966235186434,0.5941793861834032,-0.5322064271813102,0.7330195483167016,0.7446700335039581,0.6054615260308175,0.7978231647804518,0.5936778781104313
002027.SZ,0.4963770888105288,0.3300701700093688,0.5571073316040588,0.40957976865089146,-0.024279378019684893,-0.08542294802112667,0.4282213280852601,-0.15899841825495944,0.3042417752416436,0.3213268314080276,-0.009437700159638629,0.4586246499579339,-0.026977388710629147,0.053020253963755155,0.22276955230297676,1.0,0.21741977043673713,-0.03378939938680325,0.3498619202088009,0.2775423860753183,0.3726618454369948,-0.12196661760439927,-0.09034478613014141,-0.009500207286122525,-0.09795820751723572,0.07896852848135254,0.2732480542065962,0.330529782911618,0.4398239472781627,0.46571016015557615,0.18161798843610255,-0.32079942058638117,0.10771934220479135,-0.23800725124608657,0.2296954075278658,0.4749906717440329,0.26773369273460584,0.534345979352501,0.3518635087634867,0.02235739415075902,-0.10936599584417545,0.05820815517929518,-0.0611292168576355,-0.30572491285220266,0.5337269316331487,0.00939905988295577,0.3708892742774408,0.017083774660457,-0.133608644497306,0.25313002243978405,0.26136684394442394,0.22215324412949622,-0.10539670244919015,0.586720074617458,-0.20480922123768186,-0.027451771217597416,0.15417324616640773,0.021952619336446672,0.1652039990507584,0.15335809714285753,0.5512191394093009,-0.09301196698624575,-0.15317607698230548,0.47137329102009856,0.1339082486351049,0.39775999854460237,-0.026073944260517946,0.1314517951164712,0.3127502127719953,0.001889063866936408,-0.05050262081107426,0.159471855408548,-0.034744989408037864,0.1497389893052886,0.03339628786963852,0.10521288216705449,0.027385409540660894,0.12664200953754437,0.21131539787653683,0.0893561705357383,-0.1166604442138765,-0.08563079430834107,0.05178705193048255,-0.08412849866164307,0.25745180575845866,-0.2882567369221933,0.4745519819312905,-0.4195490782127216,-0.3665361280466806,0.32377335840237187,-0.14134453982969375,-0.00024152319509200085,0.4978147030619717,-0.11738573583132021,0.06298581994442536,0.059390690574136255,0.24914821301386095,0.13038382120002498,0.15986505830489228,-0.027107816680861832,0.3871124017493832,-0.22352839304909222
002230.SZ,0.38517020337892943,0.6041459747638023,0.4988415042826155,0.21531445919505487,0.29248153835139706,0.33330068259260764,0.7670391900557139,0.5716624798488715,0.5525380541122976,0.4369554203374268,0.31643158711850783,0.686521101485626,0.6244058953830967,0.661153928888603,0.7980162131416009,0.21741977043673713,1.0,-0.5567404530498091,0.7394854100422091,0.6428533751142833,-0.18748622432091056,0.12836812437197956,0.4457048038272839,0.6189684290388177,0.18571057659833548,0.5575078217090571,0.521022282528356,0.8068994306746887,0.3825094726855695,0.4880857646143919,-0.18991044471353036,-0.21926293799534322,-0.724830222026355,-0.5930197053505258,-0.618924094898201,0.6961406575930874,0.6184922147511415,0.4836918509301859,0.6961474474506629,-0.12997844455117225,0.09394210489596855,0.7008561603921158,0.4277187139276147,-0.3344418799760291,0.6689113980477428,0.44444998669785396,0.6634989083155871,-0.44214039297048685,-0.6453975003513328,0.7238692847990967,0.6719324409033228,0.7215874658234885,-0.5605988491691284,0.5097303779307137,0.2903660933454476,0.4787925983917956,0.5650725483215314,0.3860893289221637,0.5157299341970707,0.5304778921163321,0.5567516345389046,-0.6516141315638969,-0.5130274030290977,0.68060523699566,-0.5398235091603865,0.6089064020389098,-0.44795005116159897,0.5986058159133033,-0.052443441094956446,0.3607638301910409,0.032272501021630505,0.36259418072100263,0.18852099947153744,0.542971897174186,0.29417413602139225,0.6612247891425472,0.5411098455068929,0.7111062244873515,-0.5724458180402766,0.7721417348845866,0.4184190548885807,0.18494753309947565,0.2432532961753231,0.4636844570730667,0.5597453446774185,0.26353017616771296,-0.2972470274066766,0.041600846279412594,-0.5206492515044353,0.309100926486458,0.2529106573105598,0.45539422232962695,0.6973584340862328,0.3696951065649812,-0.6256809657457164,0.45164239101944686,-0.4902263884142677,0.576504318384568,0.5683935694009951,0.3704430099298605,0.8271368192283223,0.5239769824694006
002241.SZ,-0.43884746332835073,-0.6700232706101398,-0.4507496441241691,-0.14517653312041687,-0.4791843940613132,-0.4519106045606656,-0.6692755068268634,-0.6044036266903632,-0.4948700699835282,-0.48697352970413427,-0.5423533471843788,-0.6634337864368477,-0.7039349108465655,-0.6698096731282285,-0.7388564503391777,-0.03378939938680325,-0.5567404530498091,1.0,-0.6943968193997586,-0.6876648115025484,0.6926791905011598,0.022783973324529066,-0.6088111158870726,-0.7598854939303344,-0.2363293519758203,-0.6462821472233035,-0.6251124405617972,-0.7346059608997256,-0.5503310823662843,-0.222078141949727,0.19877851736902183,0.3284326829132737,0.6175821735768238,0.5643070436210141,0.5832477961541104,-0.594314575052597,-0.6520674606371046,-0.5677692628487386,-0.720893129727619,0.015955407779063707,-0.2530253221983387,-0.7298101415892839,-0.5076798391880998,0.4950394206527129,-0.5230477304206674,-0.15312851506502548,-0.7214198005858642,0.5423474949099348,0.781580877685566,-0.7605080238016839,-0.7916171885787394,-0.590582610009971,0.4357683527796319,-0.40445550963462756,-0.37996434632452486,-0.5495382804138389,-0.49874612623634906,-0.5816892191113828,-0.6123287189283627,-0.6649085050251263,-0.6000113780686273,0.46939119655864436,0.2785766478143486,-0.5780106781016418,0.48827777746150186,-0.29703817556979883,0.07942618402787865,-0.7664131399439092,0.06918488640681197,-0.5307456048440827,-0.29011822537397913,-0.5391181483214523,-0.4498606575302904,-0.6442722391368013,-0.5151245771282223,-0.7372567115966403,-0.7483412953836287,-0.6948409542161484,0.5075429333793138,-0.7171841962860978,-0.6391437899316187,-0.17368206213125648,-0.34569341002998666,-0.6191893843796233,-0.57258772441554,-0.4200911855843053,0.3912860486766254,-0.18203884629899333,0.33610510787118764,0.03968043698797435,-0.5389469970251545,-0.6420944829414651,-0.6194974349212503,-0.5333432993043138,0.6749227237338956,-0.6233437539236585,0.6005294088357761,-0.7365327745458105,-0.5646355601595526,-0.5433936879747712,-0.5997932039031917,-0.5027989374016002
002304.SZ,0.6164842542072339,0.7449003333672336,0.6745752003499689,0.3416575992124496,0.40631392790275184,0.4077207625601946,0.9014932358065909,0.47186513664040164,0.5475381192122313,0.7104407046318889,0.4612727686726694,0.906981491524019,0.5911501317147242,0.786106079698912,0.7631921282548788,0.3498619202088009,0.7394854100422091,-0.6943968193997586,1.0,0.7760492273471956,-0.28517980076403776,0.16401306262942053,0.5041499828895857,0.6248563456930388,0.2512855619050388,0.5873249331600019,0.6280142179006766,0.8017732517994668,0.5725545976040668,0.30404383728142054,-0.20236468115076178,-0.3831703542755327,-0.6265378363360358,-0.5904766817522233,-0.5310147834209333,0.7800924077946335,0.6539675371523253,0.7133679414021842,0.729757937763739,-0.02677433597365947,0.18676261344819942,0.6481119147490337,0.424561554634461,-0.35217309650387535,0.7521826379581235,0.28706599934961174,0.8834198637861911,-0.32688405093509737,-0.655710726467034,0.8410412213115448,0.8510313926642566,0.5751376864437907,-0.3928116331697817,0.6839854125444004,0.2215868371583325,0.4254104354510226,0.495177179617204,0.5302435994623119,0.6321033877957718,0.7669700979878646,0.7280139024700429,-0.4095326921583025,-0.21792175769716413,0.7680299662370395,-0.38072006972238626,0.46996221679596056,-0.12334248942241426,0.6775085706086691,0.09668817148631194,0.45572693160535055,0.325188327850465,0.56196159157774,0.285012359215424,0.5957215439858937,0.45680954064071305,0.6354752254498276,0.5850322547910877,0.6335695091249801,-0.4239846853656075,0.6378014596183899,0.4785631598925409,0.10698888790334295,0.3349928095146522,0.4858521175833959,0.6122783067956541,0.3000622491016895,-0.24453943075028572,-0.11728218034579391,-0.4243637110529246,0.07399700537673147,0.3690383321846025,0.5509793367934671,0.8546230157683596,0.41130243026697927,-0.5373117042828727,0.5594081475027172,-0.35338249760502166,0.6487237995213512,0.5125051938013501,0.4216469292611731,0.7010040871256771,0.4662064110098676
