,000001.SZ,000002.SZ,000069.SZ,000157.SZ,000166.SZ,000338.SZ,000568.SZ,000625.SZ,000725.SZ,000768.SZ,000776.SZ,000858.SZ,000876.SZ,000963.SZ,002007.SZ,002027.SZ,002230.SZ,002241.SZ,002304.SZ,002460.SZ,002475.SZ,002555.SZ,002594.SZ,002714.SZ,002736.SZ,300033.SZ,300059.SZ,300122.SZ,600000.SH,600011.SH,600015.SH,600016.SH,600018.SH,600019.SH,600028.SH,600029.SH,600031.SH,600036.SH,600048.SH,600050.SH,600061.SH,600085.SH,600104.SH,600111.SH,600115.SH,600196.SH,600276.SH,600362.SH,600406.SH,600436.SH,600519.SH,600570.SH,600585.SH,600588.SH,600660.SH,600741.SH,600795.SH,600837.SH,600886.SH,600887.SH,600926.SH,601006.SH,601009.SH,601021.SH,601088.SH,601155.SH,601166.SH,601169.SH,601186.SH,601211.SH,601225.SH,601229.SH,601288.SH,601318.SH,601328.SH,601336.SH,601398.SH,601601.SH,601618.SH,601628.SH,601633.SH,601668.SH,601669.SH,601688.SH,601766.SH,601788.SH,601800.SH,601818.SH,601857.SH,601877.SH,601878.SH,601881.SH,601888.SH,601901.SH,601919.SH,601939.SH,601985.SH,601988.SH,601989.SH,601998.SH,603833.SH,603993.SH
000001.SZ,1.0,0.5438863998594646,0.4139729722377068,0.35982455048609213,0.4407416335793861,0.263905146430695,0.1745088036296173,0.054838396396243994,0.46022905769281097,0.02785540685248454,0.19561736405111754,0.36092160919465816,0.4770768183047285,0.24219295354145787,0.04057314899452031,0.5192854486956743,0.15612073646857869,0.12772320005209994,0.4477752721216793,-0.34517751980165284,0.10552424574972818,0.29243691909799807,-0.22870440479052592,0.3658742622557703,0.6333039018882696,0.03727525598320063,0.09818433230464123,-0.012311902994175053,0.7541042316812314,0.034781413196819454,0.430449357176967,0.580785940676721,0.42898807241438464,0.4715111412923256,0.3757088635964752,0.27465480650282365,0.4251866578304538,0.4140697105073718,0.36036847626603663,0.3686250551658882,0.41270553437003415,0.4112725870491007,0.35619348324423356,-0.005454566188350653,-0.004181499763582099,0.2801208134336588,0.25726534868214995,0.3163388129181099,-0.04672623091773357,0.03373873178652615,0.17950657449799443,-0.020492476133059184,0.6252505618147587,-0.16799373549421262,-0.20074735899220056,-0.03243473370871978,0.09535916286000475,0.6762085332332267,-0.004232208570534107,0.34844381237640265,0.18943952362021732,0.2908102841144538,0.10104017939116165,0.1047291980506891,0.11308727161688077,0.23462850023478724,0.29009452116732803,0.33907361972656536,0.2929935907258972,0.370468812208379,0.01885554778907578,0.5954198738139164,0.5410112098219658,0.8050547011089724,0.14985357975378183,0.8669715377168358,0.7049393196546441,0.8260303398841105,0.4766765791615138,0.5718357240769507,0.022876575426606326,0.33810678607707784,0.20881925645885735,0.3018519412637038,0.48788282096048613,0.4342046720828326,0.30512944550941495,0.37092512369937486,0.0027477915667189624,-0.17604891765474717,0.36776838045145327,0.3434543302588701,0.14163954087912436,0.5173336543574051,0.05673652094518453,0.5242432092339442,0.052707189511690844,0.5236329427873646,0.2746824449005647,0.3209296480239188,0.42413966180905976,0.3856255082610234
000002.SZ,0.5438863998594646,1.0,0.8201381902028366,0.8038134476289124,0.2663289367390819,0.18515082530792573,-0.27662318122064106,-0.09154166416887938,0.39362372922518346,-0.20053661591823888,-0.2741240941642149,-0.11115764622138798,0.7789352244012067,0.28745743221265146,0.11805184741870768,0.25877629247516637,-0.09052563504891444,-0.09071634157334689,-0.15224384648104997,-0.6269193131996976,-0.09993885084088205,0.39142504848658216,-0.30165663648721924,0.5554255021972908,0.3087904205708961,-0.2830172923492293,-0.2899768910065302,-0.3039909222613604,0.7480310088293524,-0.43560236013841336,0.8272142606078452,0.792584869001038,0.7358673777898913,0.8161088674617839,0.6487648881585432,0.4267676088613568,0.643049899649394,0.3140001837043301,0.5982389943794738,0.5460652230542064,0.2245895562387907,0.6239579788078657,0.19695302250058286,-0.2971227816305898,0.07861289829478395,0.18813295177815983,0.06223126935723359,0.31622023986160325,-0.001571046480261647,-0.16447704399623056,-0.35132833722316475,-0.3873362965015186,0.5574960293621299,-0.06584119402612477,-0.06082764787140435,0.2536746805284866,-0.11094092754670652,0.3318764385051041,-0.3494313773214867,0.021677690672822537,0.43517671194086294,0.5571962123710655,0.4059954350038381,-0.1028000787368093,0.2741735549549857,0.5386896689591848,0.6207631774107262,0.7900670990681856,0.6168054369977481,0.07153255733251322,0.2152949157786834,0.8046852324139651,0.7976574624752502,0.7633499597738386,0.572639106862851,0.5837543856728885,0.7588593928281048,0.7247939079144333,0.7216962797611175,0.27469530632102,-0.07196460276401079,0.5611518894307448,0.3526019948673243,-0.064674600311997,0.5629297784325269,0.15490710045172293,0.4466301850822316,0.7810818701831418,0.5450650811928088,-0.26439656052744737,-0.13374396106475803,0.03989596077425705,-0.4605740041928974,0.46045060416718275,-0.027546573335786768,0.8508428697109531,-0.3573898015833061,0.848676114300036,0.3023611212100363,0.7535862145144806,0.3991319065048557,0.3128087464460512
000069.SZ,0.4139729722377068,0.8201381902028366,1.0,0.5792174895118033,-0.06543188602767717,-0.21764302833980273,-0.471037413470391,-0.4175245356017745,-0.009643485660018658,-0.4866504729471927,-0.46202851705611164,-0.32917857781054133,0.5282279969079161,-0.16416985855932156,-0.16332432411776943,-0.13222173255784317,-0.4001200667823972,-0.3189886073290173,-0.12223166119728812,-0.5945288023914093,-0.09742641365982428,0.17574694527309412,-0.39484045326295253,0.2612055545812377,0.14560455525554875,-0.4259381836028826,-0.4584099795731255,-0.5947303081060433,0.5771564144084557,-0.44882097486596345,0.7676573852759773,0.6632532798032634,0.6025440740599426,0.6469316168806002,0.4543055465532892,0.6840053077329636,0.2815610207469405,0.5659416449409661,0.5195607848126097,0.21652898225318704,-0.10246586606323066,0.3196596814432538,-0.124692747824709,-0.5038429500517326,0.32813415884725744,0.03317518684268054,-0.27572109438204584,0.06561951793728964,-0.054855916973187285,-0.459261341705445,-0.4216765276192929,-0.3793584878019544,0.331968287244051,0.28062417096741066,0.2501443778623359,0.35621180412775155,-0.4454941036889821,0.06173157144559748,-0.43858111704169084,-0.22785729944352462,0.6864611979548578,0.6843545427903139,0.7156261886345536,0.01926509482040395,0.4561660958461609,0.7466328300674784,0.8725310283779378,0.8152692517884489,0.7013036088862582,0.24582418045624985,0.5014217806893168,0.6120547263304227,0.7338331851958738,0.6567576883700915,0.7743193502498831,0.41025843126612965,0.6425095501006002,0.5790576215779225,0.5315426758637759,-0.027918364517290944,-0.3672579171665998,0.6960532771886117,0.5124053929914936,0.10996462395368807,0.2078461292863456,-0.1349630759293595,0.6152796535450297,0.7847760467597692,0.5831928014137718,-0.5294388617432605,-0.1783558072091662,-0.08255864186453171,-0.5146713923735512,0.07272815700922322,-0.361949290899247,0.8200173654527346,-0.5404383465191995,0.7595333607361839,-0.11697930498813401,0.810808696033895,0.12800813303097283,0.13407823903508737
000157.SZ,0.35982455048609213,0.8038134476289124,0.5792174895118033,1.0,0.4510142752279959,0.3666491972857205,-0.09659856050422093,0.17315673740799953,0.5058634110665611,-0.016805476991201527,-0.10410167090405498,-0.014293066069563315,0.6096108375004626,0.4385871068916183,0.43036066851930793,0.2659236127729432,0.08713804058866674,0.007010227346586973,-0.3126029799374907,-0.6929752654706972,-0.1933117057634363,0.4474562046752562,-0.03920845995693099,0.4472061192419065,0.39312908786893414,-0.12443725650300395,-0.08628130656536233,-0.09089839534186278,0.7220721915563924,-0.2702367425697796,0.7565262031462395,0.7931092527459311,0.5522137450050909,0.8569702270899701,0.7515813287627743,0.03450424016812625,0.8754928247843122,0.00831947291715683,0.41473757727058996,0.6818516304085124,0.40918798640145154,0.6836702221451064,0.3776028160561237,-0.015994266926645035,-0.2738758663733458,0.48793509150674436,0.2727483359614376,0.5385644871807379,0.21724695531321517,0.03546863087649592,-0.35287282640556655,-0.35233002530453456,0.4954733354535068,-0.020922375917776872,-0.10006201318731446,0.37226821871239757,0.08105632191075328,0.44089406207640996,-0.2913764968084159,0.12036238963860409,0.19414706840898757,0.2911663491382209,0.16634801972598326,-0.40411555009255573,0.047502608114178224,0.2779249609459668,0.3551916849300014,0.7003748390807677,0.5241824606857198,-0.14750399286885804,0.0553725632123824,0.8169053424844434,0.7301401017814232,0.6252689468492095,0.4243633770658081,0.5200050954283162,0.5851704338387421,0.661722326791859,0.8182454446540391,0.34071900758133844,0.2135592789151237,0.3720131773089978,0.2614751449831924,-0.17532068630937206,0.7936959298040177,0.32311901801836457,0.2874833056422113,0.75741885200267,0.6083284335352845,-0.08659428900574868,-0.22173236599552934,0.21235536942505193,-0.5210547422258356,0.5127956730590014,0.11832160242691804,0.6606274213716766,-0.14774033683889123,0.7424437700569527,0.49136610717583434,0.6569038255880458,0.5255325006245023,0.44501510870238264
000166.SZ,0.4407416335793861,0.2663289367390819,-0.06543188602767717,0.4510142752279959,1.0,0.7245241584288561,0.4911691001632217,0.6979353855711317,0.6986628632920825,0.5703125527828087,0.5109890947718205,0.5866205285999294,0.4219212426110439,0.6547838412017023,0.6678188662100344,0.6416469983451648,0.5929472020030383,0.53021582418253,0.04056500922254821,-0.28824725509567545,0.08695063671649032,0.4478424244643567,0.43603975210689955,0.520215227870828,0.7175858419094835,0.36613656406496203,0.5831433163702664,0.5378364770413195,0.5752018037439736,0.25170606496193165,0.3020737266863292,0.5434101475594455,0.1506459048626173,0.30766692292549014,0.5136293508913558,-0.3332507047786834,0.6525286616699767,-0.32372727061355605,0.14603391703148424,0.795250157383407,0.8931568931579199,0.5545371060791946,0.796488825988854,0.5744315546394091,-0.6774021777326443,0.6404381021567683,0.7109088902187065,0.8242038270616711,0.4311007080201694,0.6016523629982592,0.19719773618163494,0.11220958907389535,0.3256621795969839,-0.25992974544435415,-0.46794102798091064,0.1728312166446719,0.6799235049255734,0.8712028317624664,0.20992900225087474,0.6094321532763195,-0.38701165073576055,-0.24046124398550917,-0.37370508345090525,-0.3172415693640503,-0.26777239763323296,-0.4374324673135912,-0.2828376403600028,0.12353850371177477,-0.23869552601134444,-0.19528591115211555,-0.34999058909873,0.6448791899093401,0.2809055979853428,0.3273270206751726,-0.27352890767666294,0.5020594610554167,0.30691485524239304,0.5576980126528402,0.35416782200994024,0.7705072898114865,0.6149668117230681,-0.30944322971592775,-0.3939780995607027,-0.1333541788599647,0.770364568433411,0.8927063470100339,-0.29711786049137834,0.26686790143281125,-0.049422673836634984,0.418280755205688,0.22044689542105766,0.7110214891886129,0.048979936419378985,0.871896379566615,0.6538264997862553,0.06224652635565966,0.44760350168522284,0.17400074177802935,0.8345383493176094,0.03824575313303278,0.5206217726264303,0.691294728100586
000338.SZ,0.263905146430695,0.18515082530792573,-0.21764302833980273,0.3666491972857205,0.7245241584288561,1.0,0.6308728867216126,0.7861110597354005,0.8481791648034193,0.7805676656124584,0.5354519590509254,0.6832763132732805,0.46308085350213196,0.8919444199032189,0.6375779048809854,0.7416480787025738,0.7666316776258443,0.7822308238361275,0.1330081362428479,-0.10705343259003257,0.19242762571690028,0.5409123227276807,0.4075664231710478,0.5538337152560341,0.32537676193626025,0.5194086876568079,0.6447069575188026,0.628563716813477,0.22438891210106085,0.2897701693936819,-0.008531505972475826,0.22191854976246536,0.24427893745877408,0.12655094852407486,0.3210399059491901,-0.48337979485116883,0.6234469596360466,-0.5822063997582612,0.26024282396574566,0.5690095842683014,0.7851557345165122,0.6228929407252642,0.8203352002802676,0.6510447319334025,-0.6509523710632633,0.38308824878061415,0.8220830499901478,0.573304175385739,0.28544236746780827,0.8051401833241435,0.33685975265121115,0.10185537141425971,0.40671327581011313,-0.4170529011907696,-0.6121233397062025,-0.050730436233491355,0.7708558433222826,0.5620184262313227,0.4635772496725619,0.7592227601776039,-0.631264981900773,-0.47884139676870924,-0.6749035480600928,-0.2841740629296899,-0.5035011200231924,-0.541271456879535,-0.5256346323961961,-0.15762847709086233,-0.31215286503063194,-0.4496306636071708,-0.5652414341587639,0.391506711611008,0.009596104035099888,0.0763846676553788,-0.4824779064818705,0.23881668082650076,0.11958404194343876,0.22285197040935686,0.1621453840865913,0.7611944735428798,0.7345034390754276,-0.4282722348409635,-0.43554311765054204,-0.3551446098642707,0.6700620956167418,0.7860761183686514,-0.4365855996517067,-0.07815385300370581,-0.2512564709037799,0.6886521963642248,0.10012538242301534,0.4205984073789974,0.162921334389361,0.8083450519310883,0.7917021218279195,-0.021720824197880434,0.5853727118556044,0.03560995412028503,0.8962347052744118,-0.22390912311953926,0.6181044364561418,0.36316070711602005
000568.SZ,0.1745088036296173,-0.27662318122064106,-0.471037413470391,-0.09659856050422093,0.4911691001632217,0.6308728867216126,1.0,0.6901395386498521,0.4243705095654758,0.6614439515133784,0.8353169622553905,0.8514879447475022,-0.12971875540105646,0.4650630361157597,0.2345690513484059,0.5446488667237589,0.8644375836910783,0.7554329054514092,0.5229640426521827,0.17565095192767446,0.49425912188881593,0.3445568678468449,0.5447849948562121,0.16923143522670572,0.34933513199220023,0.8098609206558157,0.8319999637860099,0.5376465961353457,0.013767282786551788,0.7097792668196862,-0.4023025395434819,-0.15566447218792204,-0.250972394149418,-0.1680206863397982,-0.04359557310063363,-0.4325865350151667,0.15729522440650026,-0.31545339669828937,0.0003655471523865648,0.19579337938531563,0.49906919815663753,0.13280658675615567,0.5630412840504639,0.6200340489108344,-0.46934555153329094,0.21046197371354258,0.6002626081974114,0.2951482658056947,0.3327772106081332,0.7697001559647364,0.8144784082615625,0.6593711334406275,0.2320360894960952,-0.10430595576284181,-0.328176494929648,0.015130521964346963,0.7200357543574829,0.5065759981146704,0.719526210495217,0.7806457664999025,-0.5551865898662572,-0.5523903393455666,-0.6347488548917316,0.0926263989647551,-0.2118723944649111,-0.5228378377198964,-0.6268302655256502,-0.4787249142868988,-0.3920211603657762,-0.03303356975207779,-0.302411728432946,-0.03998268915325791,-0.3187418816120954,-0.11921503414612998,-0.5984776609144749,0.14236706352110248,-0.2210564983870548,0.0368143112482289,-0.1200203588092821,0.5554061561210136,0.6429086562668416,-0.4135506020646553,-0.27492485515381415,0.17179677860184386,0.3261930775129693,0.6599724000000963,-0.2708303049639447,-0.38436359618881993,-0.5415242937667988,0.5642327848586554,0.47049302575982965,0.6415910151693497,0.38719353975629733,0.4028894570431238,0.5426924732358408,-0.4149892354143543,0.7786227917170044,-0.40427334927492264,0.4638527855783192,-0.37131410473342896,0.3420661796777725,0.24510806590504675
000625.SZ,0.054838396396243994,-0.09154166416887938,-0.4175245356017745,0.17315673740799953,0.6979353855711317,0.7861110597354005,0.6901395386498521,1.0,0.6681595576997057,0.8184298584473076,0.6749085882257012,0.6432037382527644,0.17583343928569192,0.7481192882049891,0.6273256374620559,0.6427395613060141,0.7610461247681005,0.7658757632171515,0.038644021501987445,0.06047628107120782,0.23679504879546798,0.44641780422232685,0.6216287978275786,0.4037501118389634,0.27444292715948454,0.6902961928683267,0.7747918576889403,0.8067128288372049,0.058059526807131966,0.39690657631235854,-0.1879928143910203,0.05741367957432322,-0.005581705865818946,-0.01220595319126741,0.1712785704102668,-0.5834117131819534,0.4718509175339958,-0.6430814556453254,0.09166770669040925,0.47910940070372376,0.7462494302223189,0.4531217173355324,0.8361837325501656,0.7259679055503704,-0.7271415556108688,0.36571131809526397,0.7672435330491906,0.5703244576356908,0.4369828932182338,0.8318912884818608,0.42267988322425665,0.30649195041143223,0.2813595520392587,-0.29291474752732277,-0.5562828024004591,-0.07068589240838735,0.7082207722328088,0.5524011167432847,0.426371139380745,0.7767992313900809,-0.6819324091065777,-0.622532863045914,-0.654583648643826,-0.20479072526876332,-0.5887903333045842,-0.6811522590334449,-0.6210636870059041,-0.3143694881963429,-0.45521667365619417,-0.3985818558089716,-0.5665156451802996,0.22001060766902036,-0.1886564607844429,-0.13450279159351472,-0.6242710810485238,0.09716996403986511,-0.09925165443325322,0.03905794058382872,-0.004623312401154593,0.7156005131454437,0.8649790777363284,-0.5252534052364305,-0.5717302594959505,-0.25008926731101605,0.5636266055868185,0.7955171318140296,-0.5196553914749245,-0.20643551727294696,-0.3475150913392806,0.6240033891312637,0.17315023277733466,0.5016391222050091,0.33712840848152736,0.6678242995577741,0.8067390654875134,-0.2861729794288233,0.6113683160905543,-0.21229711885510563,0.7911751749695654,-0.34743833059277024,0.4326106955981037,0.4072738075547657
000725.SZ,0.46022905769281097,0.39362372922518346,-0.009643485660018658,0.5058634110665611,0.6986628632920825,0.8481791648034193,0.4243705095654758,0.6681595576997057,1.0,0.6870926064796938,0.3759540437341207,0.5933318026589981,0.5909135608560974,0.8603664035719379,0.5935018966435424,0.8388647398954779,0.6386477828705291,0.6467121066190552,0.14819272443724432,-0.21633597659321813,0.16335136057769048,0.5748561653761253,0.2049018417388185,0.6651993031511257,0.4120129530763504,0.3649533505771312,0.46332494804604446,0.5472280729648742,0.47447309689966327,0.1469639479865117,0.22512633699659265,0.4216922046379166,0.42583572117430707,0.29724660020560184,0.466022248254303,-0.2478629768939854,0.7236121156079292,-0.3695673685730166,0.3609567769776843,0.6721544641649227,0.7756293225589661,0.7084475634359392,0.8281989056394004,0.4773203740246728,-0.4620183780722685,0.5199966123390006,0.7748901409359864,0.5708773354107309,0.0938813349444061,0.6027928796214441,0.2303464172197175,0.0484956447191884,0.5360612583324773,-0.42134169074601346,-0.5753357727175035,-0.039780038675984807,0.5569850845804116,0.6598940813948346,0.2511654118253274,0.7152545099472832,-0.44347191052599416,-0.1754968496523606,-0.5065273812453478,-0.19605332355282098,-0.40740656269729114,-0.32176079969925353,-0.3074759044695964,0.05853657843430205,-0.16103698143437478,-0.3127607159771965,-0.4562986708911477,0.587791988346912,0.27552179358924656,0.4169063112937092,-0.29818101418428977,0.498615275466383,0.35195248714247135,0.4616336843565927,0.32832243665847854,0.8242001125714465,0.6209952465463672,-0.2297292048313747,-0.3077991269469787,-0.26322069575034485,0.7490256618341409,0.753243293868422,-0.31981977707782006,0.12229005046906345,-0.13378361693840865,0.39525675150767947,0.07779081536278133,0.36636641078396615,0.20140208970550233,0.8518812160403689,0.698943734619173,0.20384212858104403,0.40593632286699166,0.3040970159273855,0.885519833740155,-0.012048129323620815,0.683889854116793,0.4283454901606782
000768.SZ,0.02785540685248454,-0.20053661591823888,-0.4866504729471927,-0.016805476991201527,0.5703125527828087,0.7805676656124584,0.6614439515133784,0.8184298584473076,0.6870926064796938,1.0,0.6586762623273837,0.7043577980938073,0.12257010659690583,0.6957916404157455,0.5544020935829759,0.6826816075472997,0.754858034939008,0.8348334434014144,0.22109173650828137,0.149119909022138,0.3717811068568817,0.48914918381983735,0.5706215348085998,0.3882030549710298,0.15240555513988027,0.6973858980271809,0.7443527538279588,0.7122906278515178,-0.06259261792605818,0.5728941319966235,-0.285459774925974,-0.11895497289593583,-0.04721862468721245,-0.16205508686340095,0.03487673455943713,-0.48201627006063474,0.31013131517285186,-0.5926151245867612,0.08185990889658386,0.3529202464696119,0.6659302381683622,0.4066691184678984,0.7809271558380066,0.7027527024267343,-0.5853965946419906,0.3831446647964836,0.7285546318500716,0.3839802998553041,0.2653020344397674,0.879070015924179,0.45591461737295697,0.36534838162936584,0.21764457744016985,-0.29325006189813557,-0.6232026153871892,-0.04865589383019492,0.7321159390447778,0.4556109414316352,0.5860189176867515,0.7483636484366193,-0.7191038619947444,-0.5260032847838039,-0.732899753563862,-0.0474425007893649,-0.537418311722254,-0.6954495973429338,-0.6934460016887773,-0.45208110743642155,-0.5781717739381633,-0.4221633752273246,-0.5789990712607557,0.10038435351929065,-0.3018031398022164,-0.18020064129432622,-0.7163982619561176,0.019302911217344784,-0.17467610202903053,-0.03627895061644614,-0.14852182988872295,0.6502541686969329,0.7308888663545767,-0.6321961093225094,-0.5794982970736554,-0.23630924872154477,0.3944509138313948,0.7177856486479657,-0.5716447164534295,-0.37667349972172776,-0.4829747602281187,0.6627816642316551,0.1858079637680181,0.4593226016836262,0.4370694519002942,0.6194696694883605,0.845520603414515,-0.37974668705698816,0.7247173492470966,-0.29924528730037697,0.7267789031284492,-0.4748043061235252,0.4308186440994404,0.22846145787860253
000776.SZ,0.19561736405111754,-0.2741240941642149,-0.46202851705611164,-0.10410167090405498,0.5109890947718205,0.5354519590509254,0.8353169622553905,0.6749085882257012,0.3759540437341207,0.6586762623273837,1.0,0.72332384678315,-0.18250874614463528,0.3758606899106414,0.20422104855810155,0.5936883177613824,0.6930057681514733,0.6748888427905037,0.45727069594551506,0.18644932333242015,0.5001326157704806,0.341736222648732,0.49278665982339476,0.1605594505486119,0.409086421702237,0.8741815943575362,0.8580874009989906,0.5618868345352835,0.02849847555877739,0.772269458916253,-0.3388984940425623,-0.15502786093440374,-0.27395979281836136,-0.07609555015702224,-0.07706453494871249,-0.39216434826685637,0.16784313222168304,-0.1791031604969572,0.06174558735376342,0.17764975001699798,0.48220332773856955,0.11817086027967454,0.5219032528790243,0.5333378666116193,-0.41088450269892407,0.18821121434904342,0.44623613944888346,0.19280471827063925,0.3351793234332619,0.7620622571115708,0.7125558045574806,0.6520656488252083,0.2418163724317605,-0.1268384410983139,-0.26577367232892785,-0.011608571711749205,0.6819117408219965,0.5961523371931491,0.6853285431328539,0.7470073168803536,-0.45138030438130494,-0.47814502918516233,-0.5701385519326286,0.2323761638018033,-0.2515306082574098,-0.4405896313825735,-0.58988775112176,-0.42600838122358503,-0.32597176636778596,0.16036832611743743,-0.34296115003238054,-0.02382846980331732,-0.34004437546074934,-0.06842517461556015,-0.5935538850872971,0.24641474494634263,-0.17567698195937884,0.11719412522977644,-0.050615931907344903,0.5730291459469127,0.5681380150284129,-0.3607143609462757,-0.19351117795216896,0.34586263804712125,0.3550415775633106,0.680627579772243,-0.17356796201717328,-0.36919421776573547,-0.5389263119232331,0.5377520402001489,0.6396269811579459,0.7508080187613303,0.438191024334008,0.3862227457809539,0.5473145767535355,-0.4429625372009927,0.7836785737679505,-0.4210645352740974,0.4233556395019666,-0.3584025148537509,0.40426149706193243,0.1390614910647426
000858.SZ,0.36092160919465816,-0.11115764622138798,-0.32917857781054133,-0.014293066069563315,0.5866205285999294,0.6832763132732805,0.8514879447475022,0.6432037382527644,0.5933318026589981,0.7043577980938073,0.72332384678315,1.0,0.08180233520366803,0.5242788300990784,0.26858442467756377,0.6630829269613926,0.8359324451551475,0.7431819285877016,0.5607868923608816,0.055765339917216265,0.4178699323331901,0.3705989113696681,0.437108793099617,0.31504896665720933,0.43063831264206615,0.6453495005074367,0.7277583575312647,0.5165272213670461,0.18367297391752077,0.5947817997182837,-0.22843540019526454,-0.017583018462459448,-0.06508024165124655,-0.07447834610417615,0.13401948255987348,-0.319044679601936,0.28528322933899974,-0.2916909862638168,0.0778566292766227,0.39298662215437474,0.5576196336686766,0.2804656604156716,0.6060417289310845,0.5316083998160281,-0.4367077371398927,0.3531860550194214,0.6731763493185053,0.42009120973957365,0.26630894185248516,0.7219527191701053,0.7339152924026964,0.5678445850719711,0.32775504347969087,-0.18172915934852227,-0.47531275291694414,-0.04115234324557144,0.7057135462256378,0.6118445859629889,0.5832875025043627,0.8015589422010457,-0.5443439670726195,-0.374386364558081,-0.6185190971644525,0.10198182816102402,-0.19229871476112262,-0.5022643097287526,-0.5590955632157412,-0.3675730406835549,-0.3962178207007568,-0.05451931750045138,-0.32294287461188104,0.15375282250280808,-0.13679438761619553,0.08911826662960488,-0.5727231758820662,0.30468749491738484,-0.05121485233024751,0.22623436531966512,-0.018232678575331198,0.6857040038321939,0.585423700605522,-0.42670694216380584,-0.33297044924988434,0.0815983950263212,0.40545769829120365,0.7268837386031123,-0.3115702530314968,-0.30301218822283327,-0.48085419817073466,0.4849785753053319,0.44775100895377234,0.6247274989851718,0.4562736542735218,0.5588611588996202,0.6160865960128001,-0.26275748232500046,0.6767404248122127,-0.22047300545129503,0.5423947813731481,-0.31947306092143735,0.42297631667214786,0.39138010428067393
000876.SZ,0.4770768183047285,0.7789352244012067,0.5282279969079161,0.6096108375004626,0.4219212426110439,0.46308085350213196,-0.12971875540105646,0.17583343928569192,0.5909135608560974,0.12257010659690583,-0.18250874614463528,0.08180233520366803,1.0,0.5622231666023133,0.4181550288562559,0.40787054693263336,0.09309048138066665,0.20660194442770838,-0.19344885706268575,-0.5350626380792585,-0.07953138452174907,0.3974763226381834,-0.16722908911974022,0.83742940092253,0.2610287203496904,-0.1925349382955054,-0.09645744468450501,0.03519257738496482,0.56575537998584,-0.4429774441580616,0.6049000608956007,0.6561351359895438,0.7749013942591664,0.4927559598781633,0.5674164172622451,0.2188825296885646,0.5960590690744547,-0.0772585745585972,0.5268328146269721,0.5489026725120546,0.46646686748324434,0.7599695323035376,0.42132054014418824,0.008699919373188833,-0.17782665564709785,0.24218939840658651,0.36480490247571956,0.44994021162112524,-0.04468043706231068,0.11735270565492036,-0.23508267434309205,-0.4145012152836767,0.47445885251563147,-0.3157441245434283,-0.3073717308460115,0.057409774703233,0.10448771633851323,0.35192475208185253,-0.24935125677186,0.23984611462036157,-0.0038942287014287896,0.22914988442055897,0.034262662911614276,-0.2828480813937814,-0.11639857593998913,0.11865650219924344,0.2730438625021179,0.4742378385068766,0.23348913405424035,-0.23419549368280967,-0.15610271524087488,0.7360139604001451,0.5965494041334508,0.5547464532117893,0.2218203462351196,0.47553355724160595,0.7166246483864338,0.5587041786793302,0.44877854541935464,0.46843940583262533,0.12071782059073942,0.15920937626576034,-0.10921332026290688,-0.4058509692577847,0.5362857589134288,0.36724025713731817,0.010703046427803745,0.5103412911235011,0.3008406665520341,0.046735142479866265,-0.1709324853418934,-0.014005823355441689,-0.18667433106023643,0.6704451755278287,0.33154282447081446,0.6979349101250731,-0.1880039809588467,0.6528588346253639,0.5273054624792498,0.348031977272174,0.467012155256358,0.3163205762853168
000963.SZ,0.24219295354145787,0.28745743221265146,-0.16416985855932156,0.4385871068916183,0.6547838412017023,0.8919444199032189,0.4650630361157597,0.7481192882049891,0.8603664035719379,0.6957916404157455,0.3758606899106414,0.5242788300990784,0.5622231666023133,1.0,0.7059509160021659,0.7676954761254479,0.6854959370773525,0.7037377889763178,-0.03332272520464468,-0.182955655616177,0.0786593304879948,0.5145882792273769,0.3083245696450139,0.6358356424569827,0.2467513067257703,0.3971246358277252,0.4847098630659597,0.6369364131863037,0.25489699039606084,0.06516566918495674,0.04295658211793776,0.2753601678295433,0.3683679365498704,0.18127859582136183,0.3958831281288746,-0.46228028964025086,0.661773567481744,-0.6066567348841828,0.28341534140110336,0.5844664269596213,0.7708806890992524,0.7099068943927733,0.7929262546973647,0.615749344600567,-0.6325233377431051,0.36500263349216855,0.7988210220063583,0.561851181427345,0.13957725164913795,0.684473603640232,0.18801497447538243,-0.016408170038969924,0.4173052144904544,-0.45783754151438494,-0.6198476742359594,-0.07591148166879826,0.6224610722061859,0.5080865185426372,0.2370423068204044,0.6421493641438708,-0.6366739696019785,-0.3991256765428672,-0.6547005016824513,-0.36848236921175154,-0.5681485390422911,-0.5056467153125638,-0.47263872847060767,-0.07775081909475336,-0.28468878200157466,-0.5399457197404439,-0.6256219695399489,0.43614544824280593,0.11397459861305516,0.13355833567507633,-0.40422072292520267,0.2599023717759175,0.22870682351836177,0.2318052575374924,0.2084306462307439,0.7627899629636886,0.679616327173978,-0.3896995196356616,-0.472883181542876,-0.48931446566823444,0.6930113912444321,0.701600536127576,-0.4613871571184937,-0.023389973034509164,-0.15288408843320966,0.5677793055848203,-0.05237994012606112,0.25947453765046213,0.17456073526094684,0.8200097691404514,0.7937772245501536,0.10550759503651441,0.43360264486784933,0.1723594612479192,0.8965534003898812,-0.14061391961360303,0.5570995072180849,0.328129504609559
002007.SZ,0.04057314899452031,0.11805184741870768,-0.16332432411776943,0.43036066851930793,0.6678188662100344,0.6375779048809854,0.2345690513484059,0.6273256374620559,0.5935018966435424,0.5544020935829759,0.20422104855810155,0.26858442467756377,0.4181550288562559,0.7059509160021659,1.0,0.40159371052272513,0.42506921578756546,0.45763753574891525,-0.3129712828761297,-0.30931138585659873,-0.16021336573623549,0.4466108545106999,0.4324449426573476,0.4507372620987235,0.2487819391578638,0.20636949253987621,0.3328169035250834,0.5463219166583168,0.2016062533777071,0.04538694149568309,0.15371085409337426,0.3022688814144053,0.15901611351319658,0.14850745588917266,0.41154658497774194,-0.5239072373113086,0.5925839522805864,-0.6421123737861348,0.08443274954116405,0.5343306891112302,0.7330456570374667,0.559193713017196,0.690344549570142,0.6683175458674794,-0.7976437130928881,0.567467743410983,0.6649425197225415,0.6855162258010975,0.24057900973502622,0.4981915092604981,-0.1380469474860634,-0.18220429798884133,0.18166418876640064,-0.192398217615021,-0.4228346854887033,0.13662542614898562,0.4535308109339457,0.4560243777537658,-0.015270981353305457,0.3124181950598503,-0.5283085178029662,-0.4040614779206115,-0.5035924931576129,-0.5673422012363596,-0.5655867935997071,-0.5485378707354255,-0.37907786355637657,-0.03196599679177104,-0.3355711864179587,-0.6068708048493473,-0.49119920513281606,0.4271232074645326,0.07605403999778132,-0.011414771880670319,-0.3399438807079431,0.1057718609844225,0.12200889496902778,0.1631376001132445,0.21925901322315733,0.528700519250048,0.5647429707023409,-0.41030609414690816,-0.548607042905107,-0.5283779662185143,0.61410651557628,0.5846110154378165,-0.4678807065125213,0.13982116378678458,0.12382052334386277,0.45895868054076566,-0.2346287783760396,0.24781186953888698,-0.0227974884352616,0.6500490392266308,0.6246631550575618,-0.029368293216867156,0.2823233635094413,0.07001115932642142,0.7206583351614597,-0.10751787204130514,0.4032320062542087,0.4403865957155049
002027.SZ,0.5192854486956743,0.25877629247516637,-0.13222173255784317,0.2659236127729432,0.6416469983451648,0.7416480787025738,0.5446488667237589,0.6427395613060141,0.8388647398954779,0.6826816075472997,0.5936883177613824,0.6630829269613926,0.40787054693263336,0.7676954761254479,0.40159371052272513,1.0,0.6585397608909581,0.7129155202267429,0.3453896036884252,0.019365683472647974,0.38040807613022604,0.5334135716016731,0.1992977789553497,0.6020435843514317,0.42756879258326236,0.5421096931289348,0.5898798177157876,0.5876546278907175,0.38317392855865373,0.3047806442601276,0.013800852462196303,0.2376730030582591,0.2855361047820931,0.17485846721221884,0.2520976218391459,-0.2605848748583959,0.5069774831422409,-0.21842045765091264,0.29481204843619385,0.5360881236843273,0.6624342972790069,0.5823569666138191,0.7166787419932579,0.47469922383309626,-0.3649680509465843,0.33822852306518864,0.6805830510871513,0.4056633570793052,0.0014111129984579567,0.6288390642254938,0.4116402276423849,0.24864865377021958,0.5311579624796893,-0.40941117378209907,-0.5284499427795147,-0.11821225326399319,0.5817959984966501,0.7078826649709088,0.38862687484958364,0.7457256377385156,-0.43769945243779507,-0.2410455703682239,-0.5672405237485304,0.029522247218398107,-0.33991664820182277,-0.30434885537945533,-0.38070433505664875,-0.11396529036746204,-0.2133232926439663,-0.09173108450775928,-0.46710282313271057,0.4070976680122025,0.10757599088210945,0.3823095877563439,-0.417815797975273,0.5421317859059508,0.27453646252028574,0.42733579812078465,0.2057396695571244,0.8150136037553845,0.5552498924338434,-0.2580159817661001,-0.28076121947451704,0.010980510198762103,0.6157396070822174,0.7535363601455315,-0.25793882440242744,-0.08153389820232643,-0.35967283973724,0.3857177676194629,0.3102395810553678,0.46881230767362997,0.39492673995702227,0.7785150931726436,0.6621568046053052,0.07024047136798202,0.5702484419073411,0.1267912918363873,0.7431518078118002,-0.1490371882745067,0.5576127132251433,0.2938194971600633
002230.SZ,0.15612073646857869,-0.09052563504891444,-0.4001200667823972,0.08713804058866674,0.5929472020030383,0.7666316776258443,0.8644375836910783,0.7610461247681005,0.6386477828705291,0.754858034939008,0.6930057681514733,0.8359324451551475,0.09309048138066665,0.6854959370773525,0.42506921578756546,0.6585397608909581,1.0,0.8409320460480961,0.3817448711908043,0.09537531978084073,0.43946474205408337,0.4602677571068112,0.5444036356261601,0.3286384510808406,0.2981075336966901,0.761285791457083,0.7682499603540182,0.656909858452247,0.09783375490799424,0.5850881641422844,-0.26575620427353813,-0.032217883812733064,-0.035511321122473946,-0.06961899875556839,0.18050140395725364,-0.49418484296975523,0.360837592293954,-0.5131116447419174,0.10012039339151123,0.4564996197572806,0.6269803454988315,0.3800460519568522,0.7288224690804351,0.6731503143246194,-0.5868639480106018,0.2828626223989716,0.7390564121601909,0.43891816315176796,0.32696227796371413,0.8043463502823237,0.6528113821546124,0.577988390578961,0.31653902568312814,-0.15797529166710866,-0.46974662070921874,0.02029976215026677,0.7744680107293225,0.5262850168991556,0.6545634308397619,0.7872117810265281,-0.681600717109832,-0.5211010637672727,-0.7324978616836116,-0.03561303957753792,-0.3202280798835617,-0.5985246463094094,-0.6360183200645616,-0.38394848334853976,-0.42382081988631165,-0.2764530960631106,-0.4471184556651014,0.13971082968443377,-0.1686616376793856,-0.06314202699528798,-0.5830764143193227,0.14398353240511116,-0.10659182481883617,0.0758517299067371,-0.012568834261241725,0.6779770723460276,0.7296818357542438,-0.47373932694807785,-0.4001844717364904,-0.10106962521315788,0.5144910524207592,0.7305388333557367,-0.3817247054634003,-0.3089550276014023,-0.45974149568404266,0.6022214769716246,0.2813652847462952,0.5683328355405536,0.3577634184052272,0.6178727785195871,0.7513766397469257,-0.28852462256521916,0.7547061123653992,-0.22987274721646958,0.6756269710759005,-0.31048130168607213,0.4457914277440131,0.36357991342501755
002241.SZ,0.12772320005209994,-0.09071634157334689,-0.3189886073290173,0.007010227346586973,0.53021582418253,0.7822308238361275,0.7554329054514092,0.7658757632171515,0.6467121066190552,0.8348334434014144,0.6748888427905037,0.7431819285877016,0.20660194442770838,0.7037377889763178,0.45763753574891525,0.7129155202267429,0.8409320460480961,1.0,0.3616625847222931,0.12609852370246,0.5912257247908504,0.5192495543473048,0.5725681486712296,0.44942427233354293,0.205373716056511,0.7449465751993088,0.8071192292862293,0.6486882166759615,-0.01859938445858825,0.525083680203988,-0.3189486103699054,-0.05274366662647506,0.02941403756454995,-0.14698670666893524,0.0356390881847277,-0.43521966892652714,0.2503984835202763,-0.49693218580186005,0.23579788001037597,0.3466922611830228,0.630538254240251,0.46372786379541614,0.7432674080531215,0.6960324965059955,-0.5398907915354513,0.22709167100250668,0.715539338689679,0.3600673704955599,0.24396000339604773,0.8434424187590929,0.5803190105817517,0.4073140730722735,0.3017206862392489,-0.1435342295987931,-0.42956269581642376,0.05734513712608674,0.7236463842057144,0.44988676588428644,0.6873857147753828,0.8213281340925387,-0.674165779652788,-0.5519248235495761,-0.6898628794315124,-0.016951715852334386,-0.42869626054174614,-0.5769829279381672,-0.5777750052518189,-0.403196938108862,-0.46933183320270233,-0.29843115593482594,-0.46534683042478453,0.1276580222951251,-0.24918648480588926,-0.11522721351761354,-0.5959580220236977,0.0891098150532857,-0.1095750603802403,0.019321638622093056,-0.1416101826495191,0.680424048212133,0.7210358270310543,-0.5143883146298548,-0.4939181268695478,-0.11023920467817801,0.38775492233699044,0.7425555179773665,-0.44638603134732996,-0.34165506860180317,-0.5386911417997952,0.6455909422764847,0.24829796041371502,0.4860373112102527,0.3842208355728503,0.6323486225987578,0.7649861704396251,-0.2658549291891057,0.7433926274276903,-0.24924963913831624,0.6892483671699137,-0.3930725598423814,0.4535343429979253,0.23707757924620113
002304.SZ,0.4477752721216793,-0.15224384648104997,-0.12223166119728812,-0.3126029799374907,0.04056500922254821,0.1330081362428479,0.5229640426521827,0.038644021501987445,0.14819272443724432,0.22109173650828137,0.45727069594551506,0.5607868923608816,-0.19344885706268575,-0.03332272520464468,-0.3129712828761297,0.3453896036884252,0.3817448711908043,0.3616625847222931,1.0,0.3339437771026204,0.5050156472423225,0.1565664638476976,-0.061201716328571056,-0.06993718549743254,0.20876560495730656,0.40630287267034265,0.36386621703517763,0.09201529494500567,0.02960009409841803,0.5871944156554757,-0.3191086573276587,-0.23004310930642982,-0.07263959571284855,-0.11813707959241655,-0.17130373155121856,0.1401180229626593,-0.16719778586851644,0.28483101787018256,0.15257328846052423,-0.13724907603805334,0.05166162750007788,-0.13261023700925276,0.12227824956528559,0.07474961083745639,0.2292931678208577,-0.09691649128822333,0.1475388483324608,-0.18356440587594292,-0.10953809117424396,0.21001384425649136,0.705558615927394,0.5620461715292505,0.39013658020151704,0.014613574399744688,-0.038101265979516956,-0.15030232191825552,0.21653326379087998,0.2667831641007707,0.5142466484594475,0.41672016752631524,-0.12780036985527943,0.031482245488144565,-0.20541456192997623,0.5940328215293434,0.18749006543096272,-0.05567451364216667,-0.16511759351012448,-0.3495823125975723,0.0032739614653684948,0.4325541304750833,0.10812215935149055,-0.1779738170305308,-0.2072977001109287,0.1559339990962529,-0.247732055405715,0.25925139310235024,-0.0006254665197959301,0.13238701035590797,-0.08409606500653077,0.21247865332884264,-0.0010626877650605955,0.08000125518858865,0.15615119259833107,0.5783550986843901,-0.015033687770707002,0.21971041356734392,0.22664606426623612,-0.3487869322256612,-0.5312741742643735,0.0688688292476518,0.5640714262756411,0.3791807575006474,0.4458553994002466,0.07825779769845125,0.06810900150870189,-0.13774478382216476,0.3915965969436896,-0.19421658614051607,-0.029729996912535944,-0.22379467676229128,0.18172065320201344,-0.028827388109553344
