,000001.SZ,000002.SZ,000069.SZ,000157.SZ,000166.SZ,000338.SZ,000568.SZ,000625.SZ,000725.SZ,000768.SZ,000776.SZ,000858.SZ,000876.SZ,000963.SZ,002007.SZ,002027.SZ,002230.SZ,002241.SZ,002304.SZ,002460.SZ,002475.SZ,002555.SZ,002594.SZ,002714.SZ,002736.SZ,300033.SZ,300059.SZ,300122.SZ,600000.SH,600011.SH,600015.SH,600016.SH,600018.SH,600019.SH,600028.SH,600029.SH,600031.SH,600036.SH,600048.SH,600050.SH,600061.SH,600085.SH,600104.SH,600111.SH,600115.SH,600196.SH,600276.SH,600362.SH,600406.SH,600436.SH,600519.SH,600570.SH,600585.SH,600588.SH,600660.SH,600741.SH,600795.SH,600837.SH,600886.SH,600887.SH,600926.SH,601006.SH,601009.SH,601021.SH,601088.SH,601155.SH,601166.SH,601169.SH,601186.SH,601211.SH,601225.SH,601229.SH,601288.SH,601318.SH,601328.SH,601336.SH,601398.SH,601601.SH,601618.SH,601628.SH,601633.SH,601668.SH,601669.SH,601688.SH,601766.SH,601788.SH,601800.SH,601818.SH,601857.SH,601877.SH,601878.SH,601881.SH,601888.SH,601901.SH,601919.SH,601939.SH,601985.SH,601988.SH,601989.SH,601998.SH,603833.SH,603993.SH
000001.SZ,1.0,0.8095593538349982,0.7860317718950375,0.41007934679635544,-0.052747284647989064,0.6182722744324453,0.89811037933241,0.7422776431778438,-0.47273580315690467,-0.08675505697137997,0.5119306608116411,0.8582380135148142,0.5176933474643556,-0.26976356870765866,-0.36448733737417943,0.6955293999514943,-0.1969999693750458,0.7924761523967466,0.8702306219436128,-0.21458465615621755,0.6802877386885083,0.676235090016124,0.5147069347458503,0.5519237052150957,0.10263656284172988,-0.5014338670787296,0.8004814795988686,-0.12221597376541331,0.864132473058595,0.31335178244278233,0.8506617124729319,0.8100140328253551,0.7405949967940089,0.5996637629592443,0.2673708577685896,0.27044392794615507,-0.11664137324786013,0.8840654281080128,0.7489736463733156,0.2673057089063467,0.2199404588072362,-0.5592477781609613,0.6564546464440579,0.6701001327057593,0.2991559183812279,-0.40132631727059526,-0.5298304575398262,-0.2538960875614228,-0.24457607452205332,0.7843506334460012,0.9252920891875821,-0.37587199634177804,0.75298534008835,-0.6066501810765776,0.7726694051562282,0.5447945528851473,-0.54112961774168,0.8166347976268017,0.6063566715654986,0.8008526153002666,0.7723194563093574,0.4550609853634462,0.7571009461904903,0.3211647328147403,0.645810118267599,0.8618952478578294,0.9019718002509798,0.8178375357887103,-0.15743831413641055,0.6415471910866449,0.7401847392469869,0.7396695124732827,0.452422096182769,0.9017107531196241,0.7324597900172917,0.8278788171175139,0.6091088824214396,0.7044415176027049,0.18592374871741368,0.7704924387502765,0.07877394616840198,0.6429518996831497,-0.6382221780373204,0.5101265928328224,-0.2812085862968123,-0.2070897610271691,0.5768983612003921,0.869390365721605,0.2415170151646248,0.10338542461853278,-0.4579112476253618,-0.2516466151645807,0.8574868774368535,0.6944953766187344,-0.26304957631889897,0.7039119867101159,-0.20856545764709966,0.5218239074757137,-0.3703324324731148,0.6012581020020625,0.8433992661980896,0.7433571047914658
000002.SZ,0.8095593538349982,1.0,0.7676792609718611,0.34169439734488866,-0.15892011050792407,0.3905367108114051,0.8552638406732296,0.5986915746993459,-0.44657129057762335,-0.17868069888049876,0.46194840610294713,0.7894807446568782,0.6181905018976523,-0.3786846942744882,-0.3718919234044316,0.7670109532015584,-0.3582919797270307,0.7750993094819321,0.8171853814021549,-0.4025178093138231,0.5945864992994494,0.6485618928835019,0.4384832182586092,0.7062445322172434,-0.04889034624610942,-0.5624899323895393,0.6872686389626276,-0.1779989177562945,0.8049743800932961,0.4152229912426231,0.7800124474766071,0.7144612830395264,0.6651884709444436,0.6757766438288658,0.5344225959042277,0.14509589208848608,-0.15666054498388585,0.7943939920774384,0.9304225853221499,0.30241897944887697,0.2531248631337481,-0.4597657345562349,0.46057748328269676,0.5658459972007884,0.11920464189499475,-0.5015516564681776,-0.6060189708343682,-0.24515411318752123,-0.11858246658287654,0.6387291330331332,0.8745109287578936,-0.43994855911753844,0.8242902335537643,-0.6666466559626493,0.6102906701270759,0.3900765770614579,-0.4977419113481735,0.6491553511551894,0.6436698476073089,0.8181945093956694,0.8224291920860952,0.4513022093481926,0.6767699737880424,0.20329136935259803,0.834788952432613,0.8515550549312868,0.764285286676705,0.7383280282443533,-0.13846592482504347,0.5764669317144062,0.8255070686676677,0.7121597360239159,0.6771528034123672,0.8062536892889757,0.8409862687422502,0.7810264999560212,0.7554391849491617,0.7670795095876451,0.23122615182986125,0.7658036642053974,-0.16517225658916299,0.7907580400113092,-0.5191797524805318,0.3474080572325616,-0.32427688090446666,-0.3568447688318939,0.536060699147953,0.8142613214659932,0.5607482965933435,0.10402924914136824,-0.5638064063467124,-0.17980023121850283,0.7344546755166833,0.6070872278423527,-0.3320513041240399,0.7653953729788383,-0.11793955278297764,0.6823483600433814,-0.4236191610561095,0.659675682275147,0.7866703711737894,0.6500995986634202
000069.SZ,0.7860317718950375,0.7676792609718611,1.0,0.40958931539826726,0.07592672664608688,0.6508487021339048,0.7639718216885522,0.6890211422772321,-0.2922277188087059,-0.07143089692116765,0.5597214133153022,0.8567451565129351,0.4504906508068596,-0.19880033079289572,-0.2437819194236129,0.8269796498844872,-0.22752544445999323,0.8453114054682481,0.7606322022944396,-0.19854798221591816,0.7357871141191371,0.6210502108497908,0.631092658468288,0.5090624542680996,0.24074824356394217,-0.5152260626083592,0.7030276634753229,-0.00939632792646227,0.8583365158879844,0.35732301841022746,0.8191899578020059,0.7995542134155653,0.798412976974836,0.7535473111336639,0.3472061668913315,0.2289781862171373,0.03896033736987747,0.7533994330200954,0.6802244621153388,0.35971682325092075,0.35967028163999276,-0.39814944023423804,0.6339864106886889,0.7037920316424339,0.3848292690830262,-0.29663778023727577,-0.47296723177082334,-0.1292586673408835,-0.0716607902464795,0.7826844351386932,0.7661000852711837,-0.3759251997930342,0.8366531598124185,-0.6304463087725823,0.758752598740953,0.4891922851861024,-0.48162358331341865,0.7467020029260206,0.5571928961820095,0.8526299437478944,0.6745403364407605,0.5322537088686801,0.6543508995528281,0.5845684797980587,0.6362034797033589,0.8076512094595044,0.8349482922009672,0.7907169978191031,-0.022931052646470152,0.7644695451989825,0.6342320063420944,0.7797122908790715,0.43622872925250394,0.803163023890013,0.6987425658506962,0.7625514400464461,0.543449506715021,0.6913544493518478,0.36699404498031507,0.6840520904389552,-0.06944137161788229,0.6352730372882837,-0.4375973414459,0.6004118341592845,-0.16475007104035708,-0.115667263414641,0.6486335726756964,0.8224464642688396,0.3814296321780086,0.29045322315999295,-0.4443822208999025,-0.024953938586116043,0.8495223647932587,0.7544053878572462,-0.07634144502221095,0.6760952701791862,-0.04155390371245047,0.48043672866053094,-0.1416504582756177,0.5929585394845981,0.7975073323302532,0.6042104189382229
000157.SZ,0.41007934679635544,0.34169439734488866,0.40958931539826726,1.0,0.5307080520726467,0.46987254075749235,0.3210736808023337,0.7058042127387409,0.3790058502391533,-0.1560410420018362,0.7580390391205812,0.2954631345197991,0.6118822542761523,0.17165389126134886,0.13306562436552438,0.6015415291118588,-0.09870801334821187,0.45431242116774273,0.3107758681977902,0.05537788340972402,0.4038215775307159,0.11569165103611474,0.5271493522700762,0.5131141689583918,0.43402536546672543,-0.13366689995519868,0.5258815993574345,0.16583708533129374,0.5507355544581727,0.5856629390997915,0.5884700491083804,0.5845303316733362,0.43161990523113114,0.39848548597767103,0.2794921767198911,-0.28826572992641747,0.5617313177020262,0.33116700780793534,0.37997960631214095,0.6649121601062795,0.6812627878518444,-0.01263073048716592,0.6564341625520194,0.5723986116996905,0.08823668077583256,-0.036520667093368625,-0.06545389126179733,0.5892498228436712,0.36841797662092585,0.5427874224351303,0.3550172264251262,-0.14487433954333714,0.59567244627963,-0.3163920335939639,0.612845264292032,0.32021742691316635,0.10448910704267295,0.5566886698168168,0.7471631802896219,0.5063661560557318,0.39013269814769846,0.44832198011132424,0.26608956851520615,0.25663092495088613,0.37240816190595366,0.42026466247493593,0.5103418056756248,0.6211825468744556,0.21022913872733442,0.641769778343534,0.12180523096676349,0.7086514726096088,0.275326462625468,0.6077626997446183,0.39598706257021865,0.6177626879773982,0.4357798931587557,0.6619422047653661,0.6055428144844984,0.6322465606236959,-0.11702848302639836,0.5761799583492452,0.05755885188964396,0.6693487216940769,0.0918549039345904,0.1509184238796787,0.4647599570863134,0.5222762762266572,0.19258323544184955,0.5497384432717193,-0.01721591085374209,0.4763193763985026,0.3072295747172939,0.6785864607833484,0.33735309935382823,0.3009352316889404,0.500981085956902,0.09972308151734965,0.09448125924316912,0.6617742662467014,0.4244184064506911,0.24398889185339057
000166.SZ,-0.052747284647989064,-0.15892011050792407,0.07592672664608688,0.5307080520726467,1.0,0.28523727680754757,-0.15062759723798402,0.23246427578160023,0.6189571990584372,0.16660853992574323,0.5880116533173348,-0.1396832277781763,0.1669251714271183,0.46356589529511055,0.47727006671777444,0.16807981313901577,0.34460966763115514,0.13445907821241812,-0.23061327800647624,0.4500044005174259,0.16821217908964547,-0.2924951433933532,0.4306303385146509,0.13796699824765182,0.8423370711674069,0.33185216570959625,0.23846409860629159,0.4233577808331992,0.11282489924882606,0.4824751337228748,0.20152548391809597,0.10248192252620754,-0.0526838354029078,0.2343059310113119,0.05604059285823459,-0.17387444973545804,0.7438626406629512,-0.12698899021549007,-0.16985790386804564,0.6360029091461161,0.6356204033181637,0.40407274711098373,0.3617192122602482,0.30329486250509347,0.21058042952341935,0.5099603749076106,0.34911026949034735,0.6163467559708528,0.5806326319629004,0.13398289680411807,-0.1293576604220694,0.14355351476457476,0.19057608587763428,0.21680016121388931,0.34395119312810185,0.0847569397159828,0.5430593316494182,0.2904165981247483,0.26901995786020283,0.025938283823265434,-0.06336334859858077,0.22487832825518286,-0.15531985058629355,0.2060501493744951,-0.14536933682506667,-0.08269077953867407,0.022969886483792567,0.16182950613857705,0.6643742161367485,0.5544408513007278,-0.4295824918689726,0.299309016758998,0.07198353771683447,0.0953203794503148,0.031078806772959645,0.19502930168598623,0.09249829551316091,0.226512151485726,0.6800647876741438,-0.06351897615063505,0.05276466848865476,0.1889318065556104,0.49015447145136043,0.7138603666135744,0.6825236661629085,0.634509110083903,0.4404932812049111,0.11964080809959932,-0.07927799107142222,0.6030752150753946,0.6267981010378688,0.7324972401422011,-0.15273214179401073,0.50056091864294,0.5145784496979856,0.05985871249040181,0.6008331586237605,-0.1011862353776105,0.6259051139601178,0.25662612788379197,-0.04140035665855246,-0.2931554972784257
000338.SZ,0.6182722744324453,0.3905367108114051,0.6508487021339048,0.46987254075749235,0.28523727680754757,1.0,0.4829278413714919,0.7797812746004559,0.03633511388824304,0.28094988946387967,0.4921912255100889,0.5913139873535491,0.22241845799140106,0.17229196348833262,0.07108663523315954,0.5014701150357435,0.20195418153719014,0.7702688979028101,0.40328988225772977,0.30411751307399376,0.7656858699826157,0.5587097910700195,0.6598607948913663,0.19045346144883693,0.4432558592132109,-0.11833373971186696,0.5354786508088668,0.2776148668483516,0.575330010845888,0.32284220042634965,0.5342807856217978,0.507285192411583,0.44971342864686603,0.5496755245786586,-0.0246983735858035,0.19852044426760365,0.3089573894692404,0.6508926625601227,0.2990293126352898,0.22723003745681492,0.3501939489546744,-0.1945018427870101,0.8321303904145072,0.8532156529251632,0.4900950371672263,0.07545814637911345,-0.19130081136346308,0.12825647090207523,-0.002273726759924507,0.5271155852790215,0.5059314635455942,-0.1939327133820196,0.5306857501947925,-0.24984724996589583,0.7066509187107752,0.5171317165876097,-0.27180161665250197,0.7136590226116644,0.2894511564119629,0.5012821862412008,0.4452918782161532,0.33489463924463553,0.38828613730450495,0.5956731040851666,0.14571608599511574,0.5052639053744092,0.5519001378038974,0.5036146471366902,0.1198193457318079,0.6550540545413087,0.2966731861633936,0.49077582015516447,0.0834951994753111,0.5458767047243299,0.3111545170955192,0.4725441635010143,0.2508484265770677,0.3789541572004418,0.4255869655682038,0.4569001617373741,0.3458387955899125,0.30784607676324094,-0.2726429954353082,0.5956702142903596,0.14475351417736085,0.19214316366982184,0.5596256596158864,0.5351393458085051,-0.02778386646167196,0.4662464568981039,-0.030791476393030245,-0.017459851744799276,0.6073475675197362,0.6156088309889488,0.2412186074393746,0.39298343445807965,-0.062169767415967116,0.10386482603422842,0.095778756114757,0.3753141775767766,0.41428588795278465,0.5916859694897508
000568.SZ,0.89811037933241,0.8552638406732296,0.7639718216885522,0.3210736808023337,-0.15062759723798402,0.4829278413714919,1.0,0.6804499290514806,-0.5509750525168792,-0.19669567291546433,0.4874623727670963,0.9193791115445072,0.5410043168535671,-0.3595464695478238,-0.43830376305182933,0.7091862253320517,-0.2930957056862377,0.7733052715754708,0.9371846425692482,-0.36202465290939223,0.6048975627645464,0.7045845116926222,0.45661241014997983,0.6472835044225769,0.029063809545617103,-0.5065597576186384,0.7757148641865185,-0.10273825194071516,0.7828510688756758,0.41124475186151294,0.7826184625688879,0.7445143839019172,0.7247848294185221,0.5636464609185273,0.28398699586488746,0.16569197225648188,-0.22237258137723803,0.8401642728739276,0.7376622466726896,0.2218026719281352,0.17962807617682416,-0.5684506129173018,0.5125493841340204,0.6312432932171197,0.1526964571578361,-0.5303135564330496,-0.6347554734943689,-0.2435774774164784,-0.24716029560909183,0.7253851150069591,0.9675817402840612,-0.3862153904724228,0.7588039796773324,-0.6071500941403141,0.6770412013390122,0.4894808490375131,-0.46971976507176283,0.7068289640819531,0.6367622575021983,0.8237672150478906,0.7813443340861301,0.3831600740751868,0.6881305756940891,0.2061051534484201,0.6746194961787699,0.8238165346601791,0.8453153953221615,0.7298503275172016,-0.24191567460049113,0.5495203871249563,0.7181855433633614,0.6861942739096628,0.5619102922992293,0.8534268524550216,0.8216158181630332,0.7965786912858693,0.6343629640905063,0.7061199127274369,0.14533162345695438,0.7370724045435154,0.033538023160000374,0.6306996689211853,-0.6820938934238138,0.39427375977338847,-0.32532033236069874,-0.27145112606434946,0.5073171768530317,0.835706761295934,0.2776718486321319,0.1856082735406124,-0.5491427258977467,-0.2709144701000074,0.8430299941109999,0.6418848207708786,-0.2697926507745921,0.7013360970985257,-0.15183396217786135,0.5881853774697218,-0.4556332333011274,0.5551790219982954,0.8468395789428717,0.7175138153157485
000625.SZ,0.7422776431778438,0.5986915746993459,0.6890211422772321,0.7058042127387409,0.23246427578160023,0.7797812746004559,0.6804499290514806,1.0,-0.04578909869107952,-0.05512939183974656,0.6251624950211631,0.6902888798583934,0.5569260354771993,-0.005284964698168008,-0.14748470535654148,0.6708354296762388,-0.10708453670914848,0.8072347687778897,0.6457348313513221,0.03004725388187938,0.675427393067452,0.5629903248338721,0.7032073639784352,0.538448329192397,0.28543937781301093,-0.364513223572575,0.6994559786982797,0.16740283669274417,0.6827485012954005,0.5499385334681218,0.6821422425280427,0.6655188037029373,0.6026234110652446,0.5946784037398835,0.1265990695796527,-0.04344713271225181,0.1912499835709662,0.6944695367317896,0.5284504248043901,0.3374755803681209,0.37215459621514274,-0.38273592035472687,0.7552671795513102,0.8284705765616422,0.25384872991668794,-0.2455868067007284,-0.3570538153645242,0.21616633897552098,0.022133224947142177,0.648103502737585,0.6716334754255633,-0.39305464838310405,0.6997127092482923,-0.531633253914473,0.7794341254320866,0.494035256816386,-0.28217817060899825,0.6727451103160275,0.6177958704415831,0.7046109833489428,0.6346915497372224,0.4393951652413623,0.483104917628491,0.39993189068865354,0.42016203716312367,0.6314666313325187,0.6832516225544135,0.671368294124219,-0.07508509665094769,0.6334232690530066,0.4084053922687523,0.6837646217704756,0.3461976236965019,0.7147044054623545,0.5737081155849835,0.6559965321471187,0.5178141875815495,0.616791400243542,0.36605198251849447,0.7369803002363966,0.08391925179539628,0.5307074093776127,-0.45182984472658055,0.6028970123407887,-0.07970530294168938,-0.031841320572197844,0.5386829749993499,0.7103321442147386,0.09892342504515357,0.5227823910633561,-0.26538278160095713,0.021043015117081898,0.6656698776626645,0.6901872525552895,0.05641726714067318,0.519906770001699,0.08091349452988643,0.2500248320747367,-0.18663673550761417,0.6669398882045977,0.6139293154366645,0.6665832589713717
000725.SZ,-0.47273580315690467,-0.44657129057762335,-0.2922277188087059,0.3790058502391533,0.6189571990584372,0.03633511388824304,-0.5509750525168792,-0.04578909869107952,1.0,0.18512300041213292,0.29316883424797774,-0.4950654915978245,0.08007326556818496,0.7510416543988354,0.8036852001562548,0.00030973254502463427,0.3933005980444993,-0.18091731156731816,-0.5989177671406671,0.595075603356533,-0.14967502238683408,-0.5013057634393076,0.17294964396962023,-0.04556182572686754,0.548474111083114,0.41293948143926523,-0.16060168020936763,0.6045153589518114,-0.3057890954375317,0.31388038788806033,-0.1761442910504485,-0.31522208220807824,-0.3210546891793264,0.04476477379924055,0.0257577830378156,-0.3285621317217191,0.8250081314282506,-0.46163419478804024,-0.382196854795209,0.3677813131915071,0.5270271138006372,0.7627002785231634,0.19688607473498418,0.006419579069310598,0.12226413339908555,0.6465967588202539,0.7531556522496184,0.6912391619620152,0.635854110088628,-0.15867053130314313,-0.5208208194561464,0.22244628223052856,-0.15743538447552793,0.40523032396298014,-0.04342962948790028,-0.32890625529231915,0.6731727114752603,-0.2434651565972704,-0.037309320247172754,-0.2836646989429585,-0.2753193127095215,0.255431975797246,-0.3718838906468032,0.11606228033056742,-0.29044649837910386,-0.4634002899835754,-0.38503578041225667,-0.2790890702219583,0.536142051141245,0.09352079326912492,-0.5606376080977812,-0.02630120204078638,-0.13539685331812243,-0.3137470284910036,-0.3036655992573859,-0.17973515197472775,-0.08253527606480819,-0.08721574271706194,0.46499088354513346,-0.2711775192460112,-0.11195923139409854,-0.0794375641015052,0.8072311577978075,0.3007976598273959,0.5182891314360764,0.5297110875274657,0.026782647915455666,-0.2518073037557893,0.010513757399892396,0.5541175278972822,0.6604406878506713,0.6994030942164379,-0.47245064100543216,-0.000774549899194821,0.635308217537741,-0.2598232741342209,0.5704714201445632,-0.3644258544833547,0.6739223412264431,0.030655387251103644,-0.4581179969180897,-0.48309964102087855
000768.SZ,-0.08675505697137997,-0.17868069888049876,-0.07143089692116765,-0.1560410420018362,0.16660853992574323,0.28094988946387967,-0.19669567291546433,-0.05512939183974656,0.18512300041213292,1.0,-0.16650308438795672,-0.11786651037490248,-0.5059820210024764,0.24806338165361116,0.36853947169637163,-0.23914583126787015,0.8129206252770299,0.11348685409728654,-0.2676355769907247,0.6475587450711824,0.27259441540640283,0.05725145813107227,0.14335383145464467,-0.47342139565386493,0.28118764841699984,0.4319489867613026,-0.2324989496969175,0.22102514863859923,-0.23236957773460856,-0.20201629640739208,-0.24311921684119966,-0.2824619768766683,-0.3818586655624299,-0.10809841618072931,-0.16587937201074196,0.45284790146068254,0.36026135517307045,-0.05737332565442992,-0.295422904872664,-0.24975293470923607,-0.016907702187611267,0.34678338247726154,0.1642440251979068,0.155227106684492,0.4500403469335841,0.5434197750356203,0.2484148501749989,-0.06222224050153436,0.015868574545489744,-0.24624762638757805,-0.15385060110452595,0.1751626775629612,-0.20561315446213801,0.5532180511711097,0.0209512781934727,0.1226629230061735,0.10408490781575257,-0.05001636964314939,-0.36755695748812345,-0.22142626516260888,-0.34060497122854794,-0.25283111229569993,-0.3715854389963443,0.4032219111584767,-0.4460594388062744,-0.10230907512307647,-0.21405045487673527,-0.3231671222345373,0.2887066257801509,0.022390692068436135,-0.16419460892913534,-0.2704935342149517,-0.369003755518538,-0.2219906851548091,-0.36055768892881684,-0.28612733906126614,-0.2607774914501231,-0.34388021528556223,0.14481694783904223,-0.35247183523115044,0.6659317704720676,-0.3798882318939954,0.2973287985968143,-0.0015472790368807332,0.562326080279924,0.32198909266638237,0.11503225246230174,-0.1725556436832761,-0.27407427861136574,0.018546860922529107,0.48123553448665585,-0.12404790783397389,0.028276476729273647,-0.09630294519598918,0.04679569623182056,-0.045450261769069834,-0.2815138493905805,-0.14918387149638349,0.5446590675220304,-0.42525978174982054,-0.3053105331748924,-0.04332249114041667
000776.SZ,0.5119306608116411,0.46194840610294713,0.5597214133153022,0.7580390391205812,0.5880116533173348,0.4921912255100889,0.4874623727670963,0.6251624950211631,0.29316883424797774,-0.16650308438795672,1.0,0.45119854471247905,0.667393606404081,0.20500305735328692,0.2263340116656026,0.7413300110789308,-0.08081474260483616,0.5917272678485194,0.4030518699217464,0.06616936788888945,0.47835563065925496,0.1644979918038447,0.6257410011026882,0.6679055594069786,0.6500936190935372,-0.12781363280324656,0.8321300715172147,0.2917926007244712,0.6298562302765313,0.7113460228255746,0.7676788389682555,0.6260247639555728,0.5264578403419459,0.6238032028122037,0.4075959553759711,-0.18636222715302922,0.5455824800952436,0.3925839260884126,0.45450186815559634,0.7672053590728356,0.8019517604481655,0.0742154743374683,0.6777086571912947,0.6380581736984582,0.20918219791386386,0.033288924379763475,-0.0593053756934215,0.4541843530518443,0.37003061262606507,0.6595731524784701,0.5031210366047837,-0.13721234570871835,0.6595056792613718,-0.33658795749295006,0.7448227825307642,0.2604518404797595,0.15559740865872848,0.6555317655113714,0.7363671426048404,0.6024802342400001,0.5695056873860254,0.6220375734238811,0.3962590840638229,0.24213395431974108,0.5028588958699943,0.49111980347897927,0.593850936113823,0.6607868273206853,0.3590322428546151,0.824803060532698,0.20676694991246536,0.8188937433515902,0.4831420183798112,0.6789885194809971,0.6443963323515625,0.7969058401385335,0.5864767209116882,0.7842339760421358,0.6954976603033082,0.5192562828190747,-0.1621410713800465,0.6980862300664451,0.026770181140450693,0.84539154131092,0.15593411292052334,0.3091005847216655,0.6513323587624192,0.6830409399875093,0.3268568614204388,0.6433060550685347,0.08106797284894894,0.5009433798940678,0.3965859987908981,0.8250576032134359,0.3392110727651358,0.5166243756011255,0.5372822990925729,0.30938295568918467,0.20648385649651568,0.7079576690491883,0.5786211944071863,0.19672733322809813
000858.SZ,0.8582380135148142,0.7894807446568782,0.8567451565129351,0.2954631345197991,-0.1396832277781763,0.5913139873535491,0.9193791115445072,0.6902888798583934,-0.4950654915978245,-0.11786651037490248,0.45119854471247905,1.0,0.4608564108780877,-0.27499281225023864,-0.40244115501189753,0.7437860941158091,-0.24047108686702057,0.7744137514336228,0.886775814872522,-0.324013449051382,0.6570549382328982,0.7525619466297031,0.44541918981999373,0.5333742386805045,0.05685094388394455,-0.5051872591824292,0.7207578519228689,-0.040516799291180745,0.7918301347256986,0.31031704030266444,0.7708793006880509,0.7498524831155704,0.7779296505073777,0.6045629428524832,0.2707064476125804,0.2535695704432271,-0.17099323571444405,0.871745957803142,0.6843944993796446,0.18556571708371405,0.1740326360236836,-0.5405673045770056,0.5502951895299063,0.7016673324762843,0.24917524289021364,-0.4295182643941505,-0.6005024902830591,-0.21624403778360554,-0.2624013147516138,0.8063254915949928,0.9082796830453673,-0.3840574776335346,0.7367487694989666,-0.6123437028552329,0.7166064015426977,0.45322954228729895,-0.5453346761330634,0.7060791037421629,0.537458148129866,0.7742669922691063,0.7496503667173213,0.39462463945698106,0.7189548981286519,0.4103704217698407,0.6170352506566206,0.7612855400904889,0.845701219757424,0.7277353773319201,-0.21319456820293084,0.5739990622162067,0.68400825010878,0.6897474301251414,0.49495042549172874,0.8155285578280206,0.7573878530989413,0.7474522730276973,0.5799939487014881,0.6478305694153338,0.13483060228876387,0.7138290992811612,0.048738066203676274,0.5814826223655164,-0.6527262386558631,0.4472871410518526,-0.3029811960624594,-0.2696623019337799,0.5204388892168968,0.8143856482663073,0.2897200690568478,0.21758338704032396,-0.5311342997719994,-0.22312453453411596,0.9254877393339856,0.6129166615341223,-0.24332983016142573,0.6916315226847178,-0.21523407116501778,0.5594506716236981,-0.3751120674858534,0.5585547497511204,0.8207279324951319,0.759178711292313
000876.SZ,0.5176933474643556,0.6181905018976523,0.4504906508068596,0.6118822542761523,0.1669251714271183,0.22241845799140106,0.5410043168535671,0.5569260354771993,0.08007326556818496,-0.5059820210024764,0.667393606404081,0.4608564108780877,1.0,0.07122284068856184,-0.04188203703060622,0.735767917052229,-0.43844307231145657,0.4481849475151378,0.5298742345067056,-0.2768436576725392,0.24671046320650483,0.1931817052950856,0.417273080108266,0.9371091488329766,0.1376038683594395,-0.41656632555338424,0.6975267601891718,0.14836557425299915,0.5865119241337738,0.7093830509737797,0.7186567687134181,0.5842070469692678,0.5952171623932568,0.6637861827871664,0.48496395566970313,-0.30854773529304785,0.15040671157978616,0.4513376007521712,0.6398288292131163,0.6199226965794159,0.49140470403700104,-0.1305935752854122,0.4635121415582059,0.459863915630641,-0.002974725629325284,-0.3320637911609345,-0.18911172855399205,0.24268244345920664,0.2680350672471418,0.665806652021078,0.5622056451991514,-0.34268418456926897,0.648981757257854,-0.5801104428555155,0.5487155807997199,0.029289374516972288,-0.0010711425315737728,0.4427646523798807,0.7521920661779586,0.6140542766274519,0.7613848966198195,0.7131953443792098,0.5845905711589025,0.056608157296311155,0.7105014570045763,0.4709863596236837,0.597197590579812,0.6478431255934846,-0.02228953849470614,0.4843532357689775,0.34935780245794074,0.7410781719131462,0.7112152387388556,0.6646906843469034,0.7462982807525035,0.7434669714865435,0.784397826501187,0.8102268840648909,0.3268110660313767,0.6775654301430234,-0.4601718565988832,0.8127515373742119,-0.1891196291384217,0.5204278642069796,-0.2462906941052603,-0.15653833416791801,0.3581759314953614,0.6645902300187457,0.5360120706710282,0.4429965556746389,-0.2931908143627437,0.34475168680487417,0.3436075433493025,0.5285096234559811,0.14023060234902363,0.5211665835522168,0.44433192660949605,0.3281933124076422,-0.23836896626224288,0.7954835912105115,0.5789339966409378,0.264927749784401
000963.SZ,-0.26976356870765866,-0.3786846942744882,-0.19880033079289572,0.17165389126134886,0.46356589529511055,0.17229196348833262,-0.3595464695478238,-0.005284964698168008,0.7510416543988354,0.24806338165361116,0.20500305735328692,-0.27499281225023864,0.07122284068856184,1.0,0.8353029153003325,0.04751063614818516,0.4918193043951335,-0.08295438261539065,-0.4209209723665333,0.6467446971623169,-0.04415451212595067,-0.3187922811072305,0.23670137428350532,-0.04759489443975718,0.5478975300852992,0.4009609874118066,-0.021066163090820527,0.8593615191110363,-0.22844848850385321,0.3664721153308208,-0.09287888347544464,-0.31524577871831144,-0.24832796333773324,0.13609881131905446,-0.1425396023853363,-0.10731518201329797,0.6292239268531121,-0.2815873888174785,-0.3970443940313304,0.2037279193877457,0.42947207811541155,0.6841469858081709,0.2973726898559534,0.18156768229265127,0.32093383960878097,0.732878520725741,0.7921248011419899,0.3733169443584799,0.42557802850120646,0.07094517336878897,-0.32018312862892345,0.2285927656595179,-0.10441567570435296,0.393778527042709,0.14475481956481764,-0.293892263754754,0.5488866091715159,-0.1502006401396205,-0.14835298878049794,-0.21818808632269812,-0.08643668328389605,0.29822955759598035,-0.21668476579786136,0.24487410629633832,-0.2920060339612582,-0.3824429644542202,-0.24460322184231242,-0.28825481664410885,0.4336194768216808,0.05171533722538218,-0.49793750721868996,-0.06842826003131582,-0.14228333478965158,-0.2164284492691707,-0.2130481634995818,-0.1105135292498694,-0.11614641228222423,-0.08192866002353068,0.2641491217597008,-0.22673577168787937,0.016219597777323083,-0.11526391086925913,0.5514571287938775,0.33973800208612426,0.4765392920630979,0.4929191580438124,0.0660861151623551,-0.18698774624995393,-0.1304470083260407,0.5832135236836319,0.6742197977129863,0.483133355955134,-0.31674697774795857,-0.0423546315052028,0.5176681108910485,-0.18979693887400684,0.34030334451751193,-0.35469407320105034,0.5531953915373949,-0.022420218765523376,-0.33681504737252405,-0.3705700508003258
002007.SZ,-0.36448733737417943,-0.3718919234044316,-0.2437819194236129,0.13306562436552438,0.47727006671777444,0.07108663523315954,-0.43830376305182933,-0.14748470535654148,0.8036852001562548,0.36853947169637163,0.2263340116656026,-0.40244115501189753,-0.04188203703060622,0.8353029153003325,1.0,0.005245058576494747,0.5641888252915961,-0.1124073798165537,-0.48563235534774046,0.6914615909175682,-0.09667086398179216,-0.4521148065639206,0.13711265277490456,-0.1042214908533267,0.6191054703867226,0.638336109800245,-0.11420300394131484,0.743799472989747,-0.29840613806115224,0.25851731580752985,-0.1771748429258627,-0.41041880531134933,-0.3806242620100146,0.07635624120645033,0.028481134936923225,-0.055227712628540954,0.7872212874941268,-0.4463201841227198,-0.3842221898560075,0.2577015691734806,0.577080637962071,0.8853845941619687,0.23070777443397147,0.03576256737129245,0.3203728835315678,0.7664505139068233,0.8348136781920044,0.46892073624922664,0.5828936701659676,-0.10954433652724793,-0.43599996539417657,0.44040940788154287,-0.1650316655296154,0.6090283368413151,0.0028967029239692402,-0.19957300642465245,0.6338570023034221,-0.24955845563000956,-0.19243230424013802,-0.26049589106793486,-0.26561344786461594,0.24989593088172604,-0.3815325050675144,0.2245904466871191,-0.2541961511043285,-0.4075109744760872,-0.3964333176228092,-0.3627383666915387,0.5603898846720142,0.08580141743889202,-0.4372878660712775,-0.12011327938708129,-0.19746483474608892,-0.30932744713862925,-0.27455164954573613,-0.1753308831202365,-0.20591587053210417,-0.13363615952232336,0.4701423100431967,-0.3742371277335496,0.15540084613166025,-0.15184572085895034,0.7355433456437134,0.24588637001032956,0.5671341783069712,0.5803965599320319,0.024483285627311984,-0.26978454248846506,-0.0018166072944045542,0.5103385704612942,0.7411662977550022,0.5283668849744892,-0.3899875356054967,0.003921681353317451,0.5369997379519483,-0.29052381334111727,0.3375345887337635,-0.32004069727180623,0.6541659633318619,-0.12565601864347697,-0.4391558459061086,-0.5053922714428148
002027.SZ,0.6955293999514943,0.7670109532015584,0.8269796498844872,0.6015415291118588,0.16807981313901577,0.5014701150357435,0.7091862253320517,0.6708354296762388,0.00030973254502463427,-0.23914583126787015,0.7413300110789308,0.7437860941158091,0.735767917052229,0.04751063614818516,0.005245058576494747,1.0,-0.26895556224883466,0.7779312893388411,0.6888510420015476,-0.15126914214182008,0.5828096574921257,0.40177708865955014,0.6222349312617369,0.7711872227819431,0.3091422676064339,-0.43262393784976166,0.7758185130012322,0.19429283328431535,0.8159174072927106,0.6350843809813017,0.879799747414531,0.741339503908809,0.7358669799642815,0.851557723671586,0.500654969351694,-0.044569599054282365,0.2558255673317127,0.6383942050315868,0.7150361854994621,0.555233566437969,0.6028179328615447,-0.13196267457966834,0.6800441845159342,0.6511258577208902,0.22848436895503024,-0.22195545906164563,-0.23341050071664834,0.12649806759815455,0.21354197367837927,0.8371972927314092,0.7290723606567577,-0.29729007394314155,0.8954887559346593,-0.5580321713513043,0.753852794073803,0.2885030153057291,-0.19055307406818897,0.6437074021166037,0.7535426368519992,0.8674818026360119,0.7744154749423254,0.7233035712972319,0.6503922527390255,0.3857688939300821,0.7798703893243758,0.6635419635947054,0.7613932277828446,0.7602122015949669,0.048702456812612115,0.7233263313925337,0.5427414355702345,0.8948581720323686,0.6100510499660122,0.8142871048961507,0.8178427028695804,0.8576418333827504,0.7175925081749185,0.8634583680116071,0.4909086637612033,0.746683194669092,-0.2844513292402479,0.7994697084967362,-0.21488807812876567,0.6813261397203663,-0.14197048166920664,-0.055628497569305636,0.5759230257914453,0.8253006162206521,0.5484025957310823,0.49004701639386133,-0.3112310699606021,0.23089754923095715,0.6736559023232479,0.76130906353317,0.05090105777285136,0.6576006002578976,0.23001793448243904,0.5103996809181847,-0.11022707133315852,0.7615481521274382,0.735716940636395,0.4476109719457279
002230.SZ,-0.1969999693750458,-0.3582919797270307,-0.22752544445999323,-0.09870801334821187,0.34460966763115514,0.20195418153719014,-0.2930957056862377,-0.10708453670914848,0.3933005980444993,0.8129206252770299,-0.08081474260483616,-0.24047108686702057,-0.43844307231145657,0.4918193043951335,0.5641888252915961,-0.26895556224883466,1.0,-0.01989927177068183,-0.3861193698225638,0.7454402521143165,0.12358503903086722,-0.032866783400221,0.08803267058907864,-0.47670594599998245,0.4923525113091493,0.6650238818756739,-0.20469497488347668,0.46426256768620977,-0.3461725773810543,-0.12763637466127967,-0.2976037929273156,-0.38919435157760635,-0.46485275929427633,-0.1404277470384034,-0.2374505364122066,0.3956231181036807,0.4608225933348657,-0.17615921049492253,-0.48809011636900484,-0.0791894182267226,0.08809823115693843,0.49769856503180115,0.18144103527607225,0.09974519009760785,0.4388940920754289,0.7220901587886828,0.5651812587557895,0.1652166802610349,0.10762289092937131,-0.235127896138935,-0.2569437612033729,0.39707097634830785,-0.28657832036166586,0.6967260866278188,0.01563032488227885,0.09594343145351375,0.3030948386125974,-0.10366665311305191,-0.41060507873343144,-0.32533955911150475,-0.4068467106206088,-0.16627623047957588,-0.4105537000333664,0.2560598305992359,-0.548732199561804,-0.2926021653425838,-0.31884832843711314,-0.4260774004702368,0.45796978530856225,-0.03878428310723942,-0.3533982842989285,-0.3267163084734681,-0.4171407180249602,-0.296770313415956,-0.4443829005999598,-0.30299786769945913,-0.3569944168727904,-0.34364647886464494,0.20288839100086334,-0.45447608241970355,0.6774615776585134,-0.4264181222455254,0.4059049387273321,0.11837674109850203,0.7322548086777404,0.5321437905903704,0.1321581707791559,-0.25741236820612895,-0.369239088539999,0.14363801994642644,0.7083309163336274,0.029677833333817485,-0.13939521752744344,-0.06370644376653968,0.20533705350694165,-0.18181198173355143,-0.0993429638770754,-0.23749908789601903,0.5957102939629882,-0.3757003122812168,-0.40302916236762637,-0.15222634874620655
002241.SZ,0.7924761523967466,0.7750993094819321,0.8453114054682481,0.45431242116774273,0.13445907821241812,0.7702688979028101,0.7733052715754708,0.8072347687778897,-0.18091731156731816,0.11348685409728654,0.5917272678485194,0.7744137514336228,0.4481849475151378,-0.08295438261539065,-0.1124073798165537,0.7779312893388411,-0.01989927177068183,1.0,0.675172900864772,0.011019026534473767,0.8453972341271591,0.6694259478502597,0.7331997200760275,0.5143921013933889,0.31745870548609517,-0.38656746287757865,0.7204200168513853,0.12566864597763144,0.752093718881716,0.4883699077322094,0.7541553110901681,0.6676521406674739,0.620245027793354,0.75852325568144,0.26125895917420666,0.17738841100808375,0.130562764284933,0.7965058003209623,0.6525535539489523,0.34110324611354476,0.37971077755223126,-0.30733779797079425,0.7262954514739516,0.8208048368332767,0.36262403828936,-0.1734731177628752,-0.39308736995851,-0.05250562086872801,-0.01853638431148204,0.635233385188811,0.7783180902796437,-0.3234537773409831,0.8068121171329737,-0.4777816928104399,0.7769827415213245,0.5460997919506473,-0.3653939261108781,0.7310861012317197,0.5536690608370329,0.8455676304935036,0.6909787391747745,0.4584430136992555,0.5435958012530789,0.4730434270714207,0.5477971306378352,0.7546162682884546,0.7108729292622126,0.6668807636620636,-0.0009132568007569989,0.7376289173499555,0.6056027393823705,0.6930520955242763,0.41133795880987933,0.7443043642678142,0.6524786329872864,0.7141897154367288,0.5469309059649836,0.6489473146533097,0.41514434041041115,0.6644416834420245,0.09486666770841873,0.5671508657528299,-0.3966837596094637,0.580879527831082,-0.014420592607851881,0.018865996743951025,0.6517828526985888,0.8008421347937281,0.28637364360011014,0.4121236126855992,-0.2767808838243269,-0.05701018786563202,0.7601580533490919,0.763594601956254,-0.08024201652186093,0.6625453177813786,-0.05576968908347791,0.4448909455610715,-0.10152631089944954,0.5864807308162893,0.6854292994330072,0.6688395709509706
002304.SZ,0.8702306219436128,0.8171853814021549,0.7606322022944396,0.3107758681977902,-0.23061327800647624,0.40328988225772977,0.9371846425692482,0.6457348313513221,-0.5989177671406671,-0.2676355769907247,0.4030518699217464,0.886775814872522,0.5298742345067056,-0.4209209723665333,-0.48563235534774046,0.6888510420015476,-0.3861193698225638,0.675172900864772,1.0,-0.41304357158822763,0.5095917728376964,0.6274989634661778,0.34005246398608563,0.607721899741832,-0.07629605785393011,-0.5201637626968715,0.7063316189201451,-0.18259391057779606,0.7794208394394794,0.29730304629844645,0.7417968134333925,0.7233041504065225,0.7417918005047938,0.5224836649219413,0.2840954027953542,0.18732955670986137,-0.27466168190889223,0.7454277837566993,0.69630561765211,0.15772133836903862,0.13150161180247194,-0.6169213030291333,0.4351004179574296,0.5323541865666884,0.13829840292281156,-0.5952048868451119,-0.6355937736161223,-0.2563891341286757,-0.2639018208886525,0.7424662829384004,0.8996579318894078,-0.3512120996582418,0.7132435841017154,-0.6391233387066341,0.592603902913307,0.48247425832529167,-0.56853507174898,0.6252350520398801,0.5720614079779683,0.7778452417417361,0.7431825090311959,0.33397407547666075,0.682706831785505,0.2140165240022794,0.7042557410613893,0.8167733854771857,0.8532774332465358,0.7455180938003632,-0.3225026547010062,0.4628798422464484,0.7262046557471864,0.6553616511087484,0.47664225355502793,0.8173346639058535,0.772716878339122,0.7358090701436563,0.5598100712708831,0.6786747894072054,0.06566618085512148,0.7561207616894566,-0.011122300501337853,0.5912355032302137,-0.7323389254875425,0.3241558710498442,-0.4289724583652737,-0.36718922326796416,0.40082769600182644,0.7805690849272651,0.286309554536822,0.07809379005543515,-0.6318211044494044,-0.32780831254984083,0.8374933234652908,0.5700125254682386,-0.3140341628522227,0.6051141985062248,-0.2184547185338049,0.5352370306891934,-0.5154917797283244,0.5191986750081418,0.8147252291673744,0.6888899386192358
