,000001.SZ,000002.SZ,000069.SZ,000157.SZ,000166.SZ,000338.SZ,000568.SZ,000625.SZ,000725.SZ,000768.SZ,000776.SZ,000858.SZ,000876.SZ,000963.SZ,002007.SZ,002027.SZ,002230.SZ,002241.SZ,002304.SZ,002460.SZ,002475.SZ,002555.SZ,002594.SZ,002714.SZ,002736.SZ,300033.SZ,300059.SZ,300122.SZ,600000.SH,600011.SH,600015.SH,600016.SH,600018.SH,600019.SH,600028.SH,600029.SH,600031.SH,600036.SH,600048.SH,600050.SH,600061.SH,600085.SH,600104.SH,600111.SH,600115.SH,600196.SH,600276.SH,600362.SH,600406.SH,600436.SH,600519.SH,600570.SH,600585.SH,600588.SH,600660.SH,600741.SH,600795.SH,600837.SH,600886.SH,600887.SH,600926.SH,601006.SH,601009.SH,601021.SH,601088.SH,601155.SH,601166.SH,601169.SH,601186.SH,601211.SH,601225.SH,601229.SH,601288.SH,601318.SH,601328.SH,601336.SH,601398.SH,601601.SH,601618.SH,601628.SH,601633.SH,601668.SH,601669.SH,601688.SH,601766.SH,601788.SH,601800.SH,601818.SH,601857.SH,601877.SH,601878.SH,601881.SH,601888.SH,601901.SH,601919.SH,601939.SH,601985.SH,601988.SH,601989.SH,601998.SH,603833.SH,603993.SH
000001.SZ,1.0,0.12028669604652416,-0.09611996311201004,-0.3092377862417415,0.5683107917178182,-0.4113919844448711,0.13960730501140645,-0.5994544898906887,0.0479247167888028,-0.6632344427025879,0.5382925069613129,-0.4512022801640754,0.7140156163745077,-0.48775012002973767,-0.2931596947713433,0.7477089827954865,-0.601434989180066,0.35838260438555425,0.2332414515872295,-0.31398938166070095,0.6097272506664504,0.6566804292834937,-0.23940711659165834,0.6184106435125704,0.5774211134622639,-0.17268025706483633,0.39637023860532006,-0.3550206069183635,0.5128922665807637,0.7428524624531393,0.30607907774312937,-0.1754420213323639,-0.023321645466037256,0.31662732928658865,0.6498764038218926,0.6434803614917795,-0.4321475342479712,0.09332998727496922,0.787247847609371,0.3079330320509189,0.6831945121794712,-0.5057101100102271,-0.24288676433602718,-0.6058225392485548,0.44163633403836006,-0.5754131163980339,-0.5618844445782257,-0.037785223423928,-0.40929241563432345,-0.30382956476740147,-0.2656952699219803,-0.6457224958411467,-0.17990210631152193,-0.4686162552040993,0.03802555088250157,-0.4978689224319543,0.6417210907408816,0.4380298771465628,0.8009583056363514,-0.14559174396443553,0.3216813938048245,0.6675964896930183,0.33921676069164014,0.3592184515796113,0.6210424940779372,0.6647900089391605,0.15600766687261466,-0.1553820399364377,0.5916817341276907,0.6830119015370677,0.5853816721441304,0.17337047444117934,-0.2352770725110341,0.5968679769111396,-0.05471031222518449,0.1814797972384793,-0.06372256809834094,0.6589244950802222,0.4777049681048527,0.7042362342151841,0.3890319061205787,0.7597289662658886,0.675049083502837,0.4928194088826982,-0.1534430439637707,0.6032616321630886,0.5872676773315294,0.12030774801849752,0.6038973262768584,0.020617390223260257,0.5859913275360512,0.6273349143989069,-0.3548655784712052,0.6763545708977751,0.5719815802420497,-0.12504082014325124,0.7169220890204832,-0.04053909464020385,0.36541398869918723,0.6274071361087034,0.6926917416913319,-0.3915966806165953
000002.SZ,0.12028669604652416,1.0,0.47995413944400706,0.4567435592709268,0.3025882182112566,0.35494486391616215,-0.30515560338186526,0.24875231697996344,0.6133664989164643,0.28158129300088924,0.34792886587743094,0.30255708558786826,0.016443749394042095,-0.11939973210485845,0.20614669670624455,0.20898911561192177,0.21664367985214453,0.51658648391138,0.282198278139672,0.35727571084122567,0.08277045018091231,0.31679243109992794,0.4223729187206946,-0.08343755638916527,0.24633016600141433,0.4396287321849617,0.3930540942333642,0.2201694512863457,0.44328602256179245,-0.048877252247270166,0.07210300190513233,0.4434643954656239,-0.06626392105315726,0.00029814102989481295,-0.22335646699853817,-0.13186599143713698,0.4383218827925637,0.35819318395864325,0.14756132797443738,0.1328118510319234,0.00741817745440385,0.040331160945364125,0.5820476374201576,0.18068806855933514,0.31660821884375134,0.329127897243171,0.1009128949991483,0.1657291089535385,0.4360553644198834,0.3170272673583021,0.26515736300050513,-0.044876776889393157,0.2935184598497626,0.31392565382134113,0.612728783820583,0.4799403013421489,-0.22677693589630463,0.33471264682491375,-0.08375905337970146,0.06119014353595705,-0.48009429133174314,-0.10874162365368567,-0.26881704520449423,0.007258099326805635,-0.22112788621150858,0.48371058319096155,0.4348021915608788,0.3635033182581662,0.24131859102902173,0.1163607618205215,-0.17244749819351177,0.4465705761302026,0.0691856641942792,-0.4189636981115941,0.25576659639224414,-0.006895379889282867,-0.0021665308210176426,-0.015585622117488781,0.19716552034017595,-0.2561802367830007,-0.40838882384401254,0.09849469061908467,-0.07915895075346857,0.24085925759485827,0.1392146587917331,0.34870163443038954,0.1433036433406792,0.4512125526363476,-0.368719862153334,0.6386295165922313,0.274067683178209,0.24843882490794933,-0.15695952780258657,0.0632943966821428,0.035258336397713974,0.3243778861622636,0.13983919588008878,0.18722011596978874,0.4541475299487691,-0.03105160696933773,-0.27342792771926644,0.31442424862312035
000069.SZ,-0.09611996311201004,0.47995413944400706,1.0,0.5210917247010916,-0.13627316126886188,0.5499054777263105,-0.0006529554392081157,0.5015606149835902,0.43155899967352457,0.43538683989987476,-0.09813669850326656,0.657016054876803,-0.2244565522831248,0.40900545659478654,0.5095884117501408,0.0667921313650544,0.6434503806601137,0.16926064762214463,0.25419589225776645,0.318827022225623,-0.21227383583317364,0.02975324324645039,0.42277419872333466,-0.19519861587332352,-0.024475309994268963,0.5057111834828311,0.03989437823617554,0.5534694674153603,0.15158288490475877,-0.38992334182550054,0.07575479915131185,0.6961938691139498,0.18164426792204583,0.007842923050022868,-0.41994111897010605,-0.2946542356037221,0.6203616095710099,0.46182421602997453,-0.31303973042133254,-0.15366711122369767,-0.30916548649194314,0.47766236016072194,0.5022306540785056,0.48979632217853974,-0.03277412058647403,0.5502222032860917,0.5356182524322844,0.3103399862969715,0.28995806580075384,0.5106036769939195,0.49162215947675453,0.4075799048807252,0.44706481655809677,0.600774463896625,0.3687447593578039,0.5171970180333327,-0.44720248690912867,0.17840428211700723,-0.3871678907042791,0.429584695937362,-0.1852383726285803,-0.44968899860545036,-0.005181731344385686,-0.033076248877306154,-0.5113056677993152,-0.07577843098225796,0.4910544093544587,0.6520159156445567,-0.02723407240548356,-0.2158841743094142,-0.4931535830683312,0.40041402621249117,0.4070716693546162,-0.38704161336143456,0.6035411970896134,0.3121293949894144,0.4129708931462184,-0.21128272423509395,-0.1421099191684802,-0.40084638109457765,-0.42846602697877434,-0.2137219046472165,-0.38101823024746473,-0.1311543191126742,0.3071880147548966,-0.11547003525533654,-0.07544459277479028,0.36340749259401955,-0.5382853043370698,0.2927686353569472,-0.16178854699136086,-0.20889731134821324,-0.013781812318625205,-0.28367773711506583,-0.1598419858661693,0.535407092740372,-0.25977275661153165,0.5080890837430826,0.13366756353173487,-0.2694128404043637,-0.30678862486936703,0.5164147675644143
000157.SZ,-0.3092377862417415,0.4567435592709268,0.5210917247010916,1.0,0.20815516057601027,0.7072001119582166,-0.3590967721603258,0.6933751956808317,0.7497679536510176,0.6686742729659558,0.25230297274488833,0.6093836154877023,-0.46577639454934355,0.21804175090138558,0.6669607721026933,-0.03157559058925089,0.6362231600156559,0.445544915003488,0.27017210937676156,0.5170098338392181,-0.07412121568451818,0.0418501344292575,0.4004690524855698,-0.5110800874011137,0.2546948690702234,0.8069041199812762,0.44426547083620344,0.5720544404441273,0.25545017349852567,-0.44030710095760583,0.11645109375924174,0.5414594566728109,0.2813955859783786,0.15791166020402805,-0.5868809181116131,-0.5251546594108897,0.8721573622469022,0.4276263625943169,-0.3902374273918323,0.13449705333499354,-0.3168840963547552,0.4293961512063516,0.6731181667528506,0.7461826867741511,-0.07575654581352319,0.7431314354238202,0.6421947413041914,0.5560270265014797,0.35481548633820875,0.5649302852685321,0.5612215846988101,0.38943251340400337,0.6237068492646973,0.5692075292948209,0.4024560603949467,0.7042608977501614,-0.40919584754012056,0.4580303921183906,-0.527285529067284,0.45937418802248,-0.5867956935597212,-0.4914242437598179,-0.17743080683354454,-0.32554593436453344,-0.5223463839918452,-0.11752718205390254,0.4197343973203713,0.5783206894633918,-0.060887031385313095,-0.009579798289280498,-0.45225710074757974,0.4374909691425401,0.19391121626123217,-0.5487165050691988,0.5491262215426168,-0.013543031405755255,0.07066910818838675,-0.17024396055996657,0.10778364307944309,-0.4752135288641461,-0.6353512433747662,-0.4353410464195526,-0.3992810236533045,0.2703013518729007,0.22870002205935905,0.14659104107091855,-0.04574465351422583,0.4249904249008826,-0.5674474439933602,0.5758857264155878,0.1536203366900181,-0.11704601842020394,0.07715273895639027,-0.15233237806073516,-0.35788866886436527,0.5313648275219952,-0.17586888229998843,0.46264459869982194,0.20753900023365168,-0.5265058394551279,-0.5399921199941686,0.7505102753905865
000166.SZ,0.5683107917178182,0.3025882182112566,-0.13627316126886188,0.20815516057601027,1.0,-0.02473752004221058,-0.20996806651194547,-0.3969839414583922,0.5156515775120011,-0.2573760145201149,0.9528363069139075,-0.2856977522026298,0.3587004571597441,-0.616474666915617,0.04419049497911178,0.5409821767478161,-0.42690857135142485,0.7803258712204052,0.4067499144324409,0.10655492698537049,0.8058094413875905,0.684414406994451,-0.12106388319162809,0.05384376415471018,0.9270134799601819,0.3839408449912803,0.9111428736874617,-0.22634509514398019,0.7857380847750091,0.5430334298483227,0.4809189234731845,-0.11545316535375351,0.2723419018887933,0.5647817354105443,0.46971133608231147,0.44596668324209227,0.011975480509611447,0.15803153601859607,0.595351374685131,0.5780731627522763,0.6911554415042352,-0.37867721240948876,0.21334126580433224,-0.1747149933654746,0.5725782557360805,-0.1840133971332005,-0.3600938952319443,0.43824244910182975,-0.23268585982279646,-0.10897546500097548,-0.07876621663786992,-0.4879362201119925,0.16321185416497216,-0.25851136360423693,0.2343888419315596,-0.16500864456640643,0.47863548254545457,0.8327599447825396,0.4173189511624183,0.06749052447776666,-0.21752485664144947,0.5199179000569466,0.1683292778524951,0.08364601506510876,0.5041749793226201,0.5678975877816175,0.31566341842305456,0.07764635258347746,0.63365581880941,0.905054852229051,0.5580039215973932,0.41416178530052566,-0.4001254798850413,0.2744670963766336,0.12293640153307735,-0.0837895247015301,-0.35072377123269494,0.6764267475331199,0.7778718676122466,0.5119626314145054,0.05530856781732818,0.5200962491865065,0.5489898764210195,0.9554566677692947,-0.0005607295201623211,0.9259795525104387,0.5404188974847571,0.388393215961742,0.42136843033264904,0.3683166444272091,0.9399980295302983,0.7280583225693182,-0.3359083353253504,0.7917716694707985,0.46399893878212733,0.055810020068102865,0.6513019367690097,0.021627635034600922,0.6302318522589964,0.42928569149098367,0.21776938144313843,0.09984333792373241
000338.SZ,-0.4113919844448711,0.35494486391616215,0.5499054777263105,0.7072001119582166,-0.02473752004221058,1.0,0.027392580273630174,0.600237353792145,0.529182485871906,0.6966195089584306,0.041979688624745264,0.7239789491773387,-0.5783967795131197,0.34235972112402036,0.6302921045597553,-0.052435640590639876,0.6393820342265139,0.1385563257211259,0.120028311610895,0.5269157675189847,-0.14883410352878643,-0.112526467076973,0.3343131040013343,-0.6448467124639586,0.07746411052770778,0.7490114378691373,0.15878802847470683,0.6345838323022206,0.20029291526432394,-0.618640652040293,0.30420738722499063,0.5924564450690889,0.4050815305229498,0.22347539751368842,-0.4192791272353091,-0.5560003180837069,0.798429983350625,0.5281763055597901,-0.5635348132492993,0.08258792816661444,-0.25303188111150676,0.5946228718967733,0.631712472426487,0.7427688442742469,-0.0174152309354773,0.6061672102051178,0.6539651172886313,0.5434163135476807,0.3783511397493522,0.7248755302838092,0.6273638139247132,0.6949621280743329,0.7045191008151496,0.5165188012529669,0.34440740177087426,0.5791998097336987,-0.4774997286468039,0.2858965282597348,-0.5966326121498381,0.6808333766068686,-0.27284519127968027,-0.48400380630773393,0.01856979893934573,-0.30198578333268283,-0.5423697206372906,-0.31992880132473517,0.3046666683521369,0.7431015167363336,-0.04272351165572926,-0.09962120327034348,-0.5010934531239274,0.5114534643019693,0.35036943123697556,-0.43743797372825677,0.5873167057154843,0.057932044445506196,0.2484303746486379,-0.12697713802490565,-0.03272965724377111,-0.43070091644238745,-0.6345329842810616,-0.393897457240239,-0.5053025192021232,0.03550907114613089,0.5601896307528966,-0.125858597836179,-0.26881557972297826,0.4594983231875516,-0.5336333875683859,0.28299599415353094,-0.11371277026720074,-0.03200665466619237,0.20288750970934644,-0.410697272822597,-0.23686905216296406,0.7084265508936856,-0.3585347501403087,0.5505626116826077,0.11693729826187461,-0.35099700766759273,-0.4999046154283715,0.6282265787812461
000568.SZ,0.13960730501140645,-0.30515560338186526,-0.0006529554392081157,-0.3590967721603258,-0.20996806651194547,0.027392580273630174,1.0,-0.2494739345749516,-0.5407271496738386,-0.3040463916279304,-0.2007139020023427,0.05030263332569088,0.27422180549266967,0.18773744846329943,-0.15746898368018217,0.31940192301020365,-0.16318179139922437,-0.4707096046661719,-0.01655868145477703,-0.257850312676644,-0.050640139039287484,-0.074341999524277,-0.1575946079476218,0.13855612253661062,-0.09842143610416541,-0.23276184894575638,-0.34106938924013647,0.24848593296136715,0.04864926951267654,-0.021124404224479438,0.027271775397486885,0.10795244556366146,0.2947494351092049,0.011794251250310092,0.3746520195701411,0.2878494853942037,-0.17501007037959038,0.38848165666812484,-0.01686112101034072,-0.2960982146374746,0.23567557231584457,0.03856367933697056,-0.4493653030460576,-0.24397179632465474,0.24842247674401563,-0.2316826462295042,-0.1189104625920016,-0.3049691921836126,-0.13076795342343353,0.24533806850660164,0.29247173073593724,0.23603805637395872,-0.08099947440872651,-0.3173175306236542,0.061487147542630204,-0.4404716424189328,0.18969554493390886,-0.17183435425494806,0.19136009975238652,0.23768223093009033,0.7744921681389735,0.20655079243533406,0.39998861355309256,0.39851520786918376,0.05779695743419123,-0.3205556640561188,-0.28613630704991966,0.14387725846533536,0.2929733642328055,0.023463161151743617,-0.001844825697869613,0.2695509050945931,0.2530761217254564,0.5567877177405086,0.12145434583585264,0.4662442884693527,0.546047550374124,0.3683130195139764,-0.11673935554661306,0.4320331988858019,0.20910023380964435,0.3367038954481467,0.03919858472246714,-0.17841010845454788,0.09503320435540576,-0.2411047692042624,0.19825508215230936,0.19681321609296318,0.2152234825482315,-0.676560692916945,-0.28863746183636096,0.1952186880630471,0.14448418005465238,-0.13060846768626574,0.18547947063033723,0.24602131053680484,-0.2041679303939367,0.3570567723674527,-0.18970065712797127,0.4257127033493664,0.4369190771283231,-0.4030330256240153
000625.SZ,-0.5994544898906887,0.24875231697996344,0.5015606149835902,0.6933751956808317,-0.3969839414583922,0.600237353792145,-0.2494739345749516,1.0,0.3209311943999582,0.8082410300490978,-0.37123520722470676,0.6485259719459998,-0.6313296608352073,0.5462640503966777,0.43543189557072015,-0.40048636224141826,0.8315475623645642,-0.06539963948858661,-0.11086775504124058,0.29301216235729893,-0.548557397971129,-0.4460619452092631,0.5867116015398192,-0.4608120364663924,-0.36227492277537454,0.4608837368717385,-0.15817479340349286,0.5926695948227757,-0.31918804102340753,-0.7539376778049544,-0.2870203635267208,0.5004768450390383,-0.03718740665431535,-0.2626718271784943,-0.8462181716997793,-0.7906863792338737,0.782452973177919,0.23554199571081003,-0.64823724416696,-0.3014938634749332,-0.7682140563113086,0.5473302351620305,0.4516098259730696,0.7049548015083192,-0.4198065945029034,0.7129478020720951,0.7444431022851274,0.13194580337231648,0.5295183110976464,0.5296626959955839,0.49878447861711045,0.5613082762509986,0.3335799739668166,0.63088074974066,0.28796438647948386,0.8336485676078295,-0.7638862513610309,-0.1531883082194436,-0.7654272301533376,0.2721919681950086,-0.40167739099906935,-0.7821353700627721,-0.34029891580673616,-0.2577634206446855,-0.804095669497447,-0.4253321220042701,0.13774248225997154,0.42395381862524345,-0.5183731547403795,-0.5649860702395261,-0.7722011467179298,0.0684619385001264,0.386174945573998,-0.640638391706105,0.32207010462941393,0.09639798836187737,0.24958525050069622,-0.5946232777519174,-0.4403974711778513,-0.7348276917722677,-0.5033903103619817,-0.6791515530877609,-0.7307854386523047,-0.2930840572544453,0.16385136013347532,-0.4352997817402328,-0.3869249454647403,0.10170796714943715,-0.7842346135792965,0.30839797799913526,-0.4156951922602241,-0.6154188075283622,0.33359527234377756,-0.6844308090418455,-0.6511690919115436,0.3531117810049805,-0.59893490386405,0.285990006751742,0.0025148606969381537,-0.7577071589125265,-0.6157123756054963,0.5254510719470172
000725.SZ,0.0479247167888028,0.6133664989164643,0.43155899967352457,0.7497679536510176,0.5156515775120011,0.529182485871906,-0.5407271496738386,0.3209311943999582,1.0,0.4498135125546258,0.523785922343535,0.3983800277370368,-0.29889925603143735,-0.10587693233611428,0.4731989299486808,0.15883907868264244,0.30322224910126666,0.7762470313291364,0.45869850012409796,0.4714000939759971,0.2745236479096695,0.30140275871133143,0.3412289797208708,-0.37439313341409336,0.501276310136617,0.7470701173638776,0.6989508451760883,0.2502124248353232,0.4934357902590952,-0.13233388307492502,0.3291046695030401,0.4295712309916604,0.1849595458844994,0.3210765010038214,-0.27347087842838885,-0.2705055336300716,0.6110845565369212,0.2343558650059732,-0.04530044830431427,0.37563914821305694,0.026345780483878267,0.18696990918231224,0.756326985138794,0.5090818691610697,0.10683435605797716,0.4720764052677644,0.32870254533684123,0.6491157044714806,0.17935735974035358,0.29559932968717567,0.2723614774294267,0.061397645182718015,0.5687638652919428,0.42660716335916615,0.33828335687851735,0.5254149559094251,-0.20672555203693713,0.6580107053827745,-0.2371090192393336,0.32652979409057964,-0.6891965143148737,-0.19539749096638304,-0.18574051820587809,-0.30684718541851097,-0.1722962807080121,0.26159787757887376,0.6420916237064221,0.4378373427814064,0.08222343227686342,0.29833290220583636,-0.11353468535365187,0.3826766120058383,-0.07126928348498597,-0.49791569749946923,0.46049735712170503,-0.21519344073848265,-0.21601563946116933,-0.011702824726040248,0.33257411862262015,-0.30697363789921867,-0.5381625717235846,-0.19022789268710819,-0.1379119630549435,0.505020820852745,0.2210909380695385,0.45545565419017103,0.004174339836099827,0.3777475783200403,-0.31366594264207526,0.7249451960198048,0.4783143048370233,0.15693599197736616,-0.15221431897512577,0.1703261182177007,-0.09848114078690824,0.31586719510807676,0.22420311468651263,0.2008164230251034,0.4177214021236932,-0.2809203582328536,-0.43220683883645195,0.6379509173987404
000768.SZ,-0.6632344427025879,0.28158129300088924,0.43538683989987476,0.6686742729659558,-0.2573760145201149,0.6966195089584306,-0.3040463916279304,0.8082410300490978,0.4498135125546258,1.0,-0.21993218529807057,0.6642824757938995,-0.7481171034583332,0.4798388145704046,0.545068994696495,-0.3622134825993817,0.7621594606916262,-0.00848642481008377,-0.0936808246309629,0.44296737852172563,-0.45377172126449367,-0.40287322887407945,0.40633893802565396,-0.6847318807551616,-0.22357696377874392,0.6065512194133271,-0.036200362701675017,0.5452586322464471,-0.1932421940213674,-0.797755660353373,-0.028835520642671086,0.45744323020450234,0.10483520855114037,-0.0001369163890880635,-0.7130174031199664,-0.7942287764831591,0.834331608598705,0.2731258238546901,-0.6762407115969234,-0.018255995774588616,-0.6299515124065969,0.5842676483727497,0.5502019000065305,0.7957011802626766,-0.28883929699152855,0.819704363655347,0.7341956097910677,0.413369505785205,0.4282388974288656,0.5574854187974653,0.4861596975782199,0.5677555799046706,0.562965818037613,0.6840086748451664,0.20424342746088123,0.7894603319806087,-0.7590403799354407,0.023084968747982052,-0.7976806929717498,0.4513509300991869,-0.5048796791103753,-0.6549928759639337,-0.2709627583364052,-0.40991478435236556,-0.6485287333377667,-0.46470290761156524,0.21502797471103216,0.5320314793126099,-0.405988321039144,-0.4391516697724662,-0.5771201033827426,0.21895266573938188,0.35186349258470445,-0.6411231961512324,0.3919873453203975,-0.03382528937743166,0.10469012172946769,-0.4734901043695235,-0.21776227312370922,-0.6919245781066158,-0.6463490990040255,-0.675765881418607,-0.7565173949056806,-0.1663619972165967,0.378236384290928,-0.3482773540158177,-0.45444191083112045,0.2036857866491808,-0.673571769489782,0.301117942288357,-0.3184521176050519,-0.42248293972194156,0.32641122004030887,-0.5901639736377076,-0.44613460516790826,0.44724433539363656,-0.5933746651738493,0.2760417191461182,-0.021401256635525404,-0.6702206150762446,-0.6403662649081581,0.6258329610302026
000776.SZ,0.5382925069613129,0.34792886587743094,-0.09813669850326656,0.25230297274488833,0.9528363069139075,0.041979688624745264,-0.2007139020023427,-0.37123520722470676,0.523785922343535,-0.21993218529807057,1.0,-0.2781168319291328,0.3523700926249527,-0.5900217654088866,0.08208665236120039,0.577165356673366,-0.38519562199693347,0.7581331451889981,0.34140729638655015,0.17677516548859099,0.7844614314246501,0.7035394309151632,-0.08943698932002864,0.03026975815806925,0.9330251927480169,0.42768992818808854,0.9199765492804951,-0.1894680379084631,0.8203636740323595,0.4880674694049613,0.5028357588541291,-0.06792679882547929,0.2927796797900358,0.601744489223941,0.43746325998366636,0.4078292138662041,0.05141114910557337,0.23663596411703192,0.5879856793701249,0.5966795798249535,0.6754333738513795,-0.3250103581509199,0.21104162753527778,-0.08825927071648897,0.5924959749511415,-0.15961723587748536,-0.2913260992125995,0.48459238236113955,-0.19442233391567698,-0.03757571439414666,-0.008156932997829991,-0.4543438185253948,0.19180502111242825,-0.22291437726942764,0.3159678624441051,-0.12416611001566147,0.4364664965852216,0.8723685012596958,0.3839755151053812,0.14461496253595574,-0.23882092211120956,0.5234684242487433,0.16763431592454026,0.02060889505304414,0.46683167157764754,0.5787345698962794,0.2796512899397581,0.13478627149019576,0.6984437736363133,0.9047168238347312,0.5183622367474114,0.46549666128422523,-0.32226214184917473,0.273121730739542,0.17841671125570224,-0.035151941442127875,-0.26528540696722175,0.7032956476486055,0.7871619808750668,0.4984595158376062,-0.016309214064181437,0.542123129756221,0.51902177492329,0.9142588269743813,0.043938538980566925,0.885854484079121,0.5763277046996268,0.4414328042534634,0.3870083878862312,0.40386512996894036,0.9251793699365113,0.7756471001216437,-0.3464926453583211,0.7446051219103635,0.48459235086860525,0.14409521710275933,0.6371425320516,0.07743505717297916,0.6015448839030584,0.4353637911431279,0.19775975021056194,0.14528337590467919
000858.SZ,-0.4512022801640754,0.30255708558786826,0.657016054876803,0.6093836154877023,-0.2856977522026298,0.7239789491773387,0.05030263332569088,0.6485259719459998,0.3983800277370368,0.6642824757938995,-0.2781168319291328,1.0,-0.5494320166231763,0.5215669384513854,0.6069523223688512,-0.10242359842448852,0.7124496944185735,-0.050093743589155665,0.32458411290672934,0.3293786447869809,-0.4262136769970562,-0.3406151066641631,0.44325586105836906,-0.5360779350391026,-0.17377803931203398,0.5027762485765305,-0.0783823847604662,0.7990753299847567,-0.001713219057637318,-0.6588070224442266,-0.05381707711819994,0.7805714678827016,0.2540059893950025,-0.17152314095700283,-0.5739942046247198,-0.6733218641990925,0.7643070625423171,0.4988902169219988,-0.712912813967967,-0.30044423528713254,-0.5474087213653996,0.6544439139520314,0.6476035233897607,0.6333958472847897,-0.3059522050652638,0.7067433937204631,0.7459948713665412,0.3321078032334999,0.29110540060776796,0.7558876708628004,0.7370879479328615,0.7490638992155935,0.6582857509911282,0.6470790908735067,0.2391161098963069,0.6209224212303986,-0.6023814621713357,0.02620057618490948,-0.6232226950358473,0.5621465135875837,-0.1685159113406517,-0.6684724933321853,-0.2769563012486917,-0.18329667194968188,-0.5964919738320463,-0.4811808456852247,0.5221764913087783,0.6436195595858143,-0.31983826014629774,-0.4194671729088586,-0.5816088015370343,0.32873338430206395,0.4495404623702122,-0.46557074192154496,0.6603068848109238,0.16284326292334503,0.3625385845513926,-0.3560111928042294,-0.30367384983516355,-0.5479803729264572,-0.5074263478675987,-0.5795081777453016,-0.6515642278250774,-0.24006342411115658,0.22168145006567816,-0.37593085273052623,-0.42277326611999877,0.2761539323135254,-0.6102600394615573,0.18705759630503813,-0.3888399284721142,-0.3432026924409244,0.31085487064620504,-0.5134076994858587,-0.4246900341108115,0.5815324216595367,-0.5311930621903739,0.5317028433357195,-0.17478524518791308,-0.5796466753882932,-0.4904108060043873,0.5596520801164911
000876.SZ,0.7140156163745077,0.016443749394042095,-0.2244565522831248,-0.46577639454934355,0.3587004571597441,-0.5783967795131197,0.27422180549266967,-0.6313296608352073,-0.29889925603143735,-0.7481171034583332,0.3523700926249527,-0.5494320166231763,1.0,-0.5186002252106773,-0.4420111975480964,0.4821306427263988,-0.6233249180821242,0.05665994052369527,0.10071232860445173,-0.2618401541007183,0.40152990223056656,0.5284938414222353,-0.21965140683065967,0.8192704190273391,0.35130090281772514,-0.4655280165223188,0.12666248849875392,-0.422201468195059,0.3198867186839538,0.778468379400921,0.0511450171230891,-0.2592904453370532,0.03232048687438474,0.1382080829276033,0.7150362818454076,0.7397451368480138,-0.5320230601499158,-0.020874191301856342,0.7397498337749148,0.05056070104806013,0.614571143254208,-0.5338709378613972,-0.43295245826395323,-0.7259898032725897,0.4555357187982208,-0.6561054386601515,-0.6803126490950456,-0.22929584381516951,-0.2163235380946544,-0.4110681447816269,-0.32520733737725677,-0.5567995893010264,-0.34243050435398353,-0.5408733021098875,0.04704932983676704,-0.5755185865597258,0.72458028021201,0.13587972349160185,0.8487551475373514,-0.2665993315695789,0.44218952976592724,0.7492958913205925,0.25165305330420346,0.5205307030306453,0.6887661294536006,0.5675089904334149,-0.15230929155046627,-0.34297810737274,0.6325446696133822,0.5173779710006337,0.6626006536307784,0.0386748063705347,-0.2855050257897012,0.7040220276620458,-0.2586519552706923,0.2802702345482313,-0.046141317415344475,0.6038824475157026,0.398848616443473,0.7197194475579303,0.5646267674438034,0.8389326875037743,0.7615746495493619,0.25286277037712973,-0.24643767783262316,0.41548718200221657,0.6800018852687534,0.03346778224340457,0.6860818363562885,-0.07367891459010374,0.3752710896692589,0.5092564194440548,-0.41271589666593317,0.5994237599309288,0.5755803384173284,-0.3032204367447759,0.6283584789790768,-0.07747519806342686,0.1921280057204818,0.7120537841309305,0.6991146928254395,-0.4823999734200472
000963.SZ,-0.48775012002973767,-0.11939973210485845,0.40900545659478654,0.21804175090138558,-0.616474666915617,0.34235972112402036,0.18773744846329943,0.5462640503966777,-0.10587693233611428,0.4798388145704046,-0.5900217654088866,0.5215669384513854,-0.5186002252106773,1.0,0.2981924794923806,-0.2721258983665484,0.6512745454466293,-0.4960933116195541,-0.271026387871754,0.0019234593250064154,-0.6485817367886156,-0.49453945478448347,0.18580014084706076,-0.3859059877074658,-0.5488073180838199,0.21851332069635898,-0.5107032739801889,0.6626843429126814,-0.4911131463723409,-0.7170530103575036,-0.15854137544602062,0.3155996464430821,0.06378232096844501,-0.4313044187930731,-0.5898472267188297,-0.5315490687105542,0.380581946074016,0.24176212741210304,-0.6330280326007187,-0.37754115673656297,-0.7059461737592323,0.5567109074690015,0.02598193709678752,0.49151655273415257,-0.44018354103204066,0.49538370656970293,0.5363061085873498,-0.03428324308636594,0.1147383820574344,0.4665903559893431,0.3933544336939694,0.6240663057368173,0.20637986917090903,0.4101256328438689,-0.03503318652458486,0.34616703818533406,-0.604748536225605,-0.4087292622117273,-0.598740075139979,0.28729750894600287,0.060447827497968766,-0.666607777214362,-0.06836673645171777,-0.2555380148595016,-0.7146055665641903,-0.6947240827306028,-0.08358217279870306,0.3779686917697022,-0.44865513459494566,-0.6247659400228257,-0.723226290807219,0.0024265839185104252,0.5605743855705388,-0.30217549657658116,0.2668009974589889,0.16675857680355544,0.5193373452383693,-0.49163621847075717,-0.5095751552091282,-0.47619632615731905,-0.3591969918962949,-0.556270334116347,-0.720003715767584,-0.5328850087400621,0.23069854563786807,-0.6445019721248986,-0.4417893936726271,-0.06420743361357883,-0.5860577651590045,-0.284340752319101,-0.6683638600573807,-0.5487082736585723,0.5702101427157095,-0.7236407822125583,-0.415406961323635,0.33758616863342034,-0.7413884495501094,0.35505548722991503,-0.38822930555278895,-0.5354646171032595,-0.2896511413633331,0.31307981739993196
002007.SZ,-0.2931596947713433,0.20614669670624455,0.5095884117501408,0.6669607721026933,0.04419049497911178,0.6302921045597553,-0.15746898368018217,0.43543189557072015,0.4731989299486808,0.545068994696495,0.08208665236120039,0.6069523223688512,-0.4420111975480964,0.2981924794923806,1.0,0.003709140148570467,0.5982481302901171,0.14518436366370807,0.20201695412652587,0.5117461895447961,-0.13055895853254249,0.1338218683406452,0.0867059296275244,-0.44551640435476175,0.16283347985677257,0.6852091473935286,0.2019077331426851,0.5482485666528255,0.16680875288926764,-0.4112018923447278,0.205263125802481,0.4538913303620431,0.38895763041251824,0.2334828494373542,-0.37350404413219934,-0.43719415962771047,0.6417818904036127,0.4254642869680884,-0.4605824745378939,0.14385876997973232,-0.3113652790280382,0.6009572897936359,0.5092311643128304,0.6893546589952307,-0.17208289914784783,0.6330325604640853,0.7105707832650415,0.6311352279286225,0.07871137691413288,0.5732513810408352,0.4991938889796834,0.5005757770534617,0.6811706191728145,0.7343532510752077,0.11623135782837409,0.42343152288335006,-0.24249260225724287,0.3888390308870462,-0.3869415613671936,0.5928923333190399,-0.2962785660798442,-0.41335862853446276,0.07401353068419636,-0.41007568149852475,-0.39307345006109656,-0.2555095729957241,0.3780941111829919,0.5943455843505223,-0.012112522151932885,-0.019070170833239388,-0.3065417345603983,0.35998710517326266,0.33512486922975104,-0.36618840203194886,0.6515580419169428,0.031221005962497623,0.23872508032527695,-0.11786833233094886,0.09179946974762478,-0.37651060682065646,-0.3400358081356041,-0.40226901008227506,-0.33596709772343086,0.09303698844093462,0.31200066551292055,-0.042796943306075835,-0.1530900537037338,0.34676288058012744,-0.36092777844902746,0.36404900369338233,0.028465022762733022,-0.016751387707576327,0.20292219299282807,-0.11486455848347421,-0.12658305862766656,0.6186956649089783,-0.2754658791795456,0.45991144925092886,-0.09658171578980017,-0.4073744186679731,-0.3199202149485078,0.6374987950800939
002027.SZ,0.7477089827954865,0.20898911561192177,0.0667921313650544,-0.03157559058925089,0.5409821767478161,-0.052435640590639876,0.31940192301020365,-0.40048636224141826,0.15883907868264244,-0.3622134825993817,0.577165356673366,-0.10242359842448852,0.4821306427263988,-0.2721258983665484,0.003709140148570467,1.0,-0.37714153764831587,0.33793000095079556,0.26569885564373985,-0.15168013677450276,0.5448954466261337,0.5711283610774217,-0.10912696285296014,0.23854474235904075,0.6324122679965903,0.16217707244881308,0.4650690929641537,0.09460945919947601,0.6788216803825575,0.4158371530180274,0.4162939814703517,0.15797831925182218,0.28039700436958254,0.4390963699140717,0.4858469018775849,0.4364680931311971,-0.10098619247505823,0.5692857783847856,0.5496106995460267,0.3047468561599846,0.5476565972809118,-0.14195122691807213,-0.08101517672835844,-0.255036466338497,0.5283259172671797,-0.20402507791177715,-0.17570641159401035,0.1273954851281269,-0.31462269806053156,0.18967754872516193,0.22173088123115478,-0.300364389663532,0.1327190995314945,-0.294559851816822,0.2788520811219232,-0.30395664570541076,0.3635877998475698,0.5837594484056297,0.5187604342396123,0.2775652937055819,0.28705730279807434,0.5250964144173288,0.3694171754742646,0.29561556329509436,0.37016442535110655,0.4368112896289302,0.23483114253980952,0.24611249567295476,0.6763692309557666,0.6413676374379386,0.35813994262367427,0.5356729882186971,0.1063538671514354,0.5189147992602698,0.3557872902790167,0.3006021545651292,0.3132869152889159,0.7351904767208928,0.4876007511735427,0.5942946914309927,0.1057457160160627,0.6439366876814056,0.3690125390646881,0.5328279529276253,-0.0051377461507193896,0.5228738554919462,0.5523247390138267,0.4675322584625346,0.3900998646693327,0.009222140605521003,0.49885140381579807,0.7014822231086794,-0.06560874259440258,0.4669697075672921,0.5105637356236677,0.33974973093932603,0.4372849790919581,0.35430257635635626,0.35329184063606883,0.5322120967885523,0.5485017374715097,-0.16490716404134367
002230.SZ,-0.601434989180066,0.21664367985214453,0.6434503806601137,0.6362231600156559,-0.42690857135142485,0.6393820342265139,-0.16318179139922437,0.8315475623645642,0.30322224910126666,0.7621594606916262,-0.38519562199693347,0.7124496944185735,-0.6233249180821242,0.6512745454466293,0.5982481302901171,-0.37714153764831587,1.0,-0.11590868410664777,-0.0876751389997781,0.2978246687104002,-0.5763874005068522,-0.41184994696444943,0.3890932218739549,-0.4990087361616391,-0.32353848556081694,0.5198874813904021,-0.2166025887053059,0.6261390468873956,-0.29284991486274925,-0.7862146172966019,-0.16471605465221498,0.49722146668448614,0.027855592758200792,-0.25716639046172945,-0.7962097158619095,-0.741538243974235,0.7874405818328167,0.2679150607274559,-0.7272620059074617,-0.3065063358348537,-0.7366905322410017,0.5914892716936466,0.4179193642581607,0.8050375820351429,-0.43106141656731783,0.7397059728881089,0.7243021967873625,0.2604089001906798,0.4143968776573164,0.5546374947143714,0.49159652679988713,0.6818301649554529,0.4203836179975268,0.7078661886331067,0.14288465991892302,0.7335587776882111,-0.7251029703722781,-0.10860450573205828,-0.7748631645281424,0.35710850388052345,-0.34769523343211023,-0.7933670764802166,-0.2665873127545642,-0.38486152545983865,-0.7951013776781282,-0.48386215406456956,0.18401587452833099,0.5498285321512724,-0.4647595955212333,-0.5575613826283402,-0.7568860345476555,0.11639542786693662,0.4402903104329993,-0.5691698104236023,0.40643442927151163,0.14817901810716422,0.33062776175620356,-0.5527034043513014,-0.39690903047734855,-0.6607467669027824,-0.5751951572160237,-0.7160677126421008,-0.7627168305918413,-0.3455864126754405,0.26118838882801265,-0.41603064162464615,-0.4992542447844082,0.18438194979561198,-0.7136826043487993,0.22608916903445245,-0.4392616296229314,-0.562883843833708,0.31384412970018766,-0.5822838466845343,-0.5489071180380206,0.45640084683568144,-0.6701603756972624,0.3974518980235922,-0.18469739187071535,-0.7228262170588943,-0.5781373293650122,0.6444647920630292
002241.SZ,0.35838260438555425,0.51658648391138,0.16926064762214463,0.445544915003488,0.7803258712204052,0.1385563257211259,-0.4707096046661719,-0.06539963948858661,0.7762470313291364,-0.00848642481008377,0.7581331451889981,-0.050093743589155665,0.05665994052369527,-0.4960933116195541,0.14518436366370807,0.33793000095079556,-0.11590868410664777,1.0,0.5268674199111935,0.2412515504630003,0.6756662454566449,0.5132069363829564,0.20125997306155383,-0.051838242027181645,0.7213796458100311,0.48924641961065946,0.8845571474121362,-0.1494948284661625,0.64575447454955,0.31992352693139053,0.2741205779718281,0.15164583268647702,0.047385017481866194,0.3685977638435421,0.06113052352998224,0.1969405519797742,0.2267232366647055,0.06282997911181194,0.3676789013014443,0.4400128450306486,0.41549578797555253,-0.22551955743597743,0.519210370366642,0.08944924649235875,0.3486855927641774,0.13412239329736522,-0.10832310763841198,0.45171243070118977,0.016680271389094916,-0.0495646579999958,-0.012740527630734431,-0.38744823753491026,0.18044929574197877,0.04776831919512221,0.33183551660775923,0.18946680563800797,0.13292172249065518,0.7459325156404045,0.10430514990663405,0.0022542289565992087,-0.5419952308364153,0.1470590623781185,-0.08763767098303558,0.04267765522347295,0.17853886911475805,0.5738664411978308,0.5379709117558282,0.10019211354402607,0.2955296066152144,0.5987210946691216,0.2113353918928421,0.3022454323294899,-0.32328023901206915,-0.1957819817253791,0.2004276784886426,-0.18418611297894857,-0.38133590876418455,0.23564758262594246,0.539280733637658,0.056549344658283394,-0.21120086370653635,0.17657425030102034,0.29932748059905473,0.7219430613302259,-0.031138683177234183,0.7951649855710823,0.3059167333673149,0.27998710460117715,0.01134379718604304,0.6424756808698079,0.8052883311808333,0.381060970370625,-0.35006819795095917,0.5774384847580627,0.05562137584219063,0.01728339359060458,0.541552170121744,-0.0428358452688804,0.6569482352404917,0.08655309938829485,-0.16230187933960918,0.309161911129463
002304.SZ,0.2332414515872295,0.282198278139672,0.25419589225776645,0.27017210937676156,0.4067499144324409,0.120028311610895,-0.01655868145477703,-0.11086775504124058,0.45869850012409796,-0.0936808246309629,0.34140729638655015,0.32458411290672934,0.10071232860445173,-0.271026387871754,0.20201695412652587,0.26569885564373985,-0.0876751389997781,0.5268674199111935,1.0,0.18716453530809962,0.3311232099550671,0.31468268725396054,0.18375667720125932,0.05548144430366434,0.4064752402631892,0.1594496077601624,0.4684047434623453,0.07637876735183578,0.572464087334502,0.2208058238581054,0.12498179661118745,0.38255627995331754,0.2523431069829258,0.1868269229498293,0.10143201172616784,0.12396750649517929,0.14294467193254187,0.12999585589651272,0.077681558380596,0.11638256456479257,0.23327705966925236,0.02239152951751766,0.5047169760210858,0.0228645009513266,0.12001602709390898,0.11867593217732482,0.005866106180754217,0.3337547829270624,-0.17999809959266588,0.1553574014176778,0.2525494567513903,-0.0442135419876227,0.3360105024547877,0.12605838217136336,0.13476759763671955,0.10054394200630257,0.16921816931373881,0.3521795948337163,0.13328306512974206,0.12290398765081313,-0.17581014839229228,0.03865099887627033,-0.13677480588456442,0.17802111936760376,0.20765205055877378,0.1950043689586841,0.7862631609254892,0.10980643954203595,0.169658419505623,0.2699099106608125,0.21348668771389612,0.17271000344198773,-0.1808146366882716,-0.0637720196820562,0.3948945944723952,-0.10298805460807631,-0.165265402852781,0.12002108656415394,0.31460807228296117,0.0379592684349994,-0.015411407533440344,0.06133616576445113,0.20279980122271216,0.35361295782253005,-0.24118735851782055,0.3490085011891099,0.1634122650053898,0.17368011362118718,0.05169950417260341,0.2777688887997178,0.31301420777979594,0.1960064379658529,-0.1027942270484669,0.34989838461880923,-0.02303751658587208,0.020162615319393784,0.34417217366049985,0.07779097143531111,0.14141939558092073,-0.020343307765948188,0.006935535311124771,0.2912871340698019
