,000001.SZ,000002.SZ,000069.SZ,000157.SZ,000166.SZ,000338.SZ,000568.SZ,000625.SZ,000725.SZ,000768.SZ,000776.SZ,000858.SZ,000876.SZ,000963.SZ,002007.SZ,002027.SZ,002230.SZ,002241.SZ,002304.SZ,002460.SZ,002475.SZ,002555.SZ,002594.SZ,002714.SZ,002736.SZ,300033.SZ,300059.SZ,300122.SZ,600000.SH,600011.SH,600015.SH,600016.SH,600018.SH,600019.SH,600028.SH,600029.SH,600031.SH,600036.SH,600048.SH,600050.SH,600061.SH,600085.SH,600104.SH,600111.SH,600115.SH,600196.SH,600276.SH,600362.SH,600406.SH,600436.SH,600519.SH,600570.SH,600585.SH,600588.SH,600660.SH,600741.SH,600795.SH,600837.SH,600886.SH,600887.SH,600926.SH,601006.SH,601009.SH,601021.SH,601088.SH,601155.SH,601166.SH,601169.SH,601186.SH,601211.SH,601225.SH,601229.SH,601288.SH,601318.SH,601328.SH,601336.SH,601398.SH,601601.SH,601618.SH,601628.SH,601633.SH,601668.SH,601669.SH,601688.SH,601766.SH,601788.SH,601800.SH,601818.SH,601857.SH,601877.SH,601878.SH,601881.SH,601888.SH,601901.SH,601919.SH,601939.SH,601985.SH,601988.SH,601989.SH,601998.SH,603833.SH,603993.SH
000001.SZ,1.0,0.7020394132816333,0.8416359058040149,-0.6013764187339207,0.39565374425141003,-0.6932614452715908,-0.28508572751461264,-0.761167486777694,-0.4210935020665297,-0.370364988298169,0.606173315814691,-0.048091357395055816,-0.06664644519529093,-0.6388097742426954,-0.24049517763929862,-0.3360326700286053,-0.43657665180347655,0.42714904619337085,0.11380392821974923,0.5913827039093034,-0.7856824192143427,-0.36182671725400134,-0.18368690314530814,-0.6106012778340533,0.6926356314105436,-0.37355887795162085,0.26788083860353007,0.6883121718552925,0.7107794733585183,0.33937063896826664,0.755555147339814,0.7466036731032729,0.6759227437806942,0.8568164716848585,0.7207289347827209,-0.41671600323378516,-0.49573029374171784,0.45549393718071807,0.5668607787629593,0.6609770548558244,0.7936641687435667,0.38768439439560604,-0.553555403593356,-0.028558794150405492,-0.2854500310795115,-0.4656635495833301,-0.31572791582413523,0.2940353560412605,0.5901669884356354,0.38072635384261727,-0.3747855776415155,-0.5756579811903542,0.7324082530652539,-0.43124694204007513,-0.7016894164348112,-0.526582440038667,0.1870215630297204,0.7548785607174197,-0.20865619185398576,0.8196954810820637,0.5124490548254651,0.620307067690832,0.6838739925750438,-0.6272777513945628,-0.48350277216223564,0.2721643457053598,0.8079585274526044,0.7918658388063003,0.702006818505315,0.6058984612835204,-0.2396340890004228,0.5937600059597599,0.5410050770201236,0.8621882135557574,0.7633292932353591,0.5657070453754645,0.7527353836088667,0.7999901767310308,0.471477678756016,0.771362223813293,-0.6078311085301323,0.7132183477086823,0.19108266929108528,0.09294755449347884,0.5138423126160772,0.01620556236990354,-0.17820345825396558,0.8326364718944096,0.638625053421552,-0.6394568315201468,0.4756386012949863,0.17809008193776274,0.09871166838309864,0.574509007523497,0.30487735351700723,0.8255027587031747,-0.3687114939344522,0.7193600733182531,-0.5941740969096921,0.8638218610375329,0.4146638051461509,0.2842496528364204
000002.SZ,0.7020394132816333,1.0,0.7059881622320554,-0.32078265794398725,0.11673237139211314,-0.33263637126165796,0.03674479425023034,-0.48180273697532777,-0.24349342246649872,-0.49170848801336625,0.5569760552620568,0.2276319915312536,0.27075426586297363,-0.31745434134027756,-0.20142346885471551,-0.007771247336058246,-0.3333911011997557,0.12879805767843264,0.31189041028534126,0.5561122756272017,-0.5815440973646065,-0.20609068722183946,0.05106748919928511,-0.3951386143716056,0.5967854851649976,-0.38519457880977365,0.29415710383857135,0.4719553916431806,0.7260271213858828,-0.05523989189752885,0.6878018932019808,0.627789126933366,0.7496348794360177,0.67031465194636,0.6637216378949702,-0.18376894090009563,-0.12556563144092733,0.7011158760094051,0.7898799786900309,0.5896184277852635,0.642001884142929,0.17425851606942647,-0.19246863791898186,0.009380404045504118,0.045702663210367006,-0.4676843138924351,-0.3285257121906916,0.6087336067467529,0.519524586944094,0.17385189804846146,-0.05161649800649822,-0.6224676704476529,0.7448767183531024,-0.3731953080030765,-0.37155490999159585,-0.21526958115809589,-0.18052967649373788,0.6062334470807583,-0.26978871696397505,0.5246935681961142,0.7469826896401973,0.678100185013006,0.6590646959187233,-0.3445053280892665,-0.021437372373379757,0.7082185387820554,0.7525110383987542,0.6935693142082487,0.6504835525819183,0.512314654273362,0.19765519396997636,0.4258487559415558,0.687528121701864,0.8359361921549855,0.7231936079551439,0.7324582122869279,0.6458279916612685,0.7638035357222384,0.5648002320914827,0.6995253581913131,-0.34953851315256546,0.7572091685538189,-0.08070811849118022,0.09567337487302323,0.2656920090340502,0.20158587299901545,0.05118804139942673,0.6366388372376699,0.5207513012688622,-0.36141972295307645,0.5045485034169063,0.17218871593374477,0.13258989330779045,0.3509362869186919,0.22024843528478796,0.6863945346433216,-0.3493863634696744,0.7888558302775505,-0.5798937015416527,0.4399473781508252,0.7072307622722169,0.4768782132349674
000069.SZ,0.8416359058040149,0.7059881622320554,1.0,-0.6800434548559062,0.4437935895429252,-0.5853177914152022,-0.22127884565993994,-0.7074451004640395,-0.3098009817925826,-0.37189154490520404,0.6517307341249782,0.033557218581686046,-0.12600522862354616,-0.684172741181385,-0.16521359218569273,-0.3825273995751253,-0.4584456105902546,0.5218217071445744,0.08594159955387891,0.5751341155377638,-0.7158720642199619,-0.28769083308904486,-0.1980716667404958,-0.7048353067332154,0.7912366359116824,-0.36528845687451317,0.22464515520119474,0.6797591632516954,0.6966158046781201,0.36490101208070164,0.8176558628157484,0.8218315866437232,0.7304509548862507,0.8956501757605452,0.7560636665783345,-0.41353986581146485,-0.5760880068507429,0.3691534622100899,0.5141521666428585,0.6880924074844058,0.7952535914922788,0.5481511072165764,-0.6342081857254362,0.042140664636062496,-0.31595917878578567,-0.4012436916020988,-0.3864682320663952,0.29575234058418026,0.6783998106248254,0.4919956351974139,-0.44304054282232336,-0.4985812270951803,0.7289558803458259,-0.3687945964604759,-0.7372638003217092,-0.5711398532204185,0.2797775767658937,0.7670237446433719,-0.29823836702963014,0.6644099877019697,0.46195429270033656,0.6276133239373934,0.7931867683943854,-0.6199268274094735,-0.5429856923574011,0.3475328400908837,0.7578716026034109,0.7609949523511434,0.7860104255031399,0.6314886521690372,-0.30346895866861606,0.7053360809550714,0.4522325698532976,0.8480490081304154,0.6851893444408482,0.6099023092576145,0.6546513103828747,0.7736455036890963,0.6218124828932234,0.8475116623297111,-0.644958049956333,0.7341207498349677,0.3243540164267567,0.09242864864240859,0.5862501067512104,0.04945632903585462,-0.15954112515365282,0.7656695150677403,0.6430393053102124,-0.6455010517867291,0.586487618946496,0.23373060012593963,0.1434261664186345,0.6673722507835139,0.42519683074868597,0.7243962580378503,-0.3171171222631261,0.6638765775778236,-0.5030432963594328,0.7731802402405527,0.6014483841461101,0.2800482520188549
000157.SZ,-0.6013764187339207,-0.32078265794398725,-0.6800434548559062,1.0,-0.18093367823368114,0.7725086977673205,0.5545344039727168,0.7243324539544741,0.5365137069665499,0.22291294271039463,-0.19314179753313557,0.4005250785837933,0.45638426198083354,0.8298673342441373,0.37860508719656744,0.6947877791042943,0.5471966662213662,-0.2566592449215564,0.3172015588645796,-0.09727993956223889,0.6974779376599195,0.4446917053637482,0.5089103649759911,0.8003128378975876,-0.3787329690163383,0.541625411627147,0.2395159088000595,-0.7090248034546343,-0.40150148299110716,-0.5565966422646137,-0.5305148831300438,-0.5123735033207802,-0.4653624457794981,-0.6214538964600808,-0.5126615836654888,0.5759071461877191,0.8447699979765707,0.07872393312537648,-0.11001906621922741,-0.4448350632833477,-0.5325057349089471,-0.45620757576227217,0.8190819212738262,0.29661805341309816,0.5434904873416068,0.5301928982746288,0.6396252863621851,0.2627368854903584,-0.3640397563945959,-0.182512459948687,0.76151903042211,0.511431589648773,-0.40487896679746455,0.4639298406594163,0.7995508912407067,0.6722739359006787,-0.3602423494427471,-0.4262115264687543,0.06362868107004281,-0.4336047844433566,-0.05378061016367327,-0.44607598105794644,-0.42657103639629873,0.6811583674342803,0.6596005392036915,0.0199169807193109,-0.558753959474794,-0.6178458683600261,-0.49127695847462083,-0.3769518439143233,0.5486306708214886,-0.6162556170913795,-0.24431725993994427,-0.4846681517681887,-0.5224387594152994,-0.23635616765000952,-0.5047682764444211,-0.5801988583394672,-0.31643294233524105,-0.5644630087209861,0.7847504389122628,-0.39908325045191084,-0.3137982676222831,0.300982653287366,-0.49762108915426057,0.4421985213385841,0.4483913443911464,-0.6763835236419582,-0.6004236344074635,0.6922584545780075,-0.13956504028053388,0.19469017051146212,0.17519743466415416,-0.3753860684782853,-0.3123481737342068,-0.6093474413117366,0.12702414751592803,-0.41057915254696353,0.4415596236959684,-0.7188130009460622,-0.181883065167277,0.3200257517583043
000166.SZ,0.39565374425141003,0.11673237139211314,0.4437935895429252,-0.18093367823368114,1.0,-0.2129365264432921,-0.1084438016092984,-0.3168543561256833,0.028295841044454744,0.20402287640528613,0.6557908105388965,0.07144818511315289,-0.19883886206805215,-0.3315359133412666,0.27375362615578047,-0.1262935254607589,-0.27595761908658906,0.6859698116351657,0.11880565596577375,0.4644624824957299,-0.21704323463883668,0.007710689499042934,-0.005854363164759384,-0.21526760840479583,0.6707566790231935,-0.014052774613702431,0.46951780416383854,0.37326223774229456,0.38185196223548473,0.4530689620675373,0.39562174363720964,0.481727294460818,0.33459348370233677,0.5031539510524738,0.30915909091810806,-0.09018371887749355,-0.22322800563607662,0.017463200220792657,-0.1368287458030161,0.22058778645933216,0.6543017272913337,0.6084268542039758,-0.3231526168209105,0.4909340789762739,-0.2697485036056964,0.21439180948290712,0.2864426653890245,0.20396466595197163,0.5559587102653895,0.5894608874922317,-0.1405936329001514,-0.0718450220618694,0.341611362389667,-0.06713425163271115,-0.33192238255677603,-0.406742890663478,0.6126112395588762,0.6595852428840631,0.011119720623324522,0.401032919195979,-0.011645192108873723,0.2622321172437779,0.415361826952872,-0.18256349065468122,-0.45777452736609997,0.023417511270205166,0.29506714011634644,0.3006495135892132,0.5727855555325806,0.47036685551770435,-0.36364636484634755,0.2959373891112758,-0.10672195522354115,0.2938107996863895,0.21461062247097606,0.25800137003801477,0.18546185884898847,0.22587131547276387,0.4689335132734511,0.4250486825805624,-0.34060427763049916,0.3590249869569067,0.6747072246966913,0.36060645369787875,0.6799975931046935,0.25346605056336097,0.2341589999980138,0.30019749101989324,0.11622099203434422,-0.266024032364102,0.7009080196482594,0.5917970241671914,0.41737939903173377,0.8051214345160451,0.18497109329762354,0.21548207178898127,0.09840192773703992,0.14782600659837852,-0.03727836009332402,0.4449882224584463,0.18115548090035694,0.24429522748258684
000338.SZ,-0.6932614452715908,-0.33263637126165796,-0.5853177914152022,0.7725086977673205,-0.2129365264432921,1.0,0.6033199597950141,0.8012344154174119,0.6044625603699564,0.26676963051091257,-0.25854661718516564,0.43396592475906903,0.3376492763895283,0.7435272685233691,0.4674793163476186,0.5500073389207805,0.5165089349748382,-0.24615041282336603,0.2051023529857409,-0.2178136178213115,0.6907214661461748,0.556947320876405,0.3795923652501509,0.6689300752927162,-0.4159371795147002,0.47201035828165677,0.11548502224311712,-0.6745237836420195,-0.44817398286625476,-0.44336897433033934,-0.4993027243009483,-0.4673386181026755,-0.4092200181450621,-0.5797041550059163,-0.3393734687541796,0.5171159120527075,0.6612028719061508,-0.03322105145444848,-0.17545052412969828,-0.31822154919608775,-0.5097065942866076,-0.38890446525080513,0.7275987735813875,0.33628845521903905,0.5828359159640216,0.5028534547806895,0.5319915266824654,0.24986003630050835,-0.2969872035389735,-0.14601959262401762,0.6556787784287413,0.4607196691438737,-0.35614067578327663,0.39542239117364536,0.7981255147630995,0.7322809472320703,-0.27554844763950237,-0.45751212175853956,0.079971270557054,-0.4884986572128605,-0.13317543629371154,-0.4448403672959409,-0.3885649193640024,0.5831660178025019,0.6242685623868511,0.19559174994912365,-0.5668082697280412,-0.5471223584587241,-0.4207930617492015,-0.4080115893107022,0.488116775357709,-0.5019181450897319,-0.2591055893021718,-0.5216189793194509,-0.5110732217202604,-0.16822127321241967,-0.5063064198950845,-0.5201674057738007,-0.13055893828100681,-0.49649094077662553,0.7442940430421192,-0.3297312527690445,-0.2676127120301232,0.2210474283107636,-0.4260622845227537,0.2629537740098264,0.47794920779672717,-0.6050353884157674,-0.3996939866780911,0.7119011596897481,-0.1568944567899717,0.06654178192575735,0.09675937503037779,-0.3622757501964302,-0.2773535527666476,-0.6521891750706964,0.3044231270720721,-0.47217380212809346,0.5138486984251961,-0.7046526652914061,-0.0326985310594286,0.22568893520528113
000568.SZ,-0.28508572751461264,0.03674479425023034,-0.22127884565993994,0.5545344039727168,-0.1084438016092984,0.6033199597950141,1.0,0.39737765035216355,0.5155385185733523,-0.3714349512969524,0.27788403548620483,0.9056877998952905,0.5415501077015977,0.5774555594404207,0.49071605414549674,0.8384672345775165,0.7038198671768466,-0.022414082420975617,0.7842067290609066,0.271726452312412,0.22631088420790416,0.5211092223654793,0.7794426800713795,0.43832677118146063,0.056222562734167876,0.6234385166151919,0.5274818285073982,-0.39209944373036043,-0.03699345372001717,-0.6378025016439088,0.036859324587350736,-0.05031389768900446,-0.060856299261597656,-0.30960468260311885,-0.0372845317533902,0.61342424240656,0.7042871979500801,0.3205964502384199,0.08272515553282452,0.09869782014948392,-0.12991387968032383,-0.36334115269010114,0.658645632534986,0.3601838742856371,0.5314900516561305,0.37670504240577457,0.41024095733137234,0.4448482297522211,0.13236977915810633,0.2785098726483371,0.8488792752068669,0.30308994520975946,0.16845534543171037,0.49251401401343786,0.4620041682795455,0.6826731176901705,-0.4316344383346225,0.030404139077298015,-0.375040326163683,-0.07111798852129636,0.22828536799974933,-0.3216829953340287,0.08566025296321163,0.5610899128823739,0.48177900912339305,0.1454390537314473,-0.045011900704725515,-0.23480574670532214,-0.13222794892417758,0.19341201306047673,0.4134678975356061,-0.0362352550022584,0.10176415990777361,-0.06663910109906784,-0.2138302952451787,0.3680223866914407,-0.16053058079612073,-0.02493053640517429,-0.07535802534329705,0.024479978605743663,0.6108233431096929,-0.04661388683583049,-0.27124803387319046,0.6037251074581428,-0.44054411009399136,0.6990999892266602,0.2633808550370629,-0.3165125370802062,-0.3524576513113156,0.41644359254555874,0.2696790195587013,0.40100653137440906,0.5991150078486551,0.03042116072128735,0.13511214671269176,-0.26777307856516663,-0.2892904211687927,-0.06582781415823756,-0.05776389587551254,-0.402967603182705,0.3151742094377845,0.6408165226011425
000625.SZ,-0.761167486777694,-0.48180273697532777,-0.7074451004640395,0.7243324539544741,-0.3168543561256833,0.8012344154174119,0.39737765035216355,1.0,0.5132442623547073,0.29730495254175243,-0.4723140722067319,0.24315908349071716,0.2546675555053064,0.6882227549479659,0.2480330108622598,0.4639125726762996,0.4787910847163895,-0.4382494134798696,0.0180402902716848,-0.35187568137273045,0.6678307822448931,0.37887652817227196,0.3582900368648964,0.7009730398398416,-0.60534531984412,0.3710455369167445,-0.06916589374875969,-0.7516103193225612,-0.5679895483571593,-0.3157692128236021,-0.6733012725838926,-0.6667623064303111,-0.5354393299655733,-0.7271007352399218,-0.578567399905319,0.42446461175508543,0.6649064302288827,-0.17151347497544792,-0.30937575898733355,-0.5389386168907347,-0.6970650054816875,-0.5139731635904877,0.7225326521747205,0.20941299503441224,0.48624006032587624,0.501954082845803,0.4000021158735851,-0.012792972591052804,-0.4370317900919595,-0.3114288068308861,0.5541441401035158,0.477566342761494,-0.5278604373651327,0.3662188710756263,0.8475742952623069,0.6337732494748991,-0.2060741743665598,-0.6254391785958102,0.19048683869423644,-0.6273227606658862,-0.2973774595756517,-0.5071676820528427,-0.5908264413565046,0.5963251993287225,0.5264478325684346,-0.03020362391780609,-0.6721450420565475,-0.6580855564248377,-0.59258298002393,-0.4864168384375207,0.38611973729842414,-0.5927830276096968,-0.40857250481455437,-0.6694657076504441,-0.6313696473149346,-0.4122534462114215,-0.6183585347988872,-0.6403140979583971,-0.34908290837459083,-0.7054230728701266,0.817485574100474,-0.5562693000085799,-0.298329772402087,0.05555646648047391,-0.5415864797539429,0.10899800117259774,0.32231171518459106,-0.7196861323864733,-0.5142340459535316,0.8237851697415821,-0.35786054278870005,-0.09004204069499662,0.009961883192059214,-0.5577635398897248,-0.268760549007871,-0.7380337559120002,0.3749768047437556,-0.6052463551632165,0.5099473477616153,-0.792057157535814,-0.27455589561371463,-0.02596868927251178
000725.SZ,-0.4210935020665297,-0.24349342246649872,-0.3098009817925826,0.5365137069665499,0.028295841044454744,0.6044625603699564,0.5155385185733523,0.5132442623547073,1.0,0.11221745950082175,0.08256620996924452,0.4230644119925758,0.3481482301577459,0.4781104214191207,0.474458763702992,0.5385573712746939,0.47260753285928786,0.007722619244286559,0.40987853955287873,0.1060941399911195,0.39559801585896387,0.5084104654593734,0.4012710087769706,0.40384808936798633,-0.09556300549535646,0.46683261726361186,0.31656178327697926,-0.3470555757741312,-0.214328008301937,-0.3682145483343123,-0.19850606527050463,-0.20100754242483512,-0.18909113926330842,-0.406253496927663,-0.20265713875937497,0.41249822327527963,0.5018338056231534,-0.030467151759607448,-0.17140654075892092,-0.03950745065747105,-0.3105271614449434,-0.1040982239950527,0.536710795058887,0.4410585554189716,0.42131275260201145,0.4667545804178949,0.4125599205491113,0.33207453508722345,-0.005408397401462922,0.10395152346162632,0.48007894570828585,0.3255186743089263,-0.08053468954755187,0.404958553509092,0.5200925075989363,0.411842988124644,-0.19670188570185354,-0.13988704822417494,-0.19098605205440464,-0.20962945213627918,-0.09051863598216953,-0.4016570035457985,-0.12248105292211324,0.4305773845085153,0.2936064935900114,0.04971104048527092,-0.33412930266933777,-0.36878953323747427,-0.24719975128686575,-0.011098990737715168,0.22711443632524994,-0.19457514033905432,-0.2261585676239645,-0.386246465005674,-0.41082183410819445,-0.0921595793204739,-0.36601678196388665,-0.3117672474967624,-0.0320213391739003,-0.27496223217726706,0.4455498931011522,-0.28379731359762356,-0.07189366352781631,0.4619841097138986,-0.3596613802570979,0.4948368833186249,0.2910417466048673,-0.41432219575804236,-0.32189721568286694,0.4807625194029548,0.16170626185648124,0.2612346510948034,0.3465510506731792,-0.07849399095820135,0.014181087967860648,-0.42782621548234007,0.003244926038873481,-0.30261451063500583,0.20104674530556535,-0.4352364936051368,0.13817383191145158,0.31553131252688155
000768.SZ,-0.370364988298169,-0.49170848801336625,-0.37189154490520404,0.22291294271039463,0.20402287640528613,0.26676963051091257,-0.3714349512969524,0.29730495254175243,0.11221745950082175,1.0,-0.4035762793958699,-0.4938263429827397,-0.44960192254149556,0.1432582467224552,0.20551375782291978,-0.3063818073506948,-0.2964695709554655,-0.053706972389471176,-0.5292584409350121,-0.44528947588489703,0.4747228083561414,-0.030727735731517936,-0.3903504617659695,0.1271874479314489,-0.39403741708417145,-0.17768485985131166,-0.3308894154198026,-0.13591503958185566,-0.5486518728492579,0.350123020838361,-0.5431736216959534,-0.5111596966509327,-0.419871154521251,-0.2185659765281316,-0.416110411227064,-0.20276266600301787,-0.08792292441045398,-0.6403725363581572,-0.4786588569103542,-0.5670682875120628,-0.27741206086017056,0.33046302685703116,-0.0539945664572665,0.23090631453587562,-0.1359778086894228,0.31521641966210007,0.35032641082933114,-0.31694989044174576,-0.3300569584564749,-0.14333948751270267,-0.2361691915902067,0.14015440122940834,-0.5445665957561338,-0.15256357208833335,0.3454152343799135,-0.06902911009446211,0.37020871954054635,-0.3688535651568732,0.4539950175149264,-0.39137744196692337,-0.6362791250285192,-0.21524861587480074,-0.5120395695714279,-0.08760866476828573,-0.06292323735428101,-0.07468388000708655,-0.5170766228332501,-0.3835782294883105,-0.289879120334441,-0.5630913877621114,-0.15588142577504904,-0.5798830422764599,-0.6030669208157121,-0.5183024591919035,-0.3953338805241544,-0.5623444878967955,-0.481064265174959,-0.5958172070164486,-0.09297223078749911,-0.44170677195805125,0.015115870299698278,-0.3905315646852872,0.26819784371583905,-0.3286600262977095,0.21427225467777986,-0.3960368169316875,0.17533671574401954,-0.3085093467705626,-0.31967768805326807,0.289414901050503,-0.28270599376316863,-0.17435731656334133,-0.34435784837193856,-0.23118263298738026,-0.6015267409310016,-0.40408974820321003,0.6889542115721702,-0.5561191441435104,0.5612188988484234,-0.21289646435582119,-0.2958577491075777,-0.39573256753193115
000776.SZ,0.606173315814691,0.5569760552620568,0.6517307341249782,-0.19314179753313557,0.6557908105388965,-0.25854661718516564,0.27788403548620483,-0.4723140722067319,0.08256620996924452,-0.4035762793958699,1.0,0.5201282839479401,0.18484911957091366,-0.29949782949420245,0.20587046785496618,0.235979489434574,-0.025939595014397115,0.6693133119456615,0.5759124308566288,0.8227539991866872,-0.47455690820858343,0.10665612139274479,0.36366638322755535,-0.28852168144845647,0.9061464626572101,0.10746693975157957,0.7548276669073845,0.48158755991563834,0.6762038087312923,0.012782727193198293,0.7442733149520436,0.741612945882939,0.6003154686573475,0.604707209396302,0.591897766978534,-0.01218539333735949,-0.013172222861258206,0.4953299604817228,0.3109055427103873,0.6041303544754192,0.7291882893664613,0.3488791299947723,-0.14653880775927583,0.47248842460082563,-0.10980364472334199,-0.06329784397216133,0.06895099385573562,0.5652409794966323,0.8064338458156363,0.6609942299014278,0.11715521950984165,-0.21551956071540646,0.7097586201666384,0.017582821376749127,-0.4058683262883899,-0.26237123320185246,0.1267810336574253,0.8273365975379011,-0.4012997764158235,0.638289442872089,0.49589310134435927,0.32341873415852057,0.7884301937056625,-0.21000878508146711,-0.29873988833063087,0.2171266868026085,0.657169140530029,0.5145373471142599,0.6768244332083381,0.8447264065704032,-0.1362044826408634,0.5840163770419426,0.34278552387515204,0.6610709345882677,0.4508778485903937,0.7059271601266248,0.4919569301892983,0.6173204626924077,0.48102411761936364,0.7294608241005861,-0.2828425579942334,0.5547171912006804,0.2725503737980158,0.5830068354753575,0.3431214557495634,0.6476857123988567,0.0870072899897525,0.42628573049746105,0.3137650909494722,-0.34421178638692,0.9250833379181927,0.745795538185117,0.664413948207319,0.8180961344350979,0.48048678293381375,0.4987891317219935,-0.40423459382996446,0.5070644336061045,-0.475288938813502,0.4705086787706694,0.5860512537937336,0.6767239336197856
000858.SZ,-0.048091357395055816,0.2276319915312536,0.033557218581686046,0.4005250785837933,0.07144818511315289,0.43396592475906903,0.9056877998952905,0.24315908349071716,0.4230644119925758,-0.4938263429827397,0.5201282839479401,1.0,0.5392758548769644,0.34876585040668506,0.39673396233098784,0.8026551916978429,0.6400728554032186,0.1359583995004007,0.8122382690250748,0.5177542359215227,0.052957619036009505,0.488819480469396,0.8245240516472764,0.30487921021676584,0.3028295959386485,0.6045769962669341,0.7226149760738415,-0.22042026779004983,0.18612897010264637,-0.5286505703826525,0.25162536982817735,0.18872400775591944,0.12524053757935302,-0.09427530018312348,0.1545393017751957,0.5130411057173896,0.6249674355009714,0.47191785078851844,0.2073071896317972,0.2571652009497246,0.07392559276442102,-0.2679449387287129,0.5532434028116903,0.4221653006385093,0.42942298285509434,0.23554202230308752,0.35186220181842226,0.5996460981096083,0.3926378235292853,0.402746577356859,0.7964897022907405,0.2609492563264298,0.3590988963250515,0.4778666917498475,0.29655501800055173,0.49584876561858543,-0.4166785115188096,0.2507863333550149,-0.5082881300723779,0.14191980707715457,0.37474334023884354,-0.17007297567036572,0.32360040340029755,0.38462839055566295,0.30042219784122753,0.18892630331416507,0.1632381591970271,-0.05046500638928895,0.10261918455684281,0.4423605663536177,0.3344941628289064,0.18804289110515304,0.176986502773258,0.17429407645070724,-0.06877632745561656,0.5147215354359795,0.004663769794324775,0.17323082527995193,0.06915491175473619,0.22782825622892944,0.5082697058908404,0.10894771770334516,-0.2510049258308212,0.6940381672229793,-0.3326206977395993,0.7597097493952475,0.30274727793556133,-0.156881146175963,-0.191468910528484,0.25948538162273876,0.4642210779797171,0.6068433896077515,0.7346242758155022,0.2205114191301196,0.3416747834403387,-0.08568725530657167,-0.4360168268898052,0.0771435073637406,-0.18536801248735624,-0.23291501905050482,0.44872214553341266,0.7870141087556228
000876.SZ,-0.06664644519529093,0.27075426586297363,-0.12600522862354616,0.45638426198083354,-0.19883886206805215,0.3376492763895283,0.5415501077015977,0.2546675555053064,0.3481482301577459,-0.44960192254149556,0.18484911957091366,0.5392758548769644,1.0,0.39415564923700624,0.12405536840994368,0.7113329280926776,0.48326262296885264,-0.1330896845191066,0.6357802947927387,0.2906866671459021,0.15854683221404722,0.5018367073699689,0.5223693377337087,0.5892812558607013,0.11317953063545659,0.4459987939008501,0.4725224773916734,-0.2956571429489342,0.26804762656015096,-0.6782653343560731,0.19138937913536977,0.13265192137820603,0.24658002307577545,-0.1886692977228005,0.11383401224912748,0.5147489153510556,0.6578558161674831,0.6662378992605914,0.35656659576610944,0.35070147144834873,-0.008292893275626925,-0.5025350515521086,0.5752171957944554,0.13075693395884266,0.7186185993123643,0.18157374354099884,0.11874220468529072,0.5356776778393447,0.12765571048311297,-0.20647593880647622,0.6442463419304219,0.16019701045924978,0.2996025637150435,0.490747170077166,0.34320988608780506,0.5362282260747748,-0.5925720148086154,0.04565554198420115,-0.35443677512506416,-0.013216035198805308,0.5987617126032859,0.030838086967682383,0.24038611057338857,0.5854757077566918,0.5038030759571229,0.2675484888539508,0.06603624774876256,0.026624248458313616,0.056042483659614506,0.1455904514143265,0.5392454668479015,0.0777331780563066,0.38541005081752266,0.12789818763666574,0.040526609666850295,0.31475587035425195,0.07179681384077276,0.13372302280594836,0.0858382649045294,0.02006181979936054,0.4505028608573447,0.16020173079328934,-0.45883213400986267,0.5179106517441547,-0.47003656920904535,0.6048096334886467,0.5145428864153716,-0.02137348665420034,-0.09312835099107479,0.2697042536900373,0.20202478955839864,0.3033179083863976,0.289943409927601,-0.10968899718829446,0.21631564518151858,-0.08890651356408856,-0.31877104020539443,0.30502127414645547,-0.1264707362210923,-0.3254616252503542,0.2338308452308161,0.4608140392271915
000963.SZ,-0.6388097742426954,-0.31745434134027756,-0.684172741181385,0.8298673342441373,-0.3315359133412666,0.7435272685233691,0.5774555594404207,0.6882227549479659,0.4781104214191207,0.1432582467224552,-0.29949782949420245,0.34876585040668506,0.39415564923700624,1.0,0.3289499304526952,0.6709432530083355,0.5354014974955924,-0.3792401697649049,0.258404358421049,-0.29039662013685225,0.6343268710183285,0.48299842768630863,0.4679908857966037,0.6532980835688035,-0.47704228371572116,0.49226594546015456,0.09642300177848824,-0.802245391621248,-0.4397017121754921,-0.6000893955692926,-0.4744088834886286,-0.5309967004940773,-0.4533161704298177,-0.6803592741236691,-0.5251552678589366,0.5114804450680871,0.7677017549031712,0.017920282087729337,-0.1086894501493564,-0.4161596378149166,-0.5028670880648187,-0.5458558526786721,0.7641929470007692,0.09373477926676803,0.5561338906689044,0.4751464895107074,0.5354267700347735,0.15655477984273478,-0.44345696230554593,-0.26652201042954643,0.6913843626755235,0.44315628248133826,-0.4175252337648759,0.44124389661035446,0.7564289163102669,0.6990680585926673,-0.37632515934795546,-0.39841288099942834,0.01428355461173858,-0.5240154744487956,-0.1538918433899827,-0.5109378174821999,-0.4558845607275673,0.663093150414296,0.7894104714875025,0.11567841291617913,-0.5772779022625829,-0.5271323587156821,-0.5736260026293402,-0.4749043511234299,0.6635966214899186,-0.5814010816113531,-0.1720710545154328,-0.5051316778057497,-0.45548803531760984,-0.22941626854208874,-0.4502613258874136,-0.535767563874477,-0.3635729387472097,-0.566488129059177,0.7468480988684626,-0.4188536599545499,-0.3779629131650129,0.2073789986857838,-0.5195360821551825,0.3420940564999126,0.32748208966066017,-0.6318067098770758,-0.6111120741927297,0.7029288280873649,-0.25653059001334894,0.033387746068049055,0.029480445913016132,-0.48652252199016505,-0.33550104321263735,-0.5764503067929112,0.165472862000925,-0.360688121751729,0.3971005206040381,-0.6919981060794144,-0.1563613839191985,0.23936447886146126
002007.SZ,-0.24049517763929862,-0.20142346885471551,-0.16521359218569273,0.37860508719656744,0.27375362615578047,0.4674793163476186,0.49071605414549674,0.2480330108622598,0.474458763702992,0.20551375782291978,0.20587046785496618,0.39673396233098784,0.12405536840994368,0.3289499304526952,1.0,0.3475856866936742,0.2810244172135258,0.31423108409410716,0.40453679086201016,0.09499276679720714,0.27348752909648133,0.6238046556588034,0.25103123587685355,0.20673387026744683,0.13507166433810328,0.25261163373659634,0.20884641868225864,-0.14578234996656156,-0.10493387913766393,-0.22283187934354298,-0.012538869064356188,-0.02518127804339985,-0.04342917687931625,-0.13181212445047505,0.02741836158456919,0.45287044868988496,0.2622155167683942,-0.04956461586097869,-0.27752055111209817,0.03670309697889405,0.04098802452180314,0.10775174621953677,0.35686164143768534,0.6472092289223644,0.25211930397245436,0.43029931231135826,0.4910781446512939,0.17164051705017855,0.132021590321635,0.4105025914727896,0.3364910341963145,0.08327870501123495,0.04493715922043911,0.1533069526777171,0.2663761496482118,0.506544742860468,0.11169489992607011,0.062378853544651336,0.06538660072786102,-0.09738100143761723,-0.03527213489557584,-0.18325462103426374,0.019563045053307842,0.3699251584473311,0.1571905514190857,0.015401948492255338,-0.07959667842561612,-0.20196652524676248,-0.034560632195453155,-0.029045734601838513,0.10170786005808856,-0.190891966895415,-0.1762977204768227,-0.1771036559323584,-0.24691437051498666,0.24051009438816598,-0.26911365716482055,-0.08593314981135707,0.045055468428028295,-0.031492713619807156,0.24821255684824725,-0.1647775865769162,0.19208802307999903,0.4080757502212853,0.0888161247560066,0.4076167963850538,0.2805973039827942,-0.21474680915757502,-0.31033423655127224,0.3329745942783003,0.30262188822491737,0.24661856064435014,0.3320026540264805,0.23435415756733927,-0.1573350549590236,-0.2686565036904787,0.21396945193638253,-0.15877480378899253,0.03989800538078316,-0.21559421175070237,0.09289295854423678,0.23209244565768883
002027.SZ,-0.3360326700286053,-0.007771247336058246,-0.3825273995751253,0.6947877791042943,-0.1262935254607589,0.5500073389207805,0.8384672345775165,0.4639125726762996,0.5385573712746939,-0.3063818073506948,0.235979489434574,0.8026551916978429,0.7113329280926776,0.6709432530083355,0.3475856866936742,1.0,0.7105153218851479,-0.13700590482399988,0.733078406641539,0.23504442389286342,0.3403261059638605,0.5870058564344339,0.8397583483394638,0.6538286853090782,-0.01889394301685789,0.701276828581653,0.6109941924584611,-0.4596189048534843,-0.04518677209637198,-0.7076728968029514,-0.06037494365528497,-0.12452338108698603,-0.12785640570527604,-0.4605852620525183,-0.18792094038742813,0.6079833022602348,0.9033296283938506,0.36320887252699346,0.020938773179929714,0.0029031868176250717,-0.21035008369481487,-0.4971808343169168,0.8186729297999514,0.33030102241814957,0.6164568170437447,0.40543358790088885,0.45759221008743084,0.4420064950117562,0.08886324116287143,0.042925397116674875,0.9034046305668877,0.43864247567285736,0.06172388558820204,0.6419446704500377,0.547747271343756,0.6127855232060001,-0.5595631294435336,-0.04883792898095498,-0.35342415177244185,-0.1478550176115828,0.22335605064202715,-0.3662608521468072,-0.005601202202264849,0.647690057492264,0.5495771971235752,0.06345896824798644,-0.14099196549198248,-0.30300754937285596,-0.1906322934491231,0.15958385556270038,0.4812358675449088,-0.11778559681928506,0.05366820132947833,-0.17947025708787767,-0.26784939642329425,0.1690297171655689,-0.1912390340954804,-0.12658982921464462,-0.1567020838141713,-0.15493060410080997,0.6830700370656112,-0.17531208983912652,-0.4255638648699746,0.656411736553243,-0.5703518508691228,0.7705515589064674,0.45563624354570015,-0.4038547857408193,-0.45542522361094795,0.4778433444597467,0.21807048867127873,0.4979679843920599,0.5793911190634972,-0.12593421771482782,0.1449365245190057,-0.3056046988401106,-0.29097418029687083,-0.08384406322931821,0.03636116305867321,-0.5276921094762557,0.14963806927809803,0.6264880675568528
002230.SZ,-0.43657665180347655,-0.3333911011997557,-0.4584456105902546,0.5471966662213662,-0.27595761908658906,0.5165089349748382,0.7038198671768466,0.4787910847163895,0.47260753285928786,-0.2964695709554655,-0.025939595014397115,0.6400728554032186,0.48326262296885264,0.5354014974955924,0.2810244172135258,0.7105153218851479,1.0,-0.0397275063633506,0.4938039320257665,0.058938795287550305,0.49625903827338624,0.5644156438354377,0.650078530376707,0.5478517756014242,-0.22238603226923181,0.8114418991074163,0.4182602657369545,-0.5541363549302537,-0.2508546558587745,-0.6080239886773046,-0.24078051272314627,-0.26888701948365795,-0.3112358141670718,-0.5397077558191575,-0.2753618122031825,0.574580842037973,0.6330221803047485,0.13597241234157062,-0.07673044042137697,-0.028703966683436055,-0.41583952003954655,-0.6061017241578149,0.6743907427229135,0.16108690725474673,0.44180739732747226,0.3531270901255558,0.30247648983463626,0.14097350055010274,-0.20558129671654868,-0.06656191481391227,0.7131411771795162,0.6703682350496881,-0.1492120733444656,0.7515563718936322,0.5113433494184697,0.6795831592176761,-0.4437771840204736,-0.2310848215528186,-0.29094703776090297,-0.23789448254785373,0.05442348087179513,-0.5351428616444135,-0.1723646230318552,0.5988267330719276,0.40464429340111585,-0.22915213922240132,-0.3287795159731596,-0.47992678082707024,-0.4129708908724492,-0.006195557681239902,0.306447846565443,-0.12710245967713998,-0.15958107995538415,-0.3087863583545709,-0.4747336634748344,0.009385208674452514,-0.36793952900944266,-0.2387063376736633,-0.40485641565539515,-0.3190294940162199,0.6987013924324783,-0.3720657275460059,-0.4051440493307222,0.5600670568149044,-0.6358043552971698,0.5153260419527008,0.19380180620456688,-0.5064783241377272,-0.43899222628633244,0.46136896015754836,-0.05964666262272358,0.2977450596488245,0.3740223072092585,-0.2374396550059591,0.12346228775787806,-0.4933399229258289,-0.2509301053103255,-0.32868104180268287,0.20384812569601266,-0.5220303148473097,-0.08615726768584347,0.32484051866709557
002241.SZ,0.42714904619337085,0.12879805767843264,0.5218217071445744,-0.2566592449215564,0.6859698116351657,-0.24615041282336603,-0.022414082420975617,-0.4382494134798696,0.007722619244286559,-0.053706972389471176,0.6693133119456615,0.1359583995004007,-0.1330896845191066,-0.3792401697649049,0.31423108409410716,-0.13700590482399988,-0.0397275063633506,1.0,0.22768241503543285,0.5520724970449178,-0.166707913215178,0.08876720133561584,0.030756011355385835,-0.26580366257123406,0.7392749894545885,0.17754674568664808,0.4608965907901215,0.39308591229495343,0.3569753249307031,0.25898695939963967,0.46849055738688966,0.49325122095461243,0.3238354719774998,0.528938643859985,0.3608405509562116,-0.07103609777224114,-0.3273296740504075,0.04010153439447948,0.04702045512576882,0.3856708766008597,0.5880973170162662,0.46966024616907,-0.33975743737844594,0.526186314194894,-0.2271826165906801,0.1432282227169415,0.06430707418850103,0.20678223328105627,0.5512787930311864,0.6372629368467944,-0.1453920089260861,-0.03523975361866608,0.3031225319717575,0.13597002945489997,-0.4837796688026681,-0.3130506841177237,0.5674021781941722,0.6029077435265637,-0.13131695123508164,0.43931479710607274,0.11891740339043237,0.13238222353875898,0.5410283882470989,-0.16691741637275395,-0.5136157764399759,-0.012579370187643423,0.3675857596976595,0.27323742555533037,0.47317764922383293,0.4984413247601777,-0.3937992073232252,0.3767347702446333,-0.09735535206042212,0.41297499664153187,0.08946317882569195,0.3494204246841583,0.15523956556377771,0.356387728404143,0.34301648546253355,0.5498932093317818,-0.33927329645301146,0.39467165934227705,0.5929998590798923,0.3182313401113629,0.577799529534896,0.2801853589135417,-0.004472926857321172,0.205399131935767,0.18641813190512746,-0.27023624684736314,0.7039193169394298,0.5065067449344052,0.3995142178954709,0.7799544385107602,0.30361583967010713,0.17264243553220981,-0.09360127625383918,0.1259167876017466,-0.0871781384984101,0.39798791553611945,0.21025291844733082,0.294377054049902
002304.SZ,0.11380392821974923,0.31189041028534126,0.08594159955387891,0.3172015588645796,0.11880565596577375,0.2051023529857409,0.7842067290609066,0.0180402902716848,0.40987853955287873,-0.5292584409350121,0.5759124308566288,0.8122382690250748,0.6357802947927387,0.258404358421049,0.40453679086201016,0.733078406641539,0.4938039320257665,0.22768241503543285,1.0,0.6248209122343283,-0.11096299611611098,0.46473663258703346,0.6952264748329964,0.22400869062242576,0.43921004799119395,0.4476388915773452,0.6671023111064055,-0.01694001314931472,0.3596737707547188,-0.6135661485687293,0.3786346241840883,0.27833242967962984,0.2541224944423631,-0.01633268371681388,0.2240644075793035,0.4731471755444352,0.491219078884015,0.5534931246737737,0.25596106247223777,0.41533522458278127,0.20207551377010644,-0.2212891422248318,0.4258161436922485,0.4154514490329926,0.38516020493694736,0.13653596545103133,0.24823343371991716,0.5854204085477576,0.4471845560873189,0.40236313490485026,0.6411997186877226,0.03553490761674111,0.5048578690098219,0.3560599586763651,0.09689356261624472,0.3892886369324593,-0.3692026770477552,0.36873483225700565,-0.5334033301905391,0.3152914112881341,0.5339649733639614,-0.07491322517252606,0.4168746800324978,0.3801493748106472,0.25679980185851903,0.22190527300941396,0.2985850325686476,0.10478735321987422,0.16847542540474525,0.532510728219788,0.3018398309091759,0.27485817806810275,0.3009104294164309,0.2575746953953945,0.057733396532950655,0.563859999906111,0.13009282346009451,0.32123925856889385,0.08116913720885813,0.3315810256831283,0.23463557189964038,0.23336958216580508,-0.13840965348234008,0.7143902750645195,-0.24870568714719699,0.8095809772203192,0.19645683662180077,0.0013787916257662531,-0.14352088493087878,0.08197337048718266,0.5488253591829679,0.5199642762227868,0.7565067529252887,0.31987266535648234,0.38793773291366834,0.04657660509193214,-0.4641478296320262,0.27536675905661134,-0.4156304313173691,-0.08769078427572585,0.43848281805407,0.7350581719569966
