,000001.SZ,000002.SZ,000069.SZ,000157.SZ,000166.SZ,000338.SZ,000568.SZ,000625.SZ,000725.SZ,000768.SZ,000776.SZ,000858.SZ,000876.SZ,000963.SZ,002007.SZ,002027.SZ,002230.SZ,002241.SZ,002304.SZ,002460.SZ,002475.SZ,002555.SZ,002594.SZ,002714.SZ,002736.SZ,300033.SZ,300059.SZ,300122.SZ,600000.SH,600011.SH,600015.SH,600016.SH,600018.SH,600019.SH,600028.SH,600029.SH,600031.SH,600036.SH,600048.SH,600050.SH,600061.SH,600085.SH,600104.SH,600111.SH,600115.SH,600196.SH,600276.SH,600362.SH,600406.SH,600436.SH,600519.SH,600570.SH,600585.SH,600588.SH,600660.SH,600741.SH,600795.SH,600837.SH,600886.SH,600887.SH,600926.SH,601006.SH,601009.SH,601021.SH,601088.SH,601155.SH,601166.SH,601169.SH,601186.SH,601211.SH,601225.SH,601229.SH,601288.SH,601318.SH,601328.SH,601336.SH,601398.SH,601601.SH,601618.SH,601628.SH,601633.SH,601668.SH,601669.SH,601688.SH,601766.SH,601788.SH,601800.SH,601818.SH,601857.SH,601877.SH,601878.SH,601881.SH,601888.SH,601901.SH,601919.SH,601939.SH,601985.SH,601988.SH,601989.SH,601998.SH,603833.SH,603993.SH
000001.SZ,1.0,0.801410764721424,0.7664639660742537,0.17695351573314422,0.6283009625495041,0.6069116662218519,0.8800691397268317,0.5582034795391956,0.7559964066317616,0.3797748839876089,0.8192319293503272,0.922951846200975,0.36901769108480337,0.4128031454782419,0.6614502442183058,0.2824352817929184,0.045655126672570344,-0.3339784864199242,0.9138117230718898,0.39228122966659756,-0.3821839960712503,0.1857096958350913,0.7541038439370747,0.1665518920769469,0.6734635763411151,0.11979582725741882,0.7265474571089022,0.4956481135419881,0.7552101228322928,-0.01899090403064808,0.45588926154053827,0.5196800098779711,-0.24302097445366833,0.6754005592822018,0.469652138356315,0.7175705736925653,0.7083076563275453,0.8481932519983283,0.1559051294696549,0.5510024505882812,0.6435974075044899,0.31572998110459766,0.7659192466350726,0.7457644823596333,0.7178501486088936,0.7607980059697826,0.6013654954968622,0.6817823282523645,0.5470566760685992,0.8259659933658275,0.8747334959338401,0.7524448796515296,0.747437619671869,0.08764574358890263,0.18856409561121043,0.6967788535173526,-0.5396941003319221,0.7465875318612754,-0.3851818392881438,0.866692088066174,0.7736272834428317,0.455728994980588,0.36343576720744825,0.5921701577510954,0.24136021416545161,0.502655533029358,0.12259085711705574,0.6625155097759942,0.872264530029976,0.49273089649169366,-0.18927870525380977,0.060581151339962384,-0.1277845824860626,0.8536524600764807,-0.06054706195109074,0.8221291996725518,-0.07310607962795114,0.5767560777085451,0.8967405852262292,0.8643072656399534,0.59882105772868,0.8277437684577776,0.7223312473316188,0.7312785428126986,0.5711553362813963,0.7518823608490207,0.8284184301255331,0.6753286779158532,0.4817397094124409,0.8261338536722959,0.054726743949172235,0.5404047595830352,0.9170923863372439,0.24860504858286456,-0.29621563273743046,-0.19580919503816738,-0.46671545203602816,0.14720419596043233,-0.28054180167925263,0.6494073179311632,0.8208124081891893,0.6007920256935583
000002.SZ,0.801410764721424,1.0,0.8239620277237707,-0.25822209545093466,0.7457168847464951,0.6892764758966886,0.8262875157088861,0.7787670146417797,0.5828705520447163,0.09316316186717051,0.8164576535366667,0.7628047460347746,0.5189233426340081,0.3918147688769935,0.8583790973281111,0.4428317259093837,0.3216005118160838,-0.4539114130180358,0.8494201285604994,0.21381033849733463,-0.5063209753737925,0.45373510055906613,0.6098122970582998,0.0221459370870191,0.7390351166960752,0.3167983016069684,0.7791783710283852,0.671139552264504,0.7346330962833815,-0.1786656095836876,0.5362938471629785,0.6128669203846512,-0.10050158768935298,0.6725085725924377,0.1758119954795653,0.7739490053773226,0.29706749189381015,0.64091643304006,0.48652282362813776,0.5271134884734162,0.7988783449995148,0.08543353474184885,0.7888974936956807,0.5764182344076648,0.802270749545431,0.849958845184189,0.7274703108648833,0.411839066787877,0.19438386282669795,0.7077542042089376,0.6751878500490882,0.8035776657211887,0.4828276818009832,0.22795853166156999,0.1871747704192989,0.7895955145913983,-0.5732087924884394,0.7956144960174442,-0.6488646832297955,0.5955716809300355,0.6051285314983704,0.5236791867124049,0.0311894406016677,0.5998401881022885,-0.10166366693724337,0.8143329447948849,-0.06821505210279842,0.6596552707694573,0.7729169047489669,0.6078951262283844,-0.5666328329764033,-0.24887454335746398,-0.27502526746594136,0.6483890280810026,0.029322448172338107,0.7290756974696057,-0.17073794585861934,0.5165652787693166,0.800335194086288,0.8137225794818406,0.8468030855769398,0.7825727999871693,0.7382537209558984,0.7949345057141084,0.34680925705211973,0.8258922628262103,0.8243449011002625,0.6052064515966686,0.1981483075397256,0.6867127578800035,0.38378268212190747,0.7415353588438308,0.6365189489018783,0.5356963613711452,-0.027800041720786206,-0.35904080321701154,-0.5656890326945084,-0.07351812993265115,-0.3111973258775283,0.6705114402948884,0.844464811535906,0.35355459203616063
000069.SZ,0.7664639660742537,0.8239620277237707,1.0,-0.2634731990867842,0.8017778381203357,0.6596607064801893,0.7036647081696102,0.738752961353598,0.5763252402708258,0.13165912739063698,0.7763599517472649,0.6846130733707635,0.5527364879122468,0.28999803047555067,0.7857528872788753,0.381200977550445,0.3798748662852507,-0.4259404356156731,0.7663698893853576,0.2814593829996043,-0.5458071682414889,0.586522584596751,0.5623801204850719,0.008499042908539561,0.7788411018510241,0.4298998266842729,0.8603956192252483,0.7050572798672946,0.6113642409347005,-0.10531515558001042,0.5302721940394907,0.6313508207417836,-0.08890353586642785,0.6034392219588947,0.13807296558242343,0.8342923292680449,0.23701042812933112,0.5107852340786412,0.3903704942588726,0.5868819191178396,0.8650540251446913,-0.019975631235250937,0.7302667674309044,0.6841083269241173,0.8197041543161409,0.8884675915280592,0.7566719262802407,0.30834580936661865,0.046673803868458826,0.6195036335951661,0.4841588749115722,0.8720519614053667,0.3475127022002325,0.3883373112461213,0.0873069691754171,0.8507801824466866,-0.5206011070394619,0.8680450330464459,-0.6157793742905767,0.5260916957280458,0.5816010065047905,0.5815270995620908,0.014788887559130492,0.6900205890822502,-0.13876105968456637,0.7330557548983331,-0.2649523366514267,0.7698950490330553,0.7486477721089345,0.6349428944842788,-0.5605324708089156,-0.2441312232894842,-0.3652567464475276,0.49500914148651404,-0.08412973572013156,0.7657842746817259,-0.2912384931063334,0.5343665076067249,0.8448872657245959,0.7996013110785617,0.7894942005617595,0.6579448146531665,0.7789222346505019,0.8927073885169237,0.3329118356514545,0.8865330348700703,0.7598709540783298,0.5628079090396003,0.09946045426376438,0.7818533583123864,0.3847742387983782,0.744145469892893,0.6451452127297674,0.6647616269616684,0.11445077109537911,-0.3716327607292334,-0.5766073917290283,-0.17236812251122657,-0.4164894585750583,0.5741691398385921,0.7063772433830812,0.19318066664999764
000157.SZ,0.17695351573314422,-0.25822209545093466,-0.2634731990867842,1.0,-0.2432746612248664,-0.14048783162882497,0.04649723654177406,-0.4226223618981539,0.27612105441087914,0.43326486787453766,-0.03302879136109967,0.17264367720948667,-0.28578124501106134,-0.024450128227678225,-0.3426228840487813,-0.25034333528306973,-0.46136294198736555,0.2602628774706153,0.025299009904440718,0.12405295735307563,0.34658468748918275,-0.635540578709883,0.17157014353846653,0.274407274836495,-0.30535761351575236,-0.4645381487109113,-0.2941567467819563,-0.4135730617953077,0.02978900157495835,0.5076905264040835,-0.13666166570914126,-0.11111392801659564,-0.10048449959628199,0.008423938573730557,0.5890761787168382,-0.20608976495678308,0.7085883703440502,0.3936398449149959,-0.5357651885344868,-0.12960339579042082,-0.3438659610456938,0.4188360770909627,-0.1023663242580153,0.1268458075737756,-0.2665686389728555,-0.2518126544482206,-0.3569199142019606,0.5275517727501178,0.641674597168952,0.1935660892559643,0.3603242236565576,-0.22906934666830495,0.44002606942315053,-0.36816344853918337,-0.003693961534921105,-0.2520394550212383,0.12997389148725771,-0.2288704487979805,0.4898960060818868,0.4177586261206279,0.23154121831846197,-0.10475022923179744,0.5486783794396457,-0.09525330587771581,0.6342869256774698,-0.6133285193120571,0.490556134450932,-0.09090820959949168,0.13579889055254155,-0.38732841575159327,0.7165093418672241,0.6364588459934932,0.3702706077947692,0.37202809022266137,-0.06874175269553091,0.007639056626928801,0.37782353508593797,0.033903437461581455,0.07147998368427799,-0.03332082957422961,-0.45064815397874325,0.1472385171961317,-0.146756754067496,-0.24016317269012935,0.4445508146574051,-0.2608641053832737,-0.031888757789093766,0.1957171157115413,0.49572643650569365,0.06571486163049788,-0.5796231860700888,-0.4598868927570421,0.32573772764637976,-0.5844970440534764,-0.5351186435322527,0.3455367363337991,0.2953127847016849,0.5119301033309657,0.14251197185317618,0.044344312803326236,0.00015580390033275807,0.5937641399265249
000166.SZ,0.6283009625495041,0.7457168847464951,0.8017778381203357,-0.2432746612248664,1.0,0.7116043742605586,0.5918688316139536,0.774491639802763,0.5888493209912772,0.2430580615128626,0.8461366321271463,0.5654697684691369,0.7053119635902397,0.3470936510603937,0.6970249763962006,0.5472675356150812,0.6001631382488556,-0.2838423700820326,0.7136478685193891,0.30704488723406365,-0.4581529589486979,0.4789176000905293,0.582345232322318,0.196646156820406,0.7220130985666112,0.583493593186662,0.7749465702891816,0.7259789290841699,0.7420683178327193,0.0772252647648013,0.6205924493167451,0.6324869516524013,0.047942104158767124,0.49160358281752964,0.25455345336421636,0.8060286740702941,0.1570136829249811,0.45713001924549795,0.3362743308354901,0.6632386276774026,0.9105055932661742,0.09847587049732948,0.7217400265343511,0.6488944134049902,0.812431275658917,0.757506833518428,0.8459766720248196,0.3354519557694029,0.060376934807085614,0.7132209865167018,0.4533157019089716,0.8527892753121074,0.3671821340605268,0.5734636967508765,0.15435864882547748,0.8904436402810085,-0.37649142803100455,0.8888736589085385,-0.5275411147178938,0.5105465299277271,0.6495739384812742,0.666912891044916,0.17049881221692453,0.775997710266382,-0.11360615838368988,0.6291438689359872,-0.07685735741723036,0.8308406921907747,0.7306408821172904,0.6731025810957902,-0.46231416308570056,-0.14116921826946394,-0.2729948670718006,0.5564772717472012,0.029992310135138017,0.7531265320498548,-0.17617428748791072,0.6663437633064656,0.8092846970377113,0.7827708122360998,0.8352283157924608,0.6906790859465666,0.8498418789277916,0.7720361589983332,0.5064494762812131,0.8786473676526012,0.7293236121481227,0.6752652507434043,0.14042937525554475,0.7540814772486271,0.5179351764197123,0.7770046265059593,0.4902357332820177,0.7106618520517848,0.07648279724236974,-0.19978203702632025,-0.48375202522698774,-0.1431784967918671,-0.4461211199757924,0.6669445743627008,0.6120378707825769,0.18158327172401045
000338.SZ,0.6069116662218519,0.6892764758966886,0.6596607064801893,-0.14048783162882497,0.7116043742605586,1.0,0.6621100775629235,0.8689608768489784,0.5903272055019692,0.3366568046425394,0.6064375229997477,0.630954476558258,0.7544202939809169,0.16072956126063645,0.768089485530925,0.28977266711602606,0.25942651742114026,-0.5008910186818989,0.694137008870143,0.3681637272266081,-0.5975113059798356,0.3761970984659213,0.7075768567545583,0.3498364400520373,0.6112817358099428,0.2963660042645278,0.6194748941053568,0.6814653331624839,0.6111794532221011,0.09392952152419849,0.5627148745614975,0.5431847628470451,-0.13458141487845662,0.5046821425778631,0.29463817581723606,0.8236362199552748,0.23454830006181063,0.4280288731574244,0.020048786190144257,0.39707986738753304,0.6282150657304765,0.1553576332825468,0.7272999673193817,0.7187153859799471,0.8116371217028706,0.7351337827743366,0.663017182224327,0.4303363149645103,0.15554549645291288,0.6589150665309739,0.49253812167540606,0.6163086125185261,0.4194026915429658,0.15438404914420642,0.12813145698339481,0.652197189180359,-0.5165291856060598,0.6325637777013723,-0.4447930897498107,0.5242180316818047,0.4544932250071636,0.6140068444871357,0.047839199689502294,0.7887856564488791,-0.0071836256703212,0.5204902758636457,-0.22732229809611737,0.5952423888787669,0.663453624031061,0.36173020631622976,-0.37235018562992567,-0.23617088482958806,-0.3695919108833819,0.4999363848317988,-0.1073827213299341,0.5690736135468868,-0.29266439952853873,0.3446754943478325,0.700124455891172,0.7195263492731966,0.6612701351067927,0.6161050943785862,0.6588116514209869,0.6267808214915515,0.41086890303516216,0.7057771161178366,0.6949581684832848,0.5642469327249214,0.21736212685837067,0.69939898671339,0.22756312338721962,0.616757845155119,0.5633848387828807,0.4333474109703175,-0.20081730873774908,-0.32876262009633106,-0.6125118991075932,-0.07014287959782493,-0.5239895232901673,0.4529034411889877,0.6027609274794768,0.3609394066210374
000568.SZ,0.8800691397268317,0.8262875157088861,0.7036647081696102,0.04649723654177406,0.5918688316139536,0.6621100775629235,1.0,0.664929623359074,0.728224805721251,0.2392908688605799,0.7226995044444914,0.9646586422955448,0.3611835783630673,0.26747929228644324,0.7611600617218658,0.18178430914456864,0.05341168594464629,-0.5146248075673107,0.9153899663073998,0.2688854611735105,-0.5660109319922747,0.2620567544997184,0.6704267623385963,0.11687059094537684,0.7013010542761893,0.0886740323037268,0.707924588108466,0.5125250310528978,0.6865197241813045,-0.08559153722036816,0.47586802612231827,0.5246243987703496,-0.33446998454585586,0.7614276612419046,0.4045931664036299,0.7412103400862383,0.5451303884990971,0.6887441857185639,0.10423950779713231,0.4074572475736609,0.6168750913193498,0.13212020344412992,0.8096368775157119,0.6718350866513555,0.7428162833143719,0.8032469912375831,0.5467154856007771,0.5463598530129685,0.4297815693756233,0.7239478832565807,0.8672795427361987,0.6750338704202669,0.6259848838133949,-0.0257522617853357,0.042079828731069004,0.6147952846602963,-0.6775769531155329,0.7249328902905767,-0.49904147980244096,0.7637131574471071,0.5773614299238367,0.462471213106854,0.12082830997033295,0.577259874762343,0.13911232276720695,0.5466431470467458,-0.08883632488441116,0.5886131701378741,0.7636894502512733,0.4817858809040274,-0.4003002343964606,-0.13176791100212495,-0.24311439018189154,0.7263344008184275,-0.12426667352631698,0.6609260925713325,-0.16203169003863435,0.37947458035478726,0.7877898182343493,0.7923271710293642,0.6482935596988416,0.7271717021918748,0.6183632703857834,0.701065175036799,0.38522979510463123,0.6988242902575542,0.7579858662432944,0.5618655453393452,0.4042664102639553,0.6886000895179051,0.07256801226977613,0.5626659546381207,0.7924836523688613,0.33920080599798025,-0.269555510513494,-0.3799571322069193,-0.6049301525192247,0.10174415843014091,-0.41907170874631267,0.5789622965501892,0.7795625084456707,0.5027013799722394
000625.SZ,0.5582034795391956,0.7787670146417797,0.738752961353598,-0.4226223618981539,0.774491639802763,0.8689608768489784,0.664929623359074,1.0,0.46613880716644696,0.05226830138934355,0.6497794106881772,0.5814386728256457,0.7301997554842202,0.17937904957976694,0.8281746187932976,0.35469632700641096,0.4466659840807785,-0.5714339040782612,0.6983499257450411,0.21748457014908418,-0.6736149722266381,0.570829749290915,0.5610785040750393,0.13809110843456862,0.8012939389357935,0.44239608928029367,0.7206382077740542,0.7565798069998352,0.6041555610142992,-0.1466273406915439,0.6542790995265318,0.5789512773667235,-0.089441456929507,0.5508472621713126,0.0691352852347478,0.8443062567678908,0.023102296551820403,0.3077406947810522,0.23591259494111552,0.4452926313819245,0.7679789253475627,-0.04452218023539229,0.8019668914417434,0.5633591830827478,0.8598437684563423,0.8405815760839169,0.7490138070775618,0.20669963652046,-0.06185474348001655,0.5713732095794988,0.4040448538580362,0.7128600917393495,0.29604029624022227,0.27926498373121955,0.0714486392201406,0.7568579027250695,-0.5948940914971229,0.7596774196557883,-0.6867581281545604,0.3220516620336077,0.3705882583527929,0.5382548646003602,-0.13842138467540144,0.7068203052881592,-0.2447829284193462,0.7141476975924713,-0.3559281183350962,0.6034886912178288,0.5932281440549488,0.547832377205231,-0.6274496195098711,-0.41914102098148215,-0.44790929930943535,0.38897296811253507,-0.07317190818228099,0.523438415858113,-0.3660076709000659,0.3667264176268703,0.6691620281171482,0.6979618785684614,0.7993937592321018,0.578534297402383,0.6834930994405903,0.7069525111168261,0.21239133879200034,0.8300801061015434,0.6799932165593926,0.44074060387786945,0.07958808104921973,0.5668714928589252,0.4061799070729996,0.8327566579368663,0.40020355507267596,0.6823092997173092,0.012201253612952684,-0.4755806438314482,-0.7148950746653036,-0.17671885872321139,-0.5279584743999363,0.48988925832644004,0.6467064726108359,0.13083890580204696
000725.SZ,0.7559964066317616,0.5828705520447163,0.5763252402708258,0.27612105441087914,0.5888493209912772,0.5903272055019692,0.728224805721251,0.46613880716644696,1.0,0.5075036904586859,0.6842821704672842,0.8030106578801509,0.4374508840566977,0.3162696389527217,0.5661691120275932,0.1862206372978248,0.009496147769956812,-0.18955987440622293,0.7289380781819923,0.5485999133694031,-0.2918640825543353,0.07352740852981747,0.7493046712827591,0.42843544003527684,0.4925950763273943,0.08956161980001072,0.5381619651136016,0.41644473914319285,0.643502701608214,0.12539758114923205,0.24661800505926867,0.3434502643902133,-0.32674113128168664,0.5313092172067062,0.7153121333012372,0.6696252942384451,0.6324947297549389,0.6190679726247404,-0.10967604965164728,0.4945422646841778,0.550182622052401,0.40878633838196365,0.7029816993208241,0.7233755546058934,0.595820858541888,0.6205253713263542,0.4761893158743778,0.7064987060839653,0.5415093294537908,0.7375140541440816,0.7402202614363239,0.5725698604673526,0.7008654577580714,0.09358661376546203,-0.007865676371847166,0.5708106099148222,-0.49247243893452947,0.6211645573150762,-0.24569001166123375,0.800873808937424,0.7477899223735668,0.45189680326025505,0.4637333833496333,0.6335856461326291,0.18761943007960782,0.22521031902264976,0.1687213412287706,0.6273210270487918,0.7992476379774271,0.27532342357090506,-0.11335069833025829,0.12232918587405651,-0.15306604142445687,0.7178532557952905,-0.2345887482557384,0.6803989727028935,-0.15907265440462304,0.5136861189211824,0.7716214551997417,0.7534902507937112,0.4749231127423932,0.7292083127602608,0.6218753965872444,0.49610971283011923,0.6226609863098896,0.6050177264039728,0.719501098434661,0.6702405006188933,0.5380101642813153,0.7303718990504694,-0.030396023742954383,0.3720226339967942,0.740937850373855,0.18296974668978658,-0.45265003820596306,-0.12008416345026925,-0.4241483823261385,0.08640107940336572,-0.4048653822436796,0.5438327786247302,0.6265351582895465,0.6340966836809917
000768.SZ,0.3797748839876089,0.09316316186717051,0.13165912739063698,0.43326486787453766,0.2430580615128626,0.3366568046425394,0.2392908688605799,0.05226830138934355,0.5075036904586859,1.0,0.2843180276714025,0.307162835497553,0.1325485466484472,0.10165486449607437,0.07725262849432728,0.11085547596701643,-0.19357721211206083,0.0487831630616495,0.22951264274704838,0.3322551134330772,-0.04510538218260365,-0.2887523503485106,0.47049550382420374,0.2915749464897274,0.0047888925133425285,-0.2515163029141623,0.021848435422539114,0.05647139052419518,0.31341299531648986,0.31866863688403496,0.0656351601600344,0.07159903051472337,-0.07939075826943767,0.15398102795773347,0.6149627237553874,0.2439178266562155,0.532942140763751,0.37804656965409184,-0.23800824527110898,0.1898496190104433,0.06999413566499352,0.604493819527698,0.1899646056656176,0.6536715118814961,0.14256140266767112,0.09158126761585517,0.03290662818690835,0.5379498419043464,0.47778366614821727,0.4511917777929951,0.35877334540097,0.11302979889934674,0.5109118378088017,-0.09341717755963762,0.1693514606264274,0.16339206585114055,-0.16290470134413326,0.1655556651477301,0.2126412274011008,0.5978365501453612,0.4240744670876555,0.24401435152210868,0.5720479863361252,0.4885721182402903,0.5806544232435976,-0.18541188196170677,0.33213724230385283,0.23264681558890896,0.48717033825189754,0.01795450013566378,0.4147404344767513,0.4308785357932958,0.15489483871166462,0.480171804352672,-0.03867100196950956,0.36810262286586776,0.11428958056791687,0.3944387197708272,0.4056700952421417,0.31682507790345876,0.06026285356504518,0.4179891761642886,0.21078987256127502,0.02891672145176884,0.6890247228397044,0.07726788349478574,0.3876567042039801,0.453523964942567,0.5129986780432055,0.48654206128219163,-0.12562346777646174,-0.13709744402950877,0.47786583487477174,-0.26870844592571674,-0.4262429913850651,0.17474732941115165,0.004991248550607092,0.2714426342639158,-0.018016869186672203,0.2835495065046843,0.2373999591022414,0.5009405321521349
000776.SZ,0.8192319293503272,0.8164576535366667,0.7763599517472649,-0.03302879136109967,0.8461366321271463,0.6064375229997477,0.7226995044444914,0.6497794106881772,0.6842821704672842,0.2843180276714025,1.0,0.728876687187329,0.5406004429713217,0.5253977754172555,0.6499410121285742,0.49538716365572916,0.39880343342920205,-0.19575245170409558,0.8218404610810789,0.3549384254058914,-0.33722088803561445,0.3372376341452586,0.6834198777573267,0.16654522469792357,0.6678190663470819,0.4126451502930308,0.8181874478396214,0.6191506580469394,0.8205911301201602,0.050120221955353796,0.4866510268410005,0.5859159330141043,-0.05650850126680648,0.5691165540721924,0.33050940382987376,0.6960500232219416,0.4659267366007949,0.7145017441401605,0.33060277324064263,0.6602490739728303,0.8531402806715018,0.2719012450078126,0.7492621368746457,0.6738868305114482,0.7327771775264117,0.7422583753778826,0.7691980686822307,0.5416613678251548,0.3177027975594667,0.8170287709656465,0.6940093905325351,0.883269456212317,0.5652925728533171,0.3769750993311789,0.2562989246226354,0.8461108319328255,-0.3925687945927514,0.8236258995920968,-0.4565993478154833,0.7115746909024595,0.7722259302907918,0.5409785883434483,0.32505976893410854,0.6271138055839726,0.056813004170798174,0.6065174530655967,0.1545392676781376,0.7150367772545468,0.8385501614701593,0.6760824990980496,-0.30403689970073555,0.011058847187191504,-0.14381749519154455,0.7883590832540722,0.03369369554993002,0.8665921439309828,-0.06644115287414921,0.7079847791895846,0.8941863404183886,0.8641150115236043,0.7501798752387899,0.8523164728287886,0.8421117865479227,0.7890687426599282,0.6004112496647275,0.8710059015247414,0.8130451837480122,0.7105874140421276,0.3157011699213533,0.8082555738195559,0.3697280223746728,0.6791273025265131,0.704408632896914,0.5172899589814429,-0.10086710135404492,-0.15231680658106422,-0.39070626911141154,-0.04937316503146625,-0.31756079832645795,0.7355695876871274,0.7241178183362682,0.4432622567619948
000858.SZ,0.922951846200975,0.7628047460347746,0.6846130733707635,0.17264367720948667,0.5654697684691369,0.630954476558258,0.9646586422955448,0.5814386728256457,0.8030106578801509,0.307162835497553,0.728876687187329,1.0,0.3690532791830187,0.2818211899462823,0.6979517077775782,0.1556720282608908,-0.014957066303207839,-0.43992346701477253,0.9201985340255471,0.4218858695822664,-0.4855615129001314,0.17599125532542903,0.7606454951582041,0.2206038883939687,0.6307088847529896,0.06683751073340718,0.6820403084948444,0.4553168883980301,0.6860187038636288,-0.031130492614896494,0.39425024824445565,0.46251909192977414,-0.3859038926543679,0.7078562983995046,0.4954105013641518,0.7289446080041878,0.6602310260496127,0.7560303906345581,0.011823473491356706,0.4121853822952728,0.576260441646164,0.19992392816062518,0.7823970079793012,0.7220862192413601,0.7091633672030991,0.7601058619131685,0.5289730187634837,0.6444418125141477,0.5170651959608709,0.7678402335793536,0.9026513223625022,0.6694214010670665,0.706016254226219,-0.02463726918147176,0.02795001971308973,0.5838838650852544,-0.6262521407864362,0.679071461482354,-0.39254970804770367,0.8473523226937005,0.6691519169781036,0.44767381442132104,0.24795492155770646,0.5662730254887479,0.16611127698943493,0.43428975968017075,0.008003468757924828,0.5899690098241809,0.8012496454982984,0.4053827604896328,-0.28635870379550227,-0.04813258689637697,-0.20824641920027046,0.7919705605923562,-0.18563585148387088,0.7185667960331995,-0.14764751166516932,0.4127312319692665,0.8191485533729438,0.8209761457443587,0.5740648494820156,0.7376971633871237,0.6331350905405778,0.6513739394335732,0.4651611424591208,0.6742863794737918,0.7414464309605883,0.5776551521660908,0.47255452394966785,0.7529571233199821,-0.03256123638446967,0.47871080710548003,0.876919647943264,0.25399567937074513,-0.3580562257589592,-0.3072704401015513,-0.5581485537984711,0.1140905045108233,-0.42679371593048937,0.551401906524186,0.7402794411760176,0.5917524065417682
000876.SZ,0.36901769108480337,0.5189233426340081,0.5527364879122468,-0.28578124501106134,0.7053119635902397,0.7544202939809169,0.3611835783630673,0.7301997554842202,0.4374508840566977,0.1325485466484472,0.5406004429713217,0.3690532791830187,1.0,0.024373978078945268,0.5845941443711414,0.4274427031080708,0.5151660893707247,-0.3124163241067867,0.5133925811114572,0.6246082029722625,-0.4572487891948616,0.43175829054477416,0.6678139458751647,0.601739267638405,0.4209482264277716,0.6451244254219686,0.539432755758198,0.6342411336794724,0.3743071852012698,0.1122493401070316,0.3165008185699529,0.27311769377625184,-0.16959344013001507,0.15671698915896598,0.08035348565459699,0.6713807123349054,-0.047981878665600976,0.27359338868825495,0.18748773902325522,0.3237385487498658,0.6519533512613968,-0.0526620960458131,0.46920915132853147,0.5176193469513023,0.7025315674706993,0.5549001472746568,0.636290257133656,0.16392175324045435,-0.1668065998546263,0.47218865315038344,0.22798357306243053,0.5672731101692688,0.1575887116324149,0.47267198122307663,-0.02382877480666126,0.5201597654526544,-0.30233628485871916,0.5145701681590932,-0.43200404914134255,0.28020607905845685,0.44583289282835664,0.5192214507407079,0.037917240631820094,0.6471771092188671,-0.3990421037563583,0.4839528868904846,-0.21888862490387326,0.5493683520468028,0.46530398083513796,0.3061127688523304,-0.458836130751986,-0.38048905514227743,-0.5701954650387583,0.2815596773679803,-0.24531406724645108,0.5069431055442676,-0.5022070090978576,0.3715621317325853,0.5328585980519284,0.5208087995454295,0.66538121570142,0.4037890923911758,0.6370105879929189,0.5241556010849805,0.27368173298752335,0.6246699595307104,0.4622113629872991,0.3681096367193784,-0.11932458647322225,0.5525740847201454,0.4704583538822878,0.5754887357127005,0.28426207028474587,0.5656884830520567,-0.05990702994410519,-0.343819117767349,-0.5087824954742715,-0.43199691940989143,-0.5411858502608597,0.23283686623653954,0.2957619350603846,0.08416249238829632
000963.SZ,0.4128031454782419,0.3918147688769935,0.28999803047555067,-0.024450128227678225,0.3470936510603937,0.16072956126063645,0.26747929228644324,0.17937904957976694,0.3162696389527217,0.10165486449607437,0.5253977754172555,0.2818211899462823,0.024373978078945268,1.0,0.21789205812800203,0.43097943646287185,0.2356442709385502,0.3867526539482513,0.35828830638928505,-0.07034535251813011,0.27916388616493165,0.16133491245406767,0.10335056079939131,-0.08396858840698208,0.3811938415612368,0.20304253087679244,0.40969066383565017,0.2693498827373318,0.5933853198843658,-0.1329629572734151,0.2584495634648878,0.36109933442659975,0.10303761377208324,0.16989090430640272,0.2028708338619538,0.2819646780866365,0.33876421371251847,0.4329832518532746,0.39393407477975506,0.6061893825334281,0.3591382324881456,0.4236021800709773,0.3983961503175819,0.18028309160223033,0.25524054253418055,0.2518311456890741,0.5307679337133461,0.37887015277088554,0.4419416319095357,0.5140308417555671,0.42673582148751393,0.47132436113363263,0.41833962154942733,0.2763929388961085,0.39972848159842034,0.5173083790470835,-0.06085447822756183,0.41581592764274417,-0.14481357743948473,0.38465351468211423,0.5688317061262712,0.09719010964869934,0.36073209142733914,0.3139085989227301,0.2041928174573401,0.345901073568305,0.4845488219521538,0.3435553714088056,0.42843232984206164,0.473864948562825,0.0024445309239241836,0.26628461835482015,0.2160581113170944,0.512131049132031,0.24504840981299436,0.570676517380375,0.20126574730778535,0.5671094646855651,0.41914801754602987,0.528239006223509,0.31223024330030696,0.5405016054769586,0.48407471431337273,0.36182252051596,0.3960846170362553,0.4119251810779159,0.502188077512881,0.5057517668706494,0.330556732741508,0.4018729166777674,0.15481276970970773,0.3344780215279717,0.35695458452465934,0.1678627471301852,0.022833211718930418,0.22088019926485158,0.06863986355052037,0.13695614023323346,0.14816119963948873,0.5968133150244704,0.49295745242634287,0.24906230883940608
002007.SZ,0.6614502442183058,0.8583790973281111,0.7857528872788753,-0.3426228840487813,0.6970249763962006,0.768089485530925,0.7611600617218658,0.8281746187932976,0.5661691120275932,0.07725262849432728,0.6499410121285742,0.6979517077775782,0.5845941443711414,0.21789205812800203,1.0,0.28036895169928916,0.31057648584012104,-0.5956940489990054,0.7510406723357335,0.2737398289384431,-0.6321404082523236,0.5201873745695541,0.6057641849193564,0.09618925987389874,0.7524268588385213,0.3427753082279537,0.7242817535621056,0.7111482761165876,0.6280189374789785,-0.12363410854663974,0.5477405281527036,0.595656238539115,-0.20705835875652515,0.6827329098984151,0.17237114661161437,0.7870482625499152,0.14182301854732715,0.42634443321218923,0.22882636378555113,0.4391942476443041,0.7238495955065458,-0.01969081457742682,0.8026084355818023,0.5806517028094442,0.8223053141607813,0.8798081820444144,0.7460634042870088,0.27052963346309444,0.06874524693857262,0.6033147447284447,0.5189642307121628,0.7368799341716864,0.33630865703554075,0.18684923081719915,0.030410792864459274,0.701952646411248,-0.6433075393526888,0.7332716425071731,-0.635549308480787,0.4933532602020594,0.4398408727674122,0.6164572729559107,-0.1068243628543244,0.6283643635349933,-0.16604682421422987,0.7110287620599939,-0.29476283594489533,0.6184298547252897,0.6426226981392555,0.4222897469970895,-0.6317250742465942,-0.38821471275520264,-0.4025841565582781,0.47414342743626076,-0.11294253595161985,0.583556872972064,-0.3252615888075727,0.32169217375373355,0.6878274982897051,0.7312377185846013,0.8136576857923795,0.6157616189114314,0.6931320959259941,0.7372871939326074,0.2457378706388025,0.7614781948481246,0.6927606023119343,0.5308363133682114,0.15419573753756036,0.634587915376175,0.36938739073054716,0.6856182793129495,0.5491086579422824,0.5563201063447252,-0.079478000699709,-0.45000448653903985,-0.669595597608945,-0.14122324060515654,-0.5235957891035394,0.5119844028531797,0.741612502938718,0.24464262619344024
002027.SZ,0.2824352817929184,0.4428317259093837,0.381200977550445,-0.25034333528306973,0.5472675356150812,0.28977266711602606,0.18178430914456864,0.35469632700641096,0.1862206372978248,0.11085547596701643,0.49538716365572916,0.1556720282608908,0.4274427031080708,0.43097943646287185,0.28036895169928916,1.0,0.5519514700590774,0.24025211666163915,0.35486584904881635,0.1623558585788708,0.0847936420836178,0.2587088004347622,0.2166112280564578,0.12409909326362911,0.2584588201268057,0.5518764300130937,0.3648051942342914,0.39608256163698813,0.43916758511392334,0.07394772881481099,0.20115905011604052,0.2727555614996563,0.02201056162223661,-0.04895855373919494,0.10826500328877593,0.33643632490503234,0.08897118327724814,0.27952059001709995,0.6131090852460671,0.5689652277869355,0.4940503283352155,0.26814272183630566,0.2571449408672536,0.19135835798920528,0.3094270905185124,0.28002807729491414,0.5272398416372458,0.18544370214415654,-0.01327036515627273,0.3936970240528587,0.21617748178028862,0.4922689151298238,0.23898874217177493,0.6158138212649696,0.30200042487475826,0.5310528146660469,-0.0034113680597914475,0.4549216394423068,-0.18606436153046216,0.19854537445185796,0.5692195532069931,0.29642191500212284,0.3208040625883108,0.40413257273877384,-0.1766418308128573,0.4519224174513046,0.3243806399953401,0.5657930269367343,0.44924776437707786,0.5352956704555106,-0.20501050785487965,0.10250869910801828,0.0702972679136366,0.3853399390132289,0.286303606415301,0.6146165414089757,0.1392639456627293,0.6758733128545247,0.3636441619009538,0.4431862283665043,0.5695877318444398,0.4943929449361703,0.49451291903401823,0.3615628443574592,0.36958465948064895,0.4299633534276864,0.46935334098679804,0.5158334276568362,0.07963596887363476,0.3771433471450523,0.5874036403543748,0.39756032752984577,0.18917908839022812,0.27685483427687024,-0.06565757903390552,0.21794842101158876,0.05106637906408914,-0.11904791625661981,0.12729733490614595,0.5165935023293198,0.33688456985373755,0.07617151672300201
002230.SZ,0.045655126672570344,0.3216005118160838,0.3798748662852507,-0.46136294198736555,0.6001631382488556,0.25942651742114026,0.05341168594464629,0.4466659840807785,0.009496147769956812,-0.19357721211206083,0.39880343342920205,-0.014957066303207839,0.5151660893707247,0.2356442709385502,0.31057648584012104,0.5519514700590774,1.0,0.09835230290733872,0.24665879465279636,0.07048147003024915,-0.07949501595247431,0.539197373744828,0.025749760812100512,-0.02051422315144745,0.3927183148747866,0.8412698326650312,0.43464244639766253,0.4782343189498528,0.2802278404154829,0.09932426775719194,0.3673880287229904,0.3953230613997391,0.2651214737960938,0.07541613626750275,-0.1893853589545537,0.3927699156503537,-0.3456915893670846,0.033267074745197106,0.4965412003151668,0.39523780455423485,0.6317042926480155,-0.23258453275102842,0.24590911571152438,0.035695143247483234,0.4928152148603519,0.3770066821470508,0.6035225357377978,-0.3144422584161594,-0.3945487965843011,0.27156536492072886,-0.06896045042013046,0.5160979898342238,-0.18726030851813089,0.8720967159514887,0.2266782020220801,0.5148783292876976,0.08739649018022073,0.4833307508111835,-0.32262803557755226,-0.0906703610828911,0.26689407736123344,0.48386053876805785,-0.04856784118445423,0.4366971085880438,-0.43105320944974995,0.4943974884404518,-0.10599051000841468,0.39829591347259957,0.16264289676222235,0.4640952005264572,-0.4624824201205305,-0.31349893262960216,-0.2654739219977601,0.01684614168807592,0.14306179927865292,0.3133477939705194,-0.17624582023995627,0.4931321994442179,0.2776603712335813,0.24601247918652155,0.6278965563690284,0.19939118229731242,0.616931812204558,0.41036738254692695,0.2012916168986525,0.46683814172425403,0.23619204980479588,0.2987032509395874,-0.3509499680199562,0.2256946532172743,0.7778335723865747,0.4453042371294759,-0.10627391162002785,0.5899918508287357,0.2731587932872233,-0.11091842289326391,-0.1293501325478407,-0.37231159389529983,-0.18798703497878608,0.33790839049607985,0.11168771634097023,-0.4049208619203315
002241.SZ,-0.3339784864199242,-0.4539114130180358,-0.4259404356156731,0.2602628774706153,-0.2838423700820326,-0.5008910186818989,-0.5146248075673107,-0.5714339040782612,-0.18955987440622293,0.0487831630616495,-0.19575245170409558,-0.43992346701477253,-0.3124163241067867,0.3867526539482513,-0.5956940489990054,0.24025211666163915,0.09835230290733872,1.0,-0.4090034129724672,-0.10897143692073154,0.8896201683509263,-0.3059063673049807,-0.41551282219775826,0.010432399240814705,-0.49818644635219916,0.06911134860991115,-0.3677962853717686,-0.3422004084448924,-0.1751093096059774,0.2621689471655046,-0.34196494261563887,-0.30453017447903946,0.26831893501347115,-0.5097389938342453,0.05400913464114856,-0.3877920417007616,0.06577149025087087,-0.09275780698892418,0.12518267933895336,0.059807147448938745,-0.25567419406915787,0.33469029510219905,-0.4885420114786316,-0.38754648476262926,-0.5297639083317434,-0.5519946788382131,-0.2119224401416394,-0.06206848264860395,0.14022057959418197,-0.1298168179497503,-0.21476655703301792,-0.2520926922782968,-0.08881234270055062,0.23043352967450248,0.2599496878676533,-0.23414472931318095,0.6640918155619896,-0.32194322492958033,0.559566535989983,-0.15824250525672082,0.11350305603621706,-0.2270041089907997,0.4461403356207095,-0.18426596592243874,0.18837084086533487,-0.4180307186797096,0.6651942594300262,-0.21332007860738966,-0.20928608709698804,-0.0742952677344421,0.5160973892928155,0.501679344729747,0.44835050982948693,-0.09526430845820281,0.2606882230457429,-0.01767754236974149,0.3857587405675536,0.19846668328858877,-0.29084476231728235,-0.2646058822921255,-0.34150469454354404,-0.1211677061316143,-0.19934262841502168,-0.36299809640102915,0.16788688046730918,-0.37372375745549197,-0.23540319378906546,-0.027426441240958287,-0.0013407184633261553,-0.2460299561744288,0.0854732459248317,-0.45029932070596873,-0.2890198666534011,-0.37966551182763625,-0.058400140436499416,0.6154877730030478,0.7486927346650859,0.05288589057261981,0.5511027796309412,-0.07708854112174592,-0.3892138863816958,-0.10883971042964831
002304.SZ,0.9138117230718898,0.8494201285604994,0.7663698893853576,0.025299009904440718,0.7136478685193891,0.694137008870143,0.9153899663073998,0.6983499257450411,0.7289380781819923,0.22951264274704838,0.8218404610810789,0.9201985340255471,0.5133925811114572,0.35828830638928505,0.7510406723357335,0.35486584904881635,0.24665879465279636,-0.4090034129724672,1.0,0.3899777722203119,-0.5123364821833728,0.3812957790715234,0.7217904864022922,0.20540611691582755,0.7153799729678804,0.2895920493294881,0.8228826280473349,0.574621373589346,0.7603811873691498,-0.008852768138019865,0.5348707816221379,0.6293483884816861,-0.23412309336274076,0.6688243123506125,0.3488361489034764,0.7870767135225211,0.508906699823627,0.7677726456171422,0.20643969277756782,0.5487620831089847,0.7183293550308557,0.14275755063181808,0.8174752448698052,0.6871042758423481,0.807921901362659,0.8003896205234597,0.6989484986186998,0.5387287885471521,0.3589901463854102,0.8174340147706237,0.8386645748014115,0.8091088980292342,0.5812112447496296,0.21660527429945822,0.13314338283068014,0.7388845671961531,-0.5849971215174747,0.8150085006357717,-0.4911701786304396,0.7659827929986949,0.7192390941714222,0.5849506594581656,0.18273248782194318,0.646539822011025,0.059110907970760185,0.5983540930583257,-0.010755287252196913,0.6878111060986694,0.786448639859343,0.5211047912942269,-0.3828051981265705,-0.14177651830281748,-0.2689584317066575,0.7631882748232717,-0.07492823052898391,0.7832819128513392,-0.1719211922005676,0.5307525548282878,0.8493569143344651,0.8841891506724471,0.7400736746368034,0.765854684054,0.7879925463664695,0.7679195047044062,0.4721498221451117,0.8018542144876593,0.7666307268938156,0.6285026331708682,0.33589960982799894,0.7713606098259073,0.2058979095766705,0.6063276165954131,0.820524092926239,0.38148058706544913,-0.22114114928805528,-0.31692667508139966,-0.564023137640752,-0.000542701158270246,-0.44621067008923804,0.6402472138656392,0.7575078296923957,0.4529307272100351
