,000001.SZ,000002.SZ,000069.SZ,000157.SZ,000166.SZ,000338.SZ,000568.SZ,000625.SZ,000725.SZ,000768.SZ,000776.SZ,000858.SZ,000876.SZ,000963.SZ,002007.SZ,002027.SZ,002230.SZ,002241.SZ,002304.SZ,002460.SZ,002475.SZ,002555.SZ,002594.SZ,002714.SZ,002736.SZ,300033.SZ,300059.SZ,300122.SZ,600000.SH,600011.SH,600015.SH,600016.SH,600018.SH,600019.SH,600028.SH,600029.SH,600031.SH,600036.SH,600048.SH,600050.SH,600061.SH,600085.SH,600104.SH,600111.SH,600115.SH,600196.SH,600276.SH,600362.SH,600406.SH,600436.SH,600519.SH,600570.SH,600585.SH,600588.SH,600660.SH,600741.SH,600795.SH,600837.SH,600886.SH,600887.SH,600926.SH,601006.SH,601009.SH,601021.SH,601088.SH,601155.SH,601166.SH,601169.SH,601186.SH,601211.SH,601225.SH,601229.SH,601288.SH,601318.SH,601328.SH,601336.SH,601398.SH,601601.SH,601618.SH,601628.SH,601633.SH,601668.SH,601669.SH,601688.SH,601766.SH,601788.SH,601800.SH,601818.SH,601857.SH,601877.SH,601878.SH,601881.SH,601888.SH,601901.SH,601919.SH,601939.SH,601985.SH,601988.SH,601989.SH,601998.SH,603833.SH,603993.SH
000001.SZ,1.0,0.9250081877341927,0.8619122163472698,0.8385087657312185,0.7198702173567463,0.9075431678584635,0.34608623741859773,0.13526884363156144,0.6473377599167512,0.5466494282413902,0.9393618675345415,0.5215341205696459,0.7514052078651615,-0.20643616656965705,-0.033229104009572914,0.8661932776413912,0.7499820836962187,-0.18962488968319033,0.7639032647199887,0.26640094651117013,-0.5502665582224492,0.3765511975716802,0.10875520869299547,0.7023856349390875,0.9598505318831938,0.5979941331020858,0.8584101412204274,0.6599092751237433,0.9532732849576689,0.05448082744237742,0.8219323197576611,0.8468370418180035,0.9258903003456159,0.9197825444278069,0.6438963112325395,0.7395086336476614,0.7363163232170257,0.9326758339967899,0.9300084118781536,0.887437745060828,0.8787626687455167,0.3001248640674142,0.8132508618339559,0.6661143638770506,0.8118707663786174,0.25841039362496904,-0.30383466352263083,0.8448400230089957,-0.2738096135453509,-0.04755655188367525,0.5353310761214486,0.7243177554525584,0.9162511762757198,0.835066121548008,0.4254682996264522,-0.21171456077828407,0.05830797167278762,0.9103656932247426,-0.1877956233381977,0.44634290167225665,0.8932674649608465,0.7863040961247608,0.9280213172428856,0.6044568257934357,0.722400144043969,0.8949951327917393,0.8554681286762368,0.7234656734579524,0.8236173780132746,0.9302900392928639,0.7290684750711997,0.9320353431388368,0.7793824647707314,0.9290154185212335,0.761321798009244,0.9236419603716741,0.8317504287202518,0.8897400772220151,0.831843523388878,0.36467443705297026,0.5149513885354374,0.9147775911081611,0.8395191567337132,0.9364569159159868,0.4666869970868522,0.539979065924551,0.8053230902033627,0.9298730342014868,0.7427538940365265,0.6480594864115597,0.8975919139033985,0.7905263504644453,0.7259302601350397,0.8999182966615077,0.7987108157061972,0.8135619957489589,0.6235346973428515,0.7752646385419467,0.6770802872684323,0.84693069085474,0.735134092868039,0.8077303144805593
000002.SZ,0.9250081877341927,1.0,0.8786407151896741,0.874430521986915,0.6694727150630438,0.883490127670257,0.34446036710883104,0.14342139718916533,0.6850581922856329,0.45343296597136673,0.9237289230769979,0.4966506941899789,0.7649502851383388,-0.3041372535102444,0.020242861299944626,0.8948460959372936,0.7598544665058221,-0.21873360026223562,0.7585522444999183,0.25367547910766386,-0.5879908288331411,0.46695492525152854,0.13221524154776168,0.7325712132487926,0.9366062204918846,0.6215191039737644,0.8165687432423261,0.6184808827287808,0.8734215428664562,0.11739700876394595,0.7348470374521359,0.778754658307968,0.9066981974029508,0.8958965920282104,0.5937021576344654,0.7523354095976448,0.7159296032818862,0.8563967283337887,0.9455544994437425,0.9017656500881074,0.8256745231693939,0.24580453696585516,0.8325792797437893,0.6590863391665553,0.7908264211055177,0.2239747793919917,-0.3840546062348085,0.8198003437982447,-0.3099897164636458,-0.13372224048772585,0.49956261043675804,0.7542027067341851,0.8824581870093139,0.8625095829313912,0.4221963709025088,-0.30473129413293804,0.040948645671652614,0.8744104072876621,-0.23758192974670336,0.3804858032229355,0.8261509491418045,0.7354380010588173,0.8761146218742469,0.6356763962413275,0.5787734756969918,0.9400302095842471,0.7876072248291947,0.5952383874953125,0.8574315398052276,0.9053205560837658,0.6464082388933129,0.8491952905854806,0.6732314035801256,0.8785994523972253,0.6805988849100766,0.8776712872416793,0.7361644061225713,0.8476626657894292,0.8429497446977168,0.31078854208730894,0.519843151502278,0.9127637223021288,0.8113814572570641,0.9055879856818384,0.5531518106290005,0.4733081472775191,0.8437936500001163,0.8622303580421509,0.6946360012849411,0.600096728577341,0.8526673968488717,0.7202494524159956,0.6934943877373508,0.8866550479509939,0.7037559097497025,0.7061800228594998,0.6040319460300156,0.6786034672637918,0.5633791397153362,0.7731654604151,0.7909246196156648,0.7785477073566169
000069.SZ,0.8619122163472698,0.8786407151896741,1.0,0.7721296526505802,0.7059641106565304,0.738139646168341,0.24724426314517947,0.2634382463741402,0.6966109336811847,0.3953647006577173,0.9043711614091562,0.4030827605103133,0.6553303452004708,-0.39123619083143324,-0.054072897705120165,0.7568122329313637,0.8083322378610892,-0.11382113222406005,0.6416456632197981,0.13386063326861752,-0.497616783710302,0.28412184731068746,0.06073987003588633,0.634261929356469,0.8938671347472184,0.5018867736541832,0.7357165049439077,0.47047606205895814,0.8291672117784857,0.15584852756584905,0.699263924822227,0.7261567653865207,0.8743186064684839,0.9053518423943959,0.6013342255807387,0.605870816624167,0.550224111759175,0.7568230301763982,0.8992483301735712,0.8086016083431771,0.894166296058026,0.20154349447203054,0.8289845775533212,0.6487428583246272,0.7032882385560252,0.06081437910938579,-0.49717624075881517,0.7454147654587197,-0.27429106808343295,0.053123209680252866,0.36175662409888826,0.6916067573610158,0.8529512248876063,0.7486544066566077,0.41761569833081863,-0.16157340800819825,0.16952743092709413,0.8610054608485775,-0.10898458895395773,0.24234208178639996,0.6714427353429615,0.699991647132665,0.7623310798842488,0.5319485264448074,0.5621102419413077,0.8416056334555754,0.7551527417722768,0.5684283692622083,0.7590173533109427,0.86937753562307,0.5186835036309261,0.8271009794518984,0.6590540010326231,0.7602082955159525,0.68551801392096,0.7673598711498374,0.7021760499679365,0.7301252764147544,0.7602208203139232,0.1862278939456046,0.4265538131167442,0.8350348626561099,0.7585292623678282,0.890111387043255,0.46175731053885216,0.5304297303167479,0.724645358179246,0.8596258660888276,0.672257517181555,0.41495135987002657,0.80963349641008,0.7705936258833198,0.6080090829296513,0.8777944226294494,0.7631466539216586,0.6681924809749367,0.6528357703400899,0.7204624487357248,0.47010315869075464,0.828750688694036,0.5933150284500976,0.7534190088111047
000157.SZ,0.8385087657312185,0.874430521986915,0.7721296526505802,1.0,0.575294760385329,0.8274738328602594,0.3061325309734369,0.05799708659407659,0.7571107765867674,0.5079708920618247,0.7970404778049542,0.3632562085026699,0.6884026176607904,-0.2960687459876357,0.09147831000642755,0.8477429075536258,0.696866479635045,-0.22270872986703374,0.7098603817953744,0.20323532715957282,-0.6160291618227864,0.5065222706185972,0.00755741786056321,0.7037522998456326,0.8371817680140059,0.6618114679804863,0.714699114436168,0.6753674470581457,0.8160435123398541,0.25968066905907045,0.6840356763485288,0.6522130334338451,0.87589699530044,0.8393682527301783,0.6963185642575732,0.7797067280557681,0.720347712153928,0.7723950184348395,0.8737094708334694,0.848906347771786,0.7688404094006843,0.3996178766522847,0.7693767703270239,0.5755513784110483,0.801827956817675,0.24878403407308003,-0.2544592197190468,0.7861974629169329,-0.2671141955755179,-0.2631996484826792,0.49677206931698503,0.7770590541535761,0.7744936538236633,0.8775041717175404,0.3003895858250145,-0.4199031508416005,0.1588615486485345,0.7535627241716024,-0.1397857807711507,0.21220840003565636,0.7062229196777897,0.818789296092667,0.7857826326759986,0.7090239922205396,0.42546744468045944,0.8492609054545581,0.6742717066968229,0.5843580079840546,0.8670825902162869,0.8530424190744114,0.5681653590085287,0.8133858148337879,0.6455203112712504,0.8324924805149333,0.6779196105240507,0.8193779405080986,0.6586300457852308,0.790459917416016,0.8664740897631997,0.2879660039298304,0.40978546620570144,0.9093961387416192,0.8370440089010613,0.8328748749371377,0.7463566993216576,0.3136886216043811,0.8940080790124184,0.7990814406084459,0.7600364306244106,0.5523282907422985,0.762786573645597,0.576392622068911,0.7392281886967386,0.8748117325546186,0.5409121449919666,0.653710645444031,0.6899631083475222,0.5527512997872058,0.595569355194831,0.6636615144964005,0.721619423845155,0.7654391790804933
000166.SZ,0.7198702173567463,0.6694727150630438,0.7059641106565304,0.575294760385329,1.0,0.6584750509948715,-0.05002422471771029,0.13766128822394175,0.5247283985988652,0.3808704388840447,0.8175148229689287,0.22059483911635128,0.2993165388088119,-0.4198501228897021,-0.19590758686857068,0.607790190928789,0.5907756543185119,-0.06320510610193068,0.30055976265426404,-0.012554188225376626,-0.29813380122596084,0.28412609239660547,-0.13704104502382233,0.30494533404903534,0.8000608723595377,0.36841806246019976,0.47316179657676377,0.1422419887444391,0.7785147729979541,0.2905683431371736,0.7038988606273836,0.8686159482601931,0.6518958462204979,0.6881319194483232,0.5820128519868079,0.24841700940190203,0.26082671871612556,0.6773634675549407,0.6760538746869638,0.6088476450868842,0.8334364679864116,0.3459779871842352,0.5116120756731881,0.28876665000723073,0.38856182830692626,-0.09141335303415082,-0.4807302207539877,0.5429855656563222,-0.15035616269967142,0.2914287116134969,0.023501059618196152,0.3828945749255977,0.556684389090396,0.48664486752072067,0.1480994051577227,0.0011702148984131244,0.3512664484032897,0.8892227586880188,0.23394354857058455,0.064570991832624,0.5361221915742854,0.6806644791648347,0.5197974534897235,0.23425278256432894,0.535601290781594,0.6561839185067316,0.7345766192211126,0.6914682869553482,0.5712170034884434,0.7811223194569679,0.3241531365909116,0.7637745684637222,0.8288108411950784,0.6101463279792174,0.8707575688781833,0.6704968403564283,0.7774106011913057,0.5618346309435346,0.5603252371835215,0.1549413661035576,0.0997332366774174,0.6263616091256191,0.5413962900501356,0.7694617440666262,0.37641290158503155,0.6145708175089345,0.5141948603702909,0.8250688121445352,0.6685857818421659,0.3310450373506468,0.748461186783666,0.8352148920312676,0.2509001383851299,0.7334668717477907,0.5131353283990764,0.7764228374581476,0.7148847897070009,0.8269717475836548,0.6668975410782702,0.7847528624249609,0.20572608137537504,0.5116949614413174
000338.SZ,0.9075431678584635,0.883490127670257,0.738139646168341,0.8274738328602594,0.6584750509948715,1.0,0.31297888588992473,0.13972305147874323,0.6316971420426897,0.43235102736736336,0.8535108272568515,0.48513538776752796,0.7583467742609423,-0.18701567356991725,0.023065811521355017,0.9561547157866898,0.633499132484247,-0.18455146639593611,0.7705415413144229,0.3227357242397828,-0.5524444741254235,0.3955219626340192,0.15087098673903307,0.6805195179964626,0.9058254916059911,0.5741653889813886,0.7614654369117715,0.6310968715046088,0.8670797559858653,0.06083523008352636,0.7737408551959347,0.8199319948953369,0.8968999399137031,0.8476309711122573,0.5967527622360673,0.7455391105001888,0.7038410845072683,0.8819196147145183,0.8487306220259164,0.8309756316414592,0.7829640149420515,0.35651395794374824,0.7684174254468453,0.6094893453461082,0.7759202271974912,0.32998793249219815,-0.2585775946089914,0.8148011189624486,-0.23263325878908603,-0.17057224037289384,0.4796428634981174,0.6899455319215204,0.8104394848830595,0.858733147812902,0.43522367774690335,-0.24152933187075268,0.07000459466718541,0.8308060491338322,-0.1440081395430174,0.46379367077818606,0.8679051642578094,0.7658400106429237,0.8814146324868598,0.6233290196778253,0.6013459145129194,0.8727899004826799,0.8036452077073851,0.671474092301566,0.8243698065176565,0.859523610787995,0.6578855596114005,0.8561537360950444,0.6993041104133324,0.9426324348064364,0.7148287852439017,0.9500985847837552,0.7666810660773429,0.9095759265435327,0.8171959992546852,0.42021652780372976,0.512752364762213,0.9129752513877308,0.7875837353378552,0.8618065392624409,0.43332805486540277,0.4476769857126804,0.798250625244776,0.8437349186575404,0.6900599033517055,0.7794000192993678,0.8283824816692821,0.6810549564193739,0.7324441075147746,0.8184308159592404,0.6491462810646631,0.7426880088236376,0.6376641809451737,0.6825478065206102,0.6587063741759672,0.7351764839699532,0.7516144846244298,0.7733650376714608
000568.SZ,0.34608623741859773,0.34446036710883104,0.24724426314517947,0.3061325309734369,-0.05002422471771029,0.31297888588992473,1.0,-0.02031920833793197,0.20056844077225203,0.2553856953258378,0.1930660853193468,0.7060634842786523,0.3903119289953951,0.4961371470308347,0.3996782592060156,0.3292477030331414,0.005246408350087994,-0.568691434100291,0.7179714025808416,-0.11008505434687964,-0.41520663259460827,0.3386731666731102,-0.06278833947272812,0.46131627431572175,0.2768868616129685,0.11637608290254442,0.4106605367424669,0.6052706186068301,0.22341106045913087,0.002726743958729977,0.055651538712885536,0.12477065830944428,0.33920754994989283,0.42046917822844615,0.14896212499436634,0.5084215110229267,0.46709350051576953,0.2018013129413799,0.2722213152714092,0.3421654824657268,0.054069342558405044,0.317642203504449,0.1734207002544069,0.1817707493133588,0.49528658607599324,0.5506808844279417,0.07556452291084419,0.4061646649227222,-0.5478345262290435,-0.2961869535417839,0.866134158215535,0.5130291244017521,0.418125126995098,0.5006840754666154,0.047261540056590993,-0.4789306303637448,-0.3112883253872797,0.10028227314423123,-0.38395091152725885,0.4345844642903052,0.37562225937321236,0.1915027751606945,0.4202233333358123,0.5701530698698026,0.08040523050316016,0.2305938440825929,0.16620634493231087,-0.07171938864970968,0.3775736906469478,0.19482700762861516,0.2682780230028053,0.12392301594193351,0.06263337315452609,0.34856419621005813,0.07144033398718377,0.33174032193303093,0.08479071441329893,0.3307814526353254,0.4266721949781074,-0.08466897651387499,0.20474286693950458,0.3933226551287525,0.4644491329546118,0.1614046407926473,0.18119909048122207,-0.2746006151910179,0.400744886678948,0.1567140848285796,0.2573746907476537,0.23859300905738498,0.08038120476887146,0.05875894994517411,0.7226425526844618,0.1885200066987526,0.25297366722981857,0.11855239974951963,-0.07700706654072932,-0.004303003847168048,0.04808103023840343,0.1245856542141116,0.5401026749990757,0.43861187666011814
000625.SZ,0.13526884363156144,0.14342139718916533,0.2634382463741402,0.05799708659407659,0.13766128822394175,0.13972305147874323,-0.02031920833793197,1.0,0.09653104757177651,-0.11221891536093848,0.20330389080467481,0.2543639532245411,0.08211368189973506,-0.04665120859236205,-0.2455732933698709,0.1373582522467547,0.3417149317108148,0.1779209531747098,0.06695699965054715,0.1779785143448558,-0.023509972810927787,-0.28481253287909664,0.4879126356608808,0.09044843327689693,0.13971177755124928,-0.12239845576097201,0.12861428078528928,-0.07435499079660975,0.057137943345487274,-0.14961791739187932,0.06556700536381242,0.14746251666634888,0.10002048527895656,0.17463250410706424,-0.08052975596612716,-0.06490415795336453,0.017262775524438573,0.11676471528616406,0.19746965830004282,0.052045027920532415,0.25709715050505183,-0.24057568046185598,0.3474649383702002,0.25610603039193675,-0.01371091012603634,-0.1453351421646839,-0.20984683423757303,0.028311620773676816,0.25337615722570317,0.318610098387259,0.03406520303342151,-0.005310466116952121,0.21195232895388236,0.015989759845236793,0.4423687749884276,0.48074967692571513,0.08963285505295959,0.16421185050129716,0.20174499418536984,0.10441807081764759,0.030769637160568564,-0.039511120243425214,0.021837772017238813,-0.03319820522647292,0.21108914908424622,0.18222753131542838,0.16093464173973693,-0.04240621113959305,0.00781470964660075,0.07242258979600792,0.09951308969754434,0.08532601303518282,-0.002609818832766083,0.08810752926679695,0.020267555619629313,0.10930407079960097,0.07806357651774709,0.09042896485163678,-0.02083203706519447,-0.021492886393820205,0.37057094482181424,0.07869592628480145,0.011792816688543135,0.13597056981970548,-0.13202220687638583,0.2894508694958913,-0.031164564533252,0.11192258629817786,-0.0638956775277205,0.09632098024462887,0.14454467433349708,0.2194018594112378,0.011757467271718123,0.12072509041553177,0.3499650072923033,-0.0020042943573435426,0.19488897616337172,0.2092725533693034,-0.15365149028326588,0.2534171698732294,-0.008543979659823212,0.09080033929175786
000725.SZ,0.6473377599167512,0.6850581922856329,0.6966109336811847,0.7571107765867674,0.5247283985988652,0.6316971420426897,0.20056844077225203,0.09653104757177651,1.0,0.47858941043082365,0.6456093992268447,0.30169764579005137,0.48976442101963485,-0.28724790059221905,0.24579538733437092,0.6069833873743479,0.6061588270992241,-0.17616168534711296,0.5957604607593945,0.16695574693987447,-0.4984948614941169,0.39862158034851913,-0.06125076718969167,0.4593555826000273,0.676078777395781,0.6337996541904644,0.5516032975325323,0.49377512827606945,0.7020140351861482,0.2976668004229213,0.6033383613213776,0.5317927710286304,0.7325791105448639,0.6891461105543767,0.7299034308766265,0.6746608801489633,0.5190220704960947,0.6559075836944602,0.6733701000626487,0.69509319671308,0.686797524130458,0.5383907082609978,0.6913594146869003,0.4622374764394419,0.7380515387640812,0.3110818320028091,-0.18791706633893723,0.6564121364063462,-0.15876256020226667,-0.12650632471126985,0.28634559311057134,0.5604714683083535,0.627681968357559,0.6917247444150448,0.2540644975043045,-0.34550350769110044,0.2682527723107396,0.610947354953915,-0.051561632375556,0.1884201422221288,0.5645092813548536,0.7242680904460849,0.6241321250252204,0.6768740422006322,0.3167104154768927,0.653561664571768,0.5767024069854098,0.5912414014233448,0.7028069916101538,0.7279066976215373,0.3959956399812465,0.7046242875107218,0.636083938633059,0.6890243710559326,0.6648930501649365,0.6711013673258842,0.6466576428760545,0.6597968331056324,0.7178400164554729,0.35950781435650225,0.283642106519892,0.728232342329434,0.6331175721188277,0.7035825926500405,0.6355648568440173,0.2909266215013744,0.7288579176710323,0.6990571757692826,0.702844354355672,0.38550218010909304,0.6296200347380702,0.4953648529144509,0.5265365660031014,0.756890110114767,0.45038131273943205,0.6649234692504608,0.6082108076638786,0.5334673934878541,0.521384778655361,0.6257554575281523,0.49998854324626846,0.6548117891635764
000768.SZ,0.5466494282413902,0.45343296597136673,0.3953647006577173,0.5079708920618247,0.3808704388840447,0.43235102736736336,0.2553856953258378,-0.11221891536093848,0.47858941043082365,1.0,0.5098232540130524,0.3739350881634176,0.3586847611233941,0.09608009044597061,0.07618940807436775,0.32237670946859315,0.3379862009769925,-0.07701966259402539,0.4461796658626766,0.18930629352680164,-0.09569963209704069,0.2978613994365907,-0.045227636122530335,0.2790097954001061,0.503948855175314,0.5044399725863591,0.6284311149948135,0.46403067849497487,0.5861043217814267,-0.03924037743118831,0.5556953907206922,0.43716155816593805,0.4774155899043164,0.5153042208329585,0.5806449632718379,0.4785235081505772,0.5703942268565154,0.5618839386930169,0.4950125366037926,0.46092295385707,0.5167543088969607,0.2970679303207902,0.40748088434895385,0.4668801738502424,0.6021599088468027,0.26271691211684395,0.03136530697290739,0.5617965745932679,-0.11267933038409357,0.08852185034915216,0.3420366429724085,0.3891664745598194,0.5232177187552153,0.473021667560707,0.08367586052341795,-0.16801477197390216,-0.11011465707833316,0.4465411476286261,-0.24266764154233536,0.26464850448161054,0.5779876926058544,0.4722116327359349,0.5428226555321182,0.355243242995778,0.44381781263844355,0.3230714593721703,0.5294921617342835,0.5548138509993491,0.42509998009672745,0.5667625574426667,0.48072415591484413,0.5605206766496095,0.6062680100341221,0.518555238195824,0.4769594628227653,0.45780322386243394,0.5925657700638723,0.4939788546686756,0.4598533709883233,0.30739091398572255,0.2738174005016351,0.4636476616458726,0.4502682470342381,0.5208437482797312,0.3917851166371031,0.33956028010886086,0.45516019578440997,0.5827744015020783,0.552388300294121,0.3273765629392989,0.5444876070636221,0.4831778858238853,0.3924441404077061,0.504950041558599,0.4694556261989642,0.5974657672957275,0.23309794645329227,0.5263454309405339,0.6911777164383516,0.5351798519149958,0.42549207413385065,0.5014536686650936
000776.SZ,0.9393618675345415,0.9237289230769979,0.9043711614091562,0.7970404778049542,0.8175148229689287,0.8535108272568515,0.1930660853193468,0.20330389080467481,0.6456093992268447,0.5098232540130524,1.0,0.4696582990025732,0.6841188651483537,-0.3322123308160959,-0.1812781177869691,0.820197761480311,0.7753979785322863,-0.05747924812799618,0.6443985948384919,0.25892629729242406,-0.4521379263907039,0.28763616941473474,0.11476638899826254,0.6395182494584378,0.9649902753198192,0.6207261838133843,0.831290088538156,0.46744183536455713,0.9135049018118475,0.04495758436459448,0.830143078212311,0.8580575293620245,0.8703698767358943,0.8952640842786014,0.5992881346531886,0.5994710570822537,0.6434609270486097,0.88927948890426,0.9476640533950031,0.812094729187674,0.9463858874727838,0.1866369717745997,0.817087826442351,0.6907732029007291,0.6948802296578481,0.07770304246779171,-0.44226509489051624,0.7546178422565889,-0.20229979620307512,0.12446989014684338,0.3526819380096374,0.6170275146937109,0.8909338259885379,0.7480211560257336,0.4231349325045883,-0.12363848736428092,0.10774546339076345,0.9611309436148924,-0.12969763983928695,0.3413538405203384,0.8100521054668309,0.7234928937628178,0.8281152042704102,0.4533166147174848,0.7095669703195334,0.8980313648299499,0.8635298397227406,0.70861696018937,0.7454777141736487,0.9503860231805783,0.6714812542956996,0.9170757857709498,0.7830230528521668,0.8502243025866417,0.7608568176676008,0.8451106579905959,0.8305821018163692,0.7990365898148427,0.7377292160756873,0.3141417719466487,0.5023700558610175,0.8402035089668557,0.7549258574676982,0.9630511703947414,0.41916101605502254,0.6797732634298924,0.7231606301020267,0.9461254185414747,0.6784378052541196,0.5824879275955666,0.9434678427955975,0.8658976163308219,0.5669942387474763,0.9168200055734425,0.7917206664157526,0.7889143637719215,0.6214254460425434,0.8382679557518632,0.627026326508677,0.8944834897700132,0.6211448029487542,0.723911528534964
000858.SZ,0.5215341205696459,0.4966506941899789,0.4030827605103133,0.3632562085026699,0.22059483911635128,0.48513538776752796,0.7060634842786523,0.2543639532245411,0.30169764579005137,0.3739350881634176,0.4696582990025732,1.0,0.4118335708472136,0.5104431177152183,0.031349880349615965,0.46138641575579825,0.2315339579805645,-0.15336777107241845,0.7546903550201733,0.22711365592068544,-0.15486766502203297,0.05949270075167984,0.28761745025029445,0.3568115542306853,0.4511233945158663,0.2827540384766947,0.6294920286532971,0.40732678770021735,0.3967854524163446,-0.242855797101825,0.3855639565982836,0.4276886445773991,0.38332523324381035,0.4911800647650902,0.08019555662470197,0.469915032424026,0.5796140916576125,0.5174635779336497,0.5236484852817754,0.3347295276133096,0.35318109848345847,0.08660290467734623,0.37319713043640124,0.4696660278600356,0.5152965945536901,0.3649702504441426,0.034947277395203646,0.3722940878094918,-0.15093525320034634,0.17526067126524947,0.7276483588250171,0.3342206531319189,0.6086512180203739,0.4447214079729973,0.22434357026693044,0.008297388485351123,-0.1705807410837049,0.38406100044456276,-0.11902811753330154,0.7001582240425792,0.6238893450795733,0.17116435483812084,0.5123307595637278,0.41721840098198587,0.5144201126395812,0.44572863189057194,0.5244231344746069,0.24198342733486664,0.29403564827476014,0.37855547795030753,0.5624390603357664,0.35598889197797995,0.29744465887657784,0.512785218055536,0.23342526682858866,0.4579846510092702,0.444241333484196,0.45498712389872603,0.3063362399926999,0.22505779958342043,0.46482137319980193,0.41938061237195595,0.3386741861692435,0.40137037012465937,-0.002448724416134418,0.26604301817355364,0.29690651287533937,0.4008739738417025,0.1873631520256942,0.4407791642281367,0.40894357730547637,0.3907823278536365,0.523459405453261,0.32912786783827136,0.6182377577568453,0.39877755052604313,0.04735570038726671,0.39647377386653065,0.15048530295655013,0.4396375285873126,0.5011137875040043,0.3897075754175298
000876.SZ,0.7514052078651615,0.7649502851383388,0.6553303452004708,0.6884026176607904,0.2993165388088119,0.7583467742609423,0.3903119289953951,0.08211368189973506,0.48976442101963485,0.3586847611233941,0.6841188651483537,0.4118335708472136,1.0,-0.16730115135499893,0.026693202782039665,0.7568337119368348,0.5355767601348534,-0.05886016473721271,0.7766848655156776,0.4542492832063337,-0.5093087946986371,0.246468995467218,0.3177224173979963,0.8860170341898521,0.7245593094321809,0.5972841471486051,0.7823527342876905,0.7510452080487996,0.6764335592909522,-0.13369646686358264,0.6431339963645527,0.4698783395456725,0.7827160562312928,0.711665139822781,0.46580763443765805,0.7874457702481306,0.7488511028978143,0.7353603339307243,0.7359761215346562,0.7040267673315497,0.5946064159690483,0.09651369434183911,0.7914107609101396,0.7319261417129718,0.7601638016630842,0.29789354268862034,-0.22038443045906106,0.6795980066539279,-0.2069228928735266,-0.32932556622194464,0.5855419359567682,0.6875055918533812,0.7776902168605934,0.7606843864953422,0.5978378006930144,-0.3175012671874639,-0.14508362860162796,0.5873056906181927,-0.416010584854861,0.4254165132964507,0.7772434287540065,0.5276851233719838,0.8497071651407425,0.6140972843452369,0.48046226563070377,0.7425926414156621,0.5979262854137667,0.44924035215813446,0.6880665549932962,0.7081872847340271,0.706053288714025,0.7034026858095098,0.41198362346525946,0.8005836832204669,0.3601504664059207,0.7443334268995597,0.5126588609484658,0.7644781040049448,0.6799325639496979,0.4015348426799295,0.6924014956273447,0.7803595185319142,0.7282666652378231,0.730015117920381,0.29642953372377717,0.33839900501093284,0.6970050439028213,0.6433760516601758,0.4857291114193918,0.7440643185301297,0.7242945819001744,0.44536743949620233,0.769985829930726,0.708362874684415,0.6041750119552171,0.4670964993052877,0.3710697319674936,0.4273597971100851,0.4014859602425187,0.5657736677183498,0.8614661745591409,0.6435605603219304
000963.SZ,-0.20643616656965705,-0.3041372535102444,-0.39123619083143324,-0.2960687459876357,-0.4198501228897021,-0.18701567356991725,0.4961371470308347,-0.04665120859236205,-0.28724790059221905,0.09608009044597061,-0.3322123308160959,0.5104431177152183,-0.16730115135499893,1.0,0.2510491936190931,-0.2534904999616649,-0.5003279574363798,-0.08975676345172867,0.16157329913920124,0.01971409273183045,0.24011475566864934,-0.18277344209173632,0.0911275586556068,-0.16949897859651908,-0.3210246831768143,-0.25629507448074135,0.05075317394813151,0.14838502407480111,-0.3071614405297987,-0.3938508303992602,-0.2794754799008771,-0.2679460851299386,-0.34025560883245415,-0.23799587434126235,-0.35239162917671246,-0.030444401262486463,0.11002530691125705,-0.18024794198448246,-0.28325322688738286,-0.3632610295525985,-0.4085123463837011,-0.07178899165942942,-0.38459394730016583,-0.023112895093852216,-0.03051666893477301,0.4983616378744791,0.6255723541209679,-0.19491834927789134,-0.009002138806772773,0.08341722175348328,0.42956661790759615,-0.2228053615320368,-0.1088585635462938,-0.1813801803847761,-0.14550571487116482,0.08609938751821526,-0.3763690664969573,-0.409325663593813,-0.0886085549067049,0.4721297161557274,0.013393397083740946,-0.40371567684852644,-0.11993212535005737,-0.06979951990887338,0.008336754608470212,-0.3632434974251013,-0.17761982761108822,-0.24290875067224035,-0.3152572894832999,-0.3686732327079556,0.046466866646519424,-0.34870686446122684,-0.26949770558664876,-0.13850077999314783,-0.36171530051280304,-0.22014866729798802,-0.21226283314530517,-0.18315600532794896,-0.2805230582310266,-0.018937821203987418,-0.0036628673755497907,-0.27545033768412336,-0.24130109594677104,-0.3662446428273835,-0.3442450876753797,-0.24249775268248705,-0.27932635574449416,-0.34068035046662426,-0.30536981678307695,0.05123950984239898,-0.32442946917602666,-0.29528085733735837,0.05489836059226375,-0.39831928962188917,-0.007597395122479519,-0.2137178774751897,-0.5555005663977556,-0.2539098062035479,-0.24641581822914405,-0.26840854529276464,-0.007351134771683141,-0.1925641095197594
002007.SZ,-0.033229104009572914,0.020242861299944626,-0.054072897705120165,0.09147831000642755,-0.19590758686857068,0.023065811521355017,0.3996782592060156,-0.2455732933698709,0.24579538733437092,0.07618940807436775,-0.1812781177869691,0.031349880349615965,0.026693202782039665,0.2510491936190931,1.0,0.019192553037608973,-0.19867840872700918,-0.4841715170840692,0.17431688795104217,-0.2866458967318266,-0.2541898943075584,0.5586632238289452,-0.3555242634932439,0.02170008732624003,-0.036522110992380175,-5.7553572746708394e-05,-0.07872571662198523,0.40240922802987295,-0.01897064859010451,0.29629307111354924,-0.16568868489644017,-0.15833278869592862,0.08142194872700569,0.05174487644359011,0.2624800136848245,0.2868916283920395,-0.011507950571098213,-0.10804033196380984,-0.1389913939984791,0.17055478635006707,-0.22394521254085742,0.5571676532583375,-0.07127527542878809,-0.12648940950364865,0.28876447368110975,0.7291361792898372,0.35636169260102396,0.26239610156839954,-0.3333500336255,-0.4948130318690926,0.31899851284698894,0.29938114229327817,-0.09797659797114243,0.1968743039789452,-0.1891583171081147,-0.47387151563033353,-0.15618253006408844,-0.18635572911742684,-0.2391544537513359,0.049544452426185805,0.02415906723437398,0.22117803484776163,0.09196530718365585,0.40008383052798185,-0.40875136795097355,-0.059824029019324855,-0.1842030672531648,-0.07558480956529966,0.25500910818900385,-0.03151667746901107,-0.29773442888373397,-0.07033820704676555,-0.01840922775445364,0.06262633182027717,0.06707422923425073,0.055394507748769826,-0.10099823531451836,0.034729613917831484,0.33317037088273105,-0.08515044387545616,-0.3088493460086947,0.14715417705957703,0.19910671780520153,-0.10743420288492546,0.36238932400621326,-0.5319255808282016,0.30319182372611536,-0.09939831433186219,0.25687355820837027,-0.06014232630660154,-0.2024648985993117,-0.27329264099108364,0.26678146638909656,-0.039781303454724526,-0.2345392787052012,0.010801022270021157,-0.015579367200059535,-0.28010608046122804,0.07651870075610467,-0.20422825495520266,0.23403496343218777,0.21951272427148907
002027.SZ,0.8661932776413912,0.8948460959372936,0.7568122329313637,0.8477429075536258,0.607790190928789,0.9561547157866898,0.3292477030331414,0.1373582522467547,0.6069833873743479,0.32237670946859315,0.820197761480311,0.46138641575579825,0.7568337119368348,-0.2534904999616649,0.019192553037608973,1.0,0.6366361255788912,-0.22813970275380516,0.7712556405708321,0.26157790771445416,-0.6239559360756642,0.42468858168190043,0.12290342248193022,0.7381985089026425,0.8783782127630407,0.5263555651564854,0.6945350726657682,0.6085329030479972,0.7963321065949169,0.14627589011512154,0.6858314836368801,0.7575659805850359,0.8824143120393194,0.838370854500163,0.5462529184831271,0.7288433460079533,0.677780398795847,0.8096444906233149,0.8412595392870674,0.8386680479736288,0.7334030323866324,0.30704762236573196,0.7573323304477965,0.547562505635334,0.7311498486508774,0.2603803721217377,-0.31856139179292625,0.7896158052229415,-0.29910763154519726,-0.24850942676582075,0.47308853961055014,0.7427547419690539,0.7798501136648966,0.8734600399840167,0.42964386314132513,-0.3021960662495729,0.10417892954473901,0.7975170470130819,-0.12970610948046526,0.3571651243940235,0.7803286184782451,0.7322921418608322,0.8300328245964081,0.6553080858584058,0.5156433881600678,0.9069048915290417,0.7393861356920132,0.550156713206892,0.8227958397185634,0.8104537833102364,0.6045219587448704,0.7845491772565828,0.601485948846849,0.8775425425485945,0.6526392042914426,0.9015220830141142,0.6659184262250468,0.8586299517670904,0.8064063240725203,0.31999094945452916,0.4984486366270227,0.900434377377563,0.7700302569233308,0.8177805373897148,0.4596639373107862,0.3557825926123522,0.789403498788817,0.7780052100136311,0.6484440107672951,0.7080593807823283,0.7641631575270522,0.6190133074082972,0.7448734088375811,0.7902116284161377,0.6028381143454946,0.6376381125137531,0.662645356502474,0.5939495793267595,0.5388931008268426,0.670162279543257,0.7646887453305452,0.7650674745971906
002230.SZ,0.7499820836962187,0.7598544665058221,0.8083322378610892,0.696866479635045,0.5907756543185119,0.633499132484247,0.005246408350087994,0.3417149317108148,0.6061588270992241,0.3379862009769925,0.7753979785322863,0.2315339579805645,0.5355767601348534,-0.5003279574363798,-0.19867840872700918,0.6366361255788912,1.0,-0.016536109557651817,0.4482273367575915,0.23435723641151138,-0.3973159634738635,0.20938548868074483,0.21547431232073788,0.46642527600552364,0.7479726099874314,0.5696512890979695,0.6028497287413946,0.31704043543666743,0.7576045302844019,0.0825658365614761,0.7096463770604666,0.6734676278889199,0.7449248337826301,0.7553266349135779,0.5538774417936417,0.5153289242647108,0.4812704788813979,0.6901521078352243,0.7971996514672206,0.7202397657493762,0.8158279125166829,0.11011813251696669,0.7850312820389468,0.5296968990743888,0.5652333003852208,-0.09051092216163419,-0.5125059330097707,0.6352504714219694,-0.03894130469376928,0.14557174552996868,0.1598140763098269,0.5914971380250615,0.7348313027143748,0.6259925313330464,0.35152603958634954,0.006807528328324948,0.1793325847021885,0.7481258555059416,-0.07227828763409654,0.23418637645946813,0.5729633104968138,0.6113942228959941,0.662952920995266,0.39254533654204954,0.6062382615102462,0.7238872069753066,0.6730223728291431,0.57033740478935,0.6741010121158774,0.7539304283187751,0.524174750380226,0.7616541163366534,0.6394750049828276,0.6443103456122136,0.6136615238299714,0.682607240841281,0.708803674749165,0.6619283123883776,0.6316233027760767,0.31532515813467726,0.47257902298430854,0.727551043872777,0.5964763205725416,0.7716531738060884,0.5221126190659034,0.550617101005367,0.6249408145571825,0.7804667922313193,0.6073187153595282,0.3603515601844291,0.7395590490111829,0.7410470200174227,0.42341842009212544,0.765236780557515,0.7064264440562309,0.6523806161492082,0.6168473226759205,0.7305239250735699,0.4821213628071657,0.7896410052903825,0.44486337072414933,0.6354432938269333
002241.SZ,-0.18962488968319033,-0.21873360026223562,-0.11382113222406005,-0.22270872986703374,-0.06320510610193068,-0.18455146639593611,-0.568691434100291,0.1779209531747098,-0.17616168534711296,-0.07701966259402539,-0.05747924812799618,-0.15336777107241845,-0.05886016473721271,-0.08975676345172867,-0.4841715170840692,-0.22813970275380516,-0.016536109557651817,1.0,-0.2972369167020393,0.46679607939287737,0.6679996807715277,-0.5682477317006246,0.4296350713163186,-0.18570602318682336,-0.1658173019426481,0.02189425818370851,-0.028501740516156993,-0.3225164277954615,-0.1765485793076109,-0.4455571196399184,0.0774774741870344,-0.15291204266548392,-0.21053044916342464,-0.27693567896592136,-0.3332876522026071,-0.26984743516969256,-0.10704699489740832,0.010390830490217579,-0.07989412609920685,-0.4080578845138625,0.05103811476543896,-0.5146293113338236,0.006999620181426441,0.3149813737604923,-0.24086772044142515,-0.40858788765030013,0.23229244029031504,-0.39104891106935136,0.8053233917293872,0.4637606847524211,-0.39390852340190236,-0.445843348097611,-0.08447439847407295,-0.3753401941734744,0.31216531594493085,0.5858497504554598,0.06228531348219787,-0.0817018287756554,0.28513387885326935,-0.01433490553507554,-0.08245422078210142,-0.2895789722839594,-0.21757618485706454,-0.3612560799281346,0.15050553447830303,-0.1019635322803333,-0.015383039627735481,0.12742092265000296,-0.4282942377797212,-0.0738492410361572,0.02280506858126799,-0.009026938542781129,-0.13761314080486853,-0.12090203333394628,-0.2650770408921652,-0.18749187142547005,-0.02473977864420793,-0.1803678160767156,-0.41871683481982447,0.39091712297399095,0.1301416200977428,-0.30673279483570187,-0.36693232454791297,-0.012766259718623532,-0.37703457131635715,0.5119669409590483,-0.41524631319187594,-0.08990562362637693,-0.42028841811541534,0.13622896135159815,0.11660091294158124,-0.019723136284948522,-0.40277016252378434,-0.027625777761090504,0.12925652152964398,-0.1350724245591012,-0.11285730354250167,0.07655342278013359,-0.09414941307825349,-0.01853621477691785,-0.21207536698074259,-0.42865043314761686
002304.SZ,0.7639032647199887,0.7585522444999183,0.6416456632197981,0.7098603817953744,0.30055976265426404,0.7705415413144229,0.7179714025808416,0.06695699965054715,0.5957604607593945,0.4461796658626766,0.6443985948384919,0.7546903550201733,0.7766848655156776,0.16157329913920124,0.17431688795104217,0.7712556405708321,0.4482273367575915,-0.2972369167020393,1.0,0.3170778204698893,-0.5320735875766578,0.30221082539999305,0.21118817853710162,0.7125006328137293,0.7135871476000006,0.5130645460433012,0.7760209874592814,0.7641929051327255,0.6708634324864265,-0.07082312434649772,0.555391726190155,0.5104488501809152,0.7790446972454061,0.7586825180172755,0.45746361432612187,0.8736365097718967,0.8102831016022418,0.7316560515012546,0.7345311330946175,0.7126960768750134,0.5390472480102187,0.2958919798073181,0.6667596503247467,0.6147321594575194,0.8565962567838721,0.4765734546029486,-0.08361961374323006,0.7221369582002694,-0.32933338560887643,-0.2517531156021975,0.8012715845581013,0.7230037007452275,0.7899399357680837,0.8542688123340483,0.4155340483065891,-0.37630119993591893,-0.14998082093969492,0.5538734336258109,-0.3369809015220722,0.604158661800755,0.8151671055516246,0.5269125274066989,0.8414284880224,0.8015712116460524,0.4895581213340281,0.7041062884213828,0.6647430872043354,0.41628623368846074,0.6878778509334808,0.6603118002294338,0.6821296777090025,0.631737626947069,0.445757036916895,0.8269472470295204,0.4095880104351936,0.7734083010310916,0.5494515400285082,0.7994628329446823,0.718908721882585,0.35830459294056943,0.5685115395169994,0.7943272005897669,0.7145889069731509,0.663004672932036,0.3501737994162056,0.20258722983384894,0.7032974274287427,0.6225426790210956,0.5280191407475168,0.665395667006741,0.6033890612986775,0.44310202651544767,0.8907138669356489,0.6418863218406238,0.6293172955773412,0.5363050607184678,0.32478255336427786,0.43137653037186086,0.3996686977714287,0.550882041414749,0.8262505206165235,0.7416575919873044
