,000001.SZ,000002.SZ,000069.SZ,000157.SZ,000166.SZ,000338.SZ,000568.SZ,000625.SZ,000725.SZ,000768.SZ,000776.SZ,000858.SZ,000876.SZ,000963.SZ,002007.SZ,002027.SZ,002230.SZ,002241.SZ,002304.SZ,002460.SZ,002475.SZ,002555.SZ,002594.SZ,002714.SZ,002736.SZ,300033.SZ,300059.SZ,300122.SZ,600000.SH,600011.SH,600015.SH,600016.SH,600018.SH,600019.SH,600028.SH,600029.SH,600031.SH,600036.SH,600048.SH,600050.SH,600061.SH,600085.SH,600104.SH,600111.SH,600115.SH,600196.SH,600276.SH,600362.SH,600406.SH,600436.SH,600519.SH,600570.SH,600585.SH,600588.SH,600660.SH,600741.SH,600795.SH,600837.SH,600886.SH,600887.SH,600926.SH,601006.SH,601009.SH,601021.SH,601088.SH,601155.SH,601166.SH,601169.SH,601186.SH,601211.SH,601225.SH,601229.SH,601288.SH,601318.SH,601328.SH,601336.SH,601398.SH,601601.SH,601618.SH,601628.SH,601633.SH,601668.SH,601669.SH,601688.SH,601766.SH,601788.SH,601800.SH,601818.SH,601857.SH,601877.SH,601878.SH,601881.SH,601888.SH,601901.SH,601919.SH,601939.SH,601985.SH,601988.SH,601989.SH,601998.SH,603833.SH,603993.SH
000001.SZ,1.0,0.22024367597050784,0.6219298218780541,0.1765423181965795,-0.06177736355397142,-0.6492755627336273,0.8169644251266898,-0.6747109309884558,0.3338162634591742,-0.11666525877776562,0.7630122553600919,0.7762881307947543,0.055473755309517765,0.5822533634222455,-0.3542885216314328,0.7761055036920866,0.2913360492073918,0.3390738605722712,0.8069980385635304,0.7375596038654217,0.39300581047400124,0.4310957242008342,0.7725191860769338,-0.6092323130335515,0.46219794284549137,0.37996798624662853,0.7367404753212247,-0.42889720705001233,0.4650828652761539,0.29869263447826405,-0.5432074216039756,-0.18123996362722802,-0.17274386210611767,-0.3874115132629699,-0.17890254798557384,-0.43165307586581664,0.7906660461482901,0.8518829673878224,0.6403305623748857,0.35958139358763247,0.26217145602472275,-0.5319128639823535,-0.12002204305615849,0.7319584476903459,0.08483919582537804,0.676586133870722,0.4413490154566438,0.41332815799516975,0.750074001139224,-0.08693615174464407,0.4815622288096744,0.4497791742589181,0.7659821134456893,0.027118495541607845,-0.2750633238033841,0.10320618364278876,-0.7491652064699498,0.5997607513374906,-0.3595426000476665,0.5816609389153514,0.8550441951605744,-0.1524160836473587,0.8264427210972219,0.17290501970984928,-0.6393984963144329,-0.5377287481137865,0.7615149276606273,-0.1883943657499061,0.7850928849094148,0.2304203034689153,-0.7110316021638975,0.8405580449691553,-0.41499263198178254,0.7703086309623823,-0.24308223571187196,0.7773654538256016,-0.4845089938174243,0.5608866853024679,0.8300463434381139,0.7842383638766744,0.7046924991300338,0.8836579464081652,0.9072681858002881,0.8523758811509236,0.656973709681619,0.5580717788707569,0.7778605393759485,0.798547599422681,0.0920694931443028,0.7390855225132578,-0.2851815325349503,0.1852093773512394,0.7528024600290447,0.045496080201023324,-0.5607619275859148,-0.44056834410436624,0.7235275097754092,-0.6215007843980435,0.42233146105225544,0.3278813970066742,0.7352847225911022,0.19907462483803262
000002.SZ,0.22024367597050784,1.0,0.7465209190580898,0.28767858971522087,0.46088137999633555,0.061015422456908545,0.12081768938685632,-0.11409334548169782,0.41644126399861164,0.19983289014295846,0.3845933103061773,0.1687696564075013,0.46331386757352616,-0.0734256211880913,-0.295293438469015,0.2083543340507236,0.36062375261305885,0.23487634432178162,0.270840914481604,0.28300809367381047,0.08537447258745678,0.5770551157929164,0.17753451189239758,-0.011187802664162583,0.5562985754592814,0.47409793375420556,0.3043215007710056,0.17681685185165885,0.39542175806427066,-0.35419058588390007,-0.17137874222886018,0.28282219013854265,-0.16174542592116756,-0.1783693008649079,-0.24938327052913725,0.08719708369924462,0.44886015602757884,0.15450137165133715,0.7373401521096005,0.5736998538910966,0.6095702406955452,-0.07818176558722535,-0.07938427054092245,0.31191381182809214,0.10236540972081822,0.45688845958709273,0.12645841850047496,0.011690639657319682,0.0012583752121807345,0.39477314395975643,0.1723639323336433,0.3385767218512732,0.466229636459234,0.5591752806954434,-0.004624647449757398,-0.13297340304142594,-0.16931988090801786,0.583931610014431,-0.15040786780624416,0.24587251128515053,0.2298701048012913,-0.39162186512487757,0.2308242523637283,-0.0012386229861265086,-0.1507209374139899,0.4354805391105758,0.026419551164308528,0.029126103421126304,0.32474280813930656,0.6308128545338347,-0.06206069291407181,0.11051061006584027,-0.026155690832524035,0.08259961948876529,0.2502953234813064,0.3185250709807515,0.0062104180571598095,-0.07393527016196577,0.2578252714452547,0.16339304155836767,0.013785712025632538,0.3186507873810998,0.1915753704020786,0.24170083574091128,0.22160068596951046,0.48290586926880547,0.27866761895695563,0.12903153092082129,-0.3214029683715478,0.22646851934767212,0.5178761460352371,0.3116393518523113,0.39353805151427723,0.41405586796920874,-0.09259318393650164,-0.0015482694825576238,-0.13690344336759275,-0.07112338518814518,-0.104385131465898,0.1550492662460441,0.2810328166290928,-0.09399317896453119
000069.SZ,0.6219298218780541,0.7465209190580898,1.0,0.3812591038131923,0.33221109705912216,-0.3739967424537996,0.33511403324278716,-0.4771718227398602,0.4738393775246344,0.24953614698234916,0.6330688855951749,0.542575243299679,0.28537685327173895,0.22442791403245962,-0.4294822857013314,0.47440896341775834,0.5234455736771424,0.38677186697007127,0.5162972893922656,0.6113260006894583,0.1459619095306052,0.6326891182791473,0.6536461529453026,-0.3747070773094994,0.7033449780345609,0.6131320600265474,0.59154319415628,-0.19786929201026804,0.528022524793556,0.0152549694627054,-0.4737257069822994,0.2391570186604051,-0.29664769280415043,-0.3263313843426219,-0.16013430583352148,-0.19803539551858887,0.7345310772207431,0.5125525764467497,0.9274851892043258,0.7535520123902235,0.6386923717367952,-0.4459325432635028,-0.26215784553927496,0.631108095056203,0.10580441539204032,0.6075116216609675,0.14319349341886775,0.010558101635694797,0.3136151333793351,0.08273806888720026,0.14602902130088183,0.5714153441200376,0.6183073693083047,0.5000052213607349,-0.3238817151534567,-0.25047874422780464,-0.45402372840895344,0.722113201020593,-0.18449944815625022,0.4007110074600973,0.6915659517014833,-0.4727791375587473,0.6747574291842707,-0.012977846596860252,-0.2889122356672041,0.014731345037702607,0.2992254429667855,-0.2144780535249222,0.6981178106863996,0.5654470408484502,-0.33829354000379847,0.6129838625036922,-0.11554133988637505,0.2941264487749274,0.2725637426440025,0.516932646235372,-0.12045886118006273,-0.023383461225063486,0.6131905367823407,0.3440018819178881,0.2169492042120537,0.693316217973312,0.6190249050150628,0.6581618059551265,0.491757023502375,0.6520423296620907,0.6277015158782396,0.49727825818745136,-0.14266530955811935,0.6221443020239811,0.1789815305075196,0.4263195144308137,0.6975896887809486,0.35680986525666764,-0.36480423694158354,-0.03187988349979259,0.319263838384433,-0.22644083219687025,0.12431204047534457,0.3234691253468581,0.5389623048292154,-0.09103512499396842
000157.SZ,0.1765423181965795,0.28767858971522087,0.3812591038131923,1.0,0.6029599188032255,-0.0010206222651492163,0.026087252301181047,-0.1653644598290863,0.5819313785239674,0.4490139644719448,0.38004213596434383,0.28334448027903536,-0.12045393358555029,-0.027749234163644745,0.09829106334964736,-0.034605420919252845,0.5429126220851982,0.47154932655991405,-0.0022109362562765336,0.42902634112174737,0.3003727686293027,0.3155815750469193,0.2893462405923282,-0.19486404453436115,0.46486476838778445,0.5114101496875644,0.423297679454135,-0.2137575980725003,0.3466284029613178,0.18998777880675607,-0.22584132187108338,0.45883267081125306,-0.33863124235894376,0.1293706445984953,0.27663993372679996,-0.031125166910830865,0.3850460801741173,0.3168885914672281,0.27381618145987907,0.3193995624508305,0.6087427992600762,-0.21802421532225882,-0.30340811470922086,0.48989969997504135,0.0725155783522299,0.11960852384079641,-0.1311747396502484,0.21400175777452482,0.09675823668058525,-0.16251402399291803,-0.09170666497845302,0.5175523380590948,0.22911572667387203,0.4782740333782283,-0.21926898550097748,0.07305796356549459,0.051725681366453204,0.5591151954409819,0.23293652957647978,-0.04845404894642441,0.31806965948516197,-0.35676003778616794,0.23553124484770327,0.1344652419566502,0.04651169068478356,-0.11593384674957641,-0.15096039518045412,-0.14804264263653114,0.41871782299702237,0.6348958950985377,-0.12585829772902954,0.24547930614930005,0.08255563218317967,0.032605790797135825,0.2179709220891788,0.289957373295243,0.2449982850923421,-0.2282285247679019,0.3358478537288902,0.1011367451972396,-0.02316026710997243,0.30152148931767414,0.36253035577509124,0.3105281996894396,0.4139704580632577,0.495168797188774,0.33511320049565274,0.17954243517429083,0.10800027944155134,0.48229164951898423,0.05223431401193701,0.6095285159564455,0.39268075475076064,0.32387512983668304,-0.022260367205296006,0.25571000765477986,0.0892414168048646,0.14565815970281107,0.3475703177580418,0.2793998209686051,0.10173236457228069,0.16942255969062747
000166.SZ,-0.06177736355397142,0.46088137999633555,0.33221109705912216,0.6029599188032255,1.0,0.09645132178443512,-0.23929518668508673,0.012487720955379597,0.63422984807372,0.677148185291388,0.32009935825863206,-0.017247860307454038,0.006224017334948908,-0.21808053446658215,-0.05628093370741114,-0.22497232346440485,0.5975373296138285,0.49207812339108453,-0.19206939368764533,0.3048283512217098,0.09589250319505334,0.40519904785585653,0.07668216155687735,-0.15334828219202187,0.5666373205253928,0.615543123327642,0.28562432501085905,-0.07606769244245543,0.12788031942593533,-0.014041342413305102,-0.21056227103566716,0.5129444551918432,-0.47285814543968935,0.04250143882204657,0.04938723417604479,0.020032049130225296,0.22585799974368678,0.07104635674822159,0.18367995846302854,0.285588974728604,0.8119521403037419,-0.14153778487238103,-0.30500805094079514,0.2706708931159843,-0.08541825984486079,-0.005884552884668837,-0.16603721707182337,0.026248499946747172,-0.1595753753325733,0.015841945442455454,-0.34727368971894346,0.5318988482155099,0.10344387601055875,0.6805629931936968,-0.19198934570834195,-0.06582573846335349,0.2500612373071503,0.5803153980918739,0.12132481209561713,-0.2300472375626906,0.03850237792648622,-0.5673667447367836,0.023630082819313766,-0.1303370918654874,0.03233379810141746,0.1326646125952966,-0.23796479280239188,-0.2544496806371683,0.19937378369486422,0.8156665781943473,-0.010125446395387663,-0.10041865594725378,0.08836669567019308,-0.1466385899189086,0.30005519052185436,0.11273887364583483,0.2709023528820161,-0.368794616680625,0.11477609441856017,-0.018437783991118006,-0.26342464964286666,0.05876842766782037,0.09504962959952878,0.08998791999010429,0.17005594742214059,0.5463967139179383,0.1468576218463177,-0.11663749825119873,-0.29235577528357565,0.2456686374835844,0.3063235010764173,0.849340338334105,0.21249326402709334,0.5939836027059809,-0.10992412143429425,0.22140470922953917,-0.2872290805982844,0.22012284123540948,0.2110855715532892,0.012774793718333233,-0.1018996059696932,-0.042529674565437194
000338.SZ,-0.6492755627336273,0.061015422456908545,-0.3739967424537996,-0.0010206222651492163,0.09645132178443512,1.0,-0.5135317538935278,0.699276971623485,-0.2738897617345718,0.06109699398084586,-0.6154647708623215,-0.6692988452227547,0.21280003953541535,-0.6530626952017948,0.45146786196146776,-0.5653508873459261,-0.36897198263917336,-0.42808001458493233,-0.5452457262619296,-0.6275480044403855,-0.42705724942996026,-0.4897344632382261,-0.7006319802455576,0.7334445301845798,-0.48107729165779384,-0.3971093011633237,-0.6942414455223621,0.6096754433222041,-0.01918434732279235,-0.38894130709049474,0.6933551120680592,0.1754390913275076,0.31385759956366127,0.5473562697176207,0.20082595552622998,0.7551088154425103,-0.5204531910460894,-0.533332726211391,-0.353192558834688,-0.35613494594803013,-0.21353452589720792,0.7258107766273655,0.25118279757670575,-0.61013374230532,0.3082154805909599,-0.43968977859149305,-0.40895127673087545,0.05691075177026388,-0.5501575140185958,0.5011763271784931,-0.17780551089039678,-0.5203857119985253,-0.3765663755452507,0.07786646585247196,0.6928763823812932,0.1674712704268342,0.7042707715379252,-0.41205852900134454,0.4792347073011271,-0.426678897718106,-0.6785958601635514,0.13383899611128183,-0.6378790328153225,0.23665190318820473,0.5037207856929218,0.7010268937535246,-0.6218517927087366,0.4832785117723146,-0.6440849194581425,-0.009280294570225814,0.6998107276121833,-0.6255279217131168,0.46764192976790225,-0.5935774261750293,0.28054643547843144,-0.49506753838251316,0.44025650986905845,-0.3294151997847735,-0.6372363900003432,-0.5308886375747317,-0.5636006066213556,-0.5871845695903033,-0.6826657583843126,-0.729787007931968,-0.5122013521296127,-0.5384323035470067,-0.6497651750604733,-0.718943281591098,-0.0027909868546015606,-0.672673816337443,0.5957440006862212,-0.25595827383103503,-0.5758104287306895,-0.11347009214604663,0.6065453326957958,0.30046129105249525,-0.6758230639760825,0.4990456162525601,-0.30786982954684533,-0.022326004487419757,-0.6202123132962326,0.16664851931646332
000568.SZ,0.8169644251266898,0.12081768938685632,0.33511403324278716,0.026087252301181047,-0.23929518668508673,-0.5135317538935278,1.0,-0.640440714612549,0.14348607449052939,-0.30927595981397543,0.6718981676907698,0.8299389351949705,0.13258397215239995,0.5920618296863633,-0.19724292618941094,0.796980814000061,0.10375230179812656,0.12176483444451258,0.8568025198903073,0.5136257937169999,0.4416061306987384,0.28923033231660383,0.548026978958165,-0.3617344387038126,0.29482958405190846,0.17891694278490003,0.6387522754268358,-0.2677044158987935,0.35243830757409783,0.26336924703416015,-0.3164652293375757,-0.3163002333712462,0.09244104610443703,-0.2589558429744951,-0.1443374536602219,-0.3444902561911413,0.695845081925094,0.7897047263543376,0.43604553213280584,0.18936148657541488,0.03207295663741775,-0.2997775200591033,0.05129117673735346,0.5993126679283433,0.1420308476434273,0.690939738001264,0.6236365748937406,0.5252918790681582,0.7259916134273988,0.08027815170513329,0.7501932927858856,0.25277550490153095,0.7199672594925867,-0.14199749599489922,-0.09049784715144031,0.20585818616308263,-0.7006648347581653,0.4504350160045137,-0.3527817850660311,0.6807893609551071,0.6814011847033042,0.13974887186814278,0.6751878617151611,0.2786930392234002,-0.6403986567695643,-0.492270077327537,0.7686688726136102,0.08763532554035054,0.6374107768277691,0.08849991109654798,-0.6904553660690614,0.7024502958055048,-0.40622999174106106,0.809707398913841,-0.4269356436233696,0.7565022488367298,-0.4978987910902586,0.76780089243758,0.7628276818438585,0.8256466673847401,0.8150715463839169,0.7500667188104225,0.7114705225468184,0.7081787866926618,0.6070117749280687,0.40939179006076865,0.7064750200357771,0.8234439402397139,0.2447003554154029,0.5202029461503309,-0.23842244356289455,-0.06755029707710758,0.6738106093778011,-0.15577077809519393,-0.37716881062488755,-0.543746356075362,0.7110278860013924,-0.6749610641624862,0.45578788065386383,0.3225823126855349,0.6739736670066527,0.3627395096964367
000625.SZ,-0.6747109309884558,-0.11409334548169782,-0.4771718227398602,-0.1653644598290863,0.012487720955379597,0.699276971623485,-0.640440714612549,1.0,-0.2656557047047556,-0.1773626525578764,-0.7427659704088674,-0.7956774809437596,0.004730813958614494,-0.6365600698305486,0.38043356302579273,-0.6447560391697589,-0.5428358193609885,-0.4471014014145867,-0.6757050808612427,-0.7440151871726215,-0.28561696051093666,-0.47420990586788325,-0.7272284519031819,0.5536964785126735,-0.5683169983375869,-0.49216797512578064,-0.7477853505357124,0.5428606199570758,-0.2938389512714213,-0.5352193289975753,0.6944905878450104,0.10224373793112529,0.33532318355835394,0.22815279067245983,-0.04019044711605698,0.37896843401175895,-0.8010213230552901,-0.730831045461719,-0.4413611403074514,-0.4977477685097982,-0.3794795579044552,0.5610974641415926,0.4981041089670948,-0.7808158004809407,-0.16890640353436923,-0.5198584017994917,-0.35136902302240264,-0.2545780631936084,-0.6414725005006533,0.07799903265046892,-0.34838400586351126,-0.6380466698873727,-0.5756138341766177,-0.2179883188018583,0.4777171010327111,0.16718717400558494,0.5122446379479366,-0.6127937567166442,0.16460771595461834,-0.42404993016428705,-0.6618018950762729,0.27972108868007295,-0.6660841006836458,-0.14433409025473698,0.5020483056295229,0.6457489361526885,-0.5806521344406976,0.2769220839813015,-0.7827805779549726,-0.2854368208564447,0.7595038387446585,-0.7196278988988624,0.1786674855702055,-0.5904256357797011,0.12595351934853063,-0.6760094709224768,0.2353736135064112,-0.3520836500596507,-0.8016721461389239,-0.6588808892055695,-0.4736952946836966,-0.7048497610407813,-0.7426170311394932,-0.7404136442429031,-0.7242601235144801,-0.6261890312109395,-0.7871797836423607,-0.784489985443578,-0.16055680180095067,-0.744891691248069,0.22289344646215703,-0.3158726889922863,-0.8216483415220166,-0.27059802031669616,0.5952496431525447,0.20737014129049816,-0.6602793849723528,0.4483554057168786,-0.4800510312679824,-0.2961112961103903,-0.6233233995850995,-0.19718478490338717
000725.SZ,0.3338162634591742,0.41644126399861164,0.4738393775246344,0.5819313785239674,0.63422984807372,-0.2738897617345718,0.14348607449052939,-0.2656557047047556,1.0,0.37937791907496465,0.6402889914158622,0.37040682677058695,-0.16957019439688478,0.23733861987828409,-0.2916342322548528,0.21976802473752152,0.6392317241477581,0.7683898636183782,0.16123148267934598,0.5672210312372429,0.5617236965652949,0.7448944855360308,0.42973054053486925,-0.4353703269096946,0.6385415130216217,0.7982331894603139,0.6878449756574169,-0.2522091650845798,0.001245440021830169,0.1321033316366873,-0.4362167209167868,0.19997152239825566,-0.4579413942741704,-0.3228709132503296,-0.17290714969657994,-0.375344635329576,0.47649271084402,0.3090909741383581,0.33848816568336276,0.2765806513634028,0.7743553419065639,-0.3189776456884614,-0.15836478524324668,0.6771152382829063,-0.31718996156595664,0.3280933690239935,0.3335268399814019,0.0830194376290836,0.20475685602748864,-0.15501115614351052,-0.002467389955336454,0.7120882852340066,0.228959642204676,0.5185242089343561,-0.4255571344399937,0.05964542428513515,-0.2149919152766652,0.7642918233907094,-0.27510848595076753,0.15835418659041064,0.37728660683190257,-0.39901053116665847,0.28194749072816583,-0.019892616314971395,-0.24153574745710035,-0.2683118130597083,0.08484690173161387,-0.4786291866393981,0.5121919582881039,0.6521007343676768,-0.33086048021807946,0.22021288803975084,-0.3396251609806355,0.15504631052894632,-0.06905155127780183,0.39405508471366163,-0.14467660264322224,-0.14642073394726804,0.44309484256157705,0.18792984127412615,0.1701290351162472,0.3630889280760688,0.4827421671383129,0.5155441070083927,0.39487157464552053,0.756972005859282,0.4123230438414793,0.32949699575259345,-0.28397118252131953,0.6498733693825843,-0.04935202419391988,0.6403969136952427,0.5376487312915733,0.4355079652881788,-0.4109145513009625,-0.06412411715805484,0.1694908841271797,-0.1739977268681617,0.3106906251226595,-0.1274775457109613,0.3594844709900081,-0.1465404375036287
000768.SZ,-0.11666525877776562,0.19983289014295846,0.24953614698234916,0.4490139644719448,0.677148185291388,0.06109699398084586,-0.30927595981397543,-0.1773626525578764,0.37937791907496465,1.0,0.16038712602256244,-0.014174656128794533,-0.0331898396573641,-0.11063522200630237,-0.055547226762833045,-0.3183938727907775,0.7426004487638315,0.4750442633679935,-0.23893842526332987,0.2758971486817782,-0.22125006121460855,0.2224882231659556,0.13730986952846394,-0.1051447168509711,0.4499693018825673,0.5664923897970672,0.15500080961919896,-0.2749703533282015,0.17805885417155787,0.2930487430940503,-0.3286853290168405,0.4375273118049514,-0.5317633995945317,0.2118904374984326,0.346173780252949,0.07835106910660754,0.2270060728943788,0.11302449841552438,0.08478099647474939,0.368585079236154,0.6419482138374761,-0.1580330903704319,-0.5986316278070737,0.20932750542706313,0.09330475781044784,-0.15206062176287896,-0.3289515430297634,-0.01878054044188172,-0.18968508935090944,0.05689713509746771,-0.4084342514923922,0.6359429445078059,-0.009554258939603266,0.759391154668692,-0.3117959364526531,-0.3397491817804199,0.4370296182141433,0.39341213234973504,0.3073012757743228,-0.3461307443005533,0.049281222981494004,-0.643064311670434,0.024200003731884735,-0.11243437827546128,0.1564429390482893,-0.00017336205612900057,-0.3094867300601066,-0.3160964730946482,0.23588727308191923,0.604985511894959,0.01142589734488216,-0.059201481263400836,0.23235008111302455,-0.24714583664753334,0.42650504081740986,-8.327120111469485e-06,0.4172021238763286,-0.49687504855709097,0.18250768081616917,-0.113066836818443,-0.4396607809222956,0.08338642696678818,0.06036041642584525,0.031249744964752423,0.2502187358178584,0.3471457250587437,0.21477553046574083,-0.11360969007054707,-0.09486196648345428,0.22067764019124078,0.29521774111523963,0.7218598061218691,0.2869182823805056,0.6000793471135086,-0.15419813699835483,0.348767040279333,-0.23530330138804803,0.2860952356776514,0.30857925034205586,0.08296252995429736,-0.21304897175521623,0.05222903742389844
000776.SZ,0.7630122553600919,0.3845933103061773,0.6330688855951749,0.38004213596434383,0.32009935825863206,-0.6154647708623215,0.6718981676907698,-0.7427659704088674,0.6402889914158622,0.16038712602256244,1.0,0.7917431435351793,0.04798165398397594,0.6015189151527808,-0.3866444548041669,0.67424480467181,0.600598093600353,0.5797839128017811,0.7165164888400771,0.822339326384424,0.5323391366400932,0.6850848291293387,0.7433671314103588,-0.5954998793268323,0.7659172722367762,0.7329294568927952,0.9534821103138561,-0.45011515749866193,0.27703921549915905,0.35521371654203154,-0.6523981037988814,-0.02799458519691796,-0.36314588136537257,-0.32585257317024846,-0.12118089720891907,-0.47458922234812845,0.8597455316554906,0.7335037515308334,0.5986026202461661,0.46717303848585373,0.6408114261969273,-0.5151909978502229,-0.31268093926769774,0.9315103260623704,0.01758979550729112,0.673272582557528,0.5185687898777711,0.37888466287664085,0.6836196213463891,0.0010401089150917457,0.41142317217955293,0.7242744178406912,0.6386447785647061,0.316750589923064,-0.38946890370878845,0.04455556203295225,-0.5900197031420787,0.8951755272865652,-0.34083610732089403,0.5817516345392341,0.7607050236862722,-0.33026327132580613,0.6801169311040086,0.1771269042009764,-0.5857719576250892,-0.5250784184188267,0.6284028493348585,-0.32457085615995357,0.8268367410180217,0.5945007341159383,-0.7540885998611252,0.664046899059911,-0.3537891345780071,0.6323916269605988,-0.21971206375524097,0.7837792647749363,-0.32586310749590197,0.3719533774564323,0.8342820550912619,0.7102833844837906,0.6177446494659201,0.7434640463343468,0.835167184570598,0.8940822733880175,0.7580253564909474,0.8635914408802593,0.7755254073200412,0.7645597375156351,0.031918866014529736,0.8381871275728868,-0.10237060641715727,0.5225090002556646,0.8618258259124767,0.27471580763948306,-0.5918837640795361,-0.3016988445759596,0.6269244013311759,-0.5236399987916647,0.5615019274136486,0.23447785842817237,0.7267743607153068,0.20021491081991324
000858.SZ,0.7762881307947543,0.1687696564075013,0.542575243299679,0.28334448027903536,-0.017247860307454038,-0.6692988452227547,0.8299389351949705,-0.7956774809437596,0.37040682677058695,-0.014174656128794533,0.7917431435351793,1.0,0.01487216029419324,0.6442347715931672,-0.2995573539453253,0.7369477860776459,0.42599785503143456,0.38541046838339077,0.7700069110196602,0.7252871948349148,0.49298002862633367,0.49190831855665923,0.791556496014245,-0.5446483715770986,0.5702911486705876,0.4639097856804028,0.7983692223576249,-0.4767426939917568,0.35332473033228634,0.4348145509670167,-0.5523641675157914,-0.16343312098450197,-0.1966502886334427,-0.2980345835604241,-0.0836982362289707,-0.47784794397098435,0.8491481934768413,0.8436530721569316,0.548626979195772,0.44873151324671384,0.31661077568167667,-0.5572825052464455,-0.17586952926435143,0.8120326660082978,0.04590042656678723,0.7423223220260039,0.5078278991589044,0.3178023365558305,0.7026755317557837,-0.13845443051537012,0.4915553726076043,0.5401921939229218,0.6522325551303942,0.08692836422011864,-0.41537064610936736,-0.014206032767036456,-0.6889316936264805,0.6438477026000218,-0.3074726257072997,0.587291781356926,0.8027537613210266,-0.16937048144300818,0.8081201135377284,0.1604912831756597,-0.5816452199468306,-0.5914755040916566,0.6417315190956079,-0.24207642821911077,0.8384419519444246,0.2625231090652859,-0.7534002623298326,0.8046756419685552,-0.3443484015697822,0.6775706857015029,-0.24111860353918013,0.8045377496876931,-0.38246704199458975,0.44942667630347044,0.8584182240783949,0.7131337810208035,0.7036436467394936,0.8163120223921396,0.779711864326951,0.8422988852926306,0.7514504194795459,0.635873288463525,0.8533378752900758,0.8907051100114859,0.1621261085310499,0.7442347321500571,-0.2940263167138049,0.2733318191937713,0.8212213518794717,0.05715140135947935,-0.5343849301327426,-0.3274989360553928,0.7427845671828756,-0.5799201474796379,0.525322685852662,0.307280588059101,0.7180229124088005,0.17680051207916217
000876.SZ,0.055473755309517765,0.46331386757352616,0.28537685327173895,-0.12045393358555029,0.006224017334948908,0.21280003953541535,0.13258397215239995,0.004730813958614494,-0.16957019439688478,-0.0331898396573641,0.04798165398397594,0.01487216029419324,1.0,-0.1631843463963889,0.0199247471840488,0.2118301901161188,-0.15204017729760036,-0.33756085693989485,0.28747221313791155,-0.13004664803544638,-0.22456527054359823,-0.08453036457487524,-0.04447070813672108,0.4852631366130833,-0.011470676134028968,-0.18431533598208508,-0.06330324802607278,0.4413370134149939,0.39050322825862055,-0.32986919199855796,0.18953578412817831,0.09360412683034917,0.39812695235497403,-0.024862396103423487,-0.07952655321933491,0.44661719239469616,0.158584185605907,0.04693376600555014,0.3593408098231245,0.32747168972858315,-0.019215599009820405,0.40101121583589466,0.19860614935327034,-0.04182304483691671,0.5632631259342258,0.34177266019511254,-0.01736316494284221,0.15093918093079142,0.02079547627206974,0.7298520113776146,0.3410398999213619,-0.175589381247205,0.2999554219160128,0.1322434437459683,0.3485284936484963,0.07984991617676118,-0.005285271638980025,0.08475189680581745,0.005916662779186635,0.28020044839393615,0.04203415482003861,-0.0075086342447550185,0.11075267699104692,0.37330778689534444,-0.14627847406122496,0.48865000024152194,0.171470113361342,0.48125115350202335,-0.03387123292573476,0.22561807300612932,0.023900638502369315,0.08415857502949735,0.11913040209750553,0.13144974009825297,0.12222598113772319,0.13269486728406157,-0.023961015465110893,0.17270114488854393,-0.015121483039368874,0.17740339109005285,0.048870011480004936,0.12499910837606652,-0.057434165743152056,-0.020289523201285464,0.04365392563542476,-0.08539557661807118,0.02716567961391433,-0.04309741200853393,0.012744951754548364,-0.1387870251634755,0.4467734808525048,-0.19305186698453322,0.020058875086315223,-0.09192924786785961,0.027226182440391825,-0.1997236769337389,-0.1157331608794908,-0.12195713106391948,0.03586692939612061,0.2395327831552049,0.05680309289226244,0.1919239760511482
000963.SZ,0.5822533634222455,-0.0734256211880913,0.22442791403245962,-0.027749234163644745,-0.21808053446658215,-0.6530626952017948,0.5920618296863633,-0.6365600698305486,0.23733861987828409,-0.11063522200630237,0.6015189151527808,0.6442347715931672,-0.1631843463963889,1.0,-0.19491084180433357,0.5574691649952961,0.28522952705182486,0.5012367621984496,0.5581186198373065,0.638423711395537,0.4613204123422007,0.43880845897186244,0.5353069558554578,-0.522983953156707,0.35683156438434094,0.36682925380766984,0.6831202443630597,-0.4652546619256753,0.013367550485526394,0.4774872841694686,-0.5544245385567871,-0.2954644154671503,-0.22894325488336553,-0.33948800747601376,0.047235995039104715,-0.5748286221416451,0.5081020269458366,0.5655637312353968,0.29184509926412794,0.17224004169754195,0.1766842539685931,-0.3167708290631717,-0.18708951348788228,0.6324369656935298,-0.10658282087157196,0.48187892066662236,0.5616330459458352,0.24272826988820825,0.6300351899942527,-0.23776361372718102,0.34040957557666335,0.4326569100327063,0.3740611687786253,-0.07651067322767002,-0.4834953604192435,-0.061246709738434955,-0.4911217136874743,0.41282748709776823,-0.2878213305211655,0.578986978875364,0.5844905651852594,-0.017310950957775052,0.5177955939911316,0.06414415362270393,-0.27158832054326826,-0.6569375580659784,0.6182176780423992,-0.30436634877732927,0.6384787325830615,0.01208790503291062,-0.5787989402274846,0.5255928298409943,-0.3051672027068738,0.5659518449378435,-0.2577737482324916,0.5693430420444718,-0.2643859699840284,0.5034691285134562,0.6826190292915649,0.5807332516304825,0.6502417714803291,0.5256567009243344,0.635165254748037,0.638626843251512,0.6016781599615796,0.48876536476411553,0.6125881037570996,0.7117654592997154,0.2488234274204396,0.6077732693569984,-0.47141926478775154,0.0845391769422129,0.5820274152433302,0.049024659964220625,-0.46252298070567605,-0.1202637846525874,0.73468998617714,-0.379590348120218,0.370156460043692,0.13715231352998278,0.5819788884581311,0.11522011604119857
002007.SZ,-0.3542885216314328,-0.295293438469015,-0.4294822857013314,0.09829106334964736,-0.05628093370741114,0.45146786196146776,-0.19724292618941094,0.38043356302579273,-0.2916342322548528,-0.055547226762833045,-0.3866444548041669,-0.2995573539453253,0.0199247471840488,-0.19491084180433357,1.0,-0.3831268486202064,-0.36682542706581267,-0.40399698534411427,-0.326065558203621,-0.42111613507267603,-0.18236532363534386,-0.5462052271554304,-0.35372193738645225,0.4323398377322402,-0.41439933752911834,-0.4444801252534103,-0.39757866224027466,0.3411557212944525,0.13808962584074966,0.1172611226374727,0.5602944390574326,0.1813924819645457,0.49177353284465036,0.46031062512627785,0.42476117589980983,0.3841175211377473,-0.40385741847413087,-0.171180007605635,-0.3927832119301932,-0.2502543038405555,-0.3255452252717708,0.5398342681727172,0.17388536255089274,-0.3625736794170123,0.29962494644065846,-0.24019971901837026,-0.25452913697827195,0.309207000299108,-0.2460626246665015,0.14627109575030922,0.03615430829870918,-0.4385084476973164,-0.20630530531716007,-0.19933387491917917,0.39078608056874825,0.3135182226457103,0.38096297873412116,-0.37848952697546073,0.4181447893193539,-0.19211095836850597,-0.3171862066802249,0.3690821716867465,-0.3185083845265771,0.1550266908628835,0.3710898043383644,0.20756835627595568,-0.2992819647949548,0.4719280061953415,-0.25942918647107494,-0.055868046779923214,0.39190095954797427,-0.21689641494796827,0.31361732847425294,-0.16526131623577328,0.12523694422058698,-0.16386700159162448,0.35122407066763334,0.04137181779041709,-0.28821940093491866,-0.17868692052572244,-0.19392341926549247,-0.23015414874622095,-0.30064349878039803,-0.3937980557010885,-0.11732324360403455,-0.4520764125254871,-0.252970863585864,-0.32698271226086556,0.4431196637691126,-0.3439406549936476,0.09740836692437066,-0.18951009203718416,-0.39512275062306074,-0.39427901667016707,0.6377977246477583,0.18301047763013914,-0.14285782192785476,0.307346408179216,0.2695011062454626,0.17699528426118707,-0.48762480713385387,0.3473485990078984
002027.SZ,0.7761055036920866,0.2083543340507236,0.47440896341775834,-0.034605420919252845,-0.22497232346440485,-0.5653508873459261,0.796980814000061,-0.6447560391697589,0.21976802473752152,-0.3183938727907775,0.67424480467181,0.7369477860776459,0.2118301901161188,0.5574691649952961,-0.3831268486202064,1.0,0.07925338185139656,0.15618872450097934,0.8801495693313429,0.5463446838782858,0.49535687229060493,0.4202918476655821,0.5473848940055192,-0.4236092019053301,0.32626776914023187,0.2395566693259202,0.6642384630776216,-0.27897842969026276,0.2373963464165143,0.14693280288146546,-0.41651008235701603,-0.29528820575751147,0.04916899762253275,-0.4615922026945629,-0.3435081606115103,-0.41323132898946674,0.6827027974058263,0.5955419701645996,0.5502281413358391,0.22327934375807199,0.10092778276929516,-0.3528728723797792,0.06722737664498162,0.6162633382061588,0.042874308945905854,0.6285461330541429,0.6381196647792092,0.23462829516794556,0.7916317443679327,0.057607354364147656,0.6180197297141471,0.27461819261317166,0.6171502353675425,-0.11086786624434673,-0.21939025221261202,0.08693204824912211,-0.773520055725391,0.45086687962772043,-0.5172092721765363,0.7245664860737557,0.6497627624001311,0.10758473676226636,0.6054758760895667,0.2384279631391207,-0.6317713818342071,-0.46086527144299333,0.7990458929501404,-0.14170239681860675,0.5539916631043355,0.04944459027482784,-0.7061964844470418,0.7056924683735954,-0.4582567074287596,0.6664101349106523,-0.3728374384175077,0.6441686156266386,-0.5884873568575887,0.5658883123496184,0.6433542903978967,0.6592942014740257,0.6578731957524234,0.6506906715677095,0.6995076218456608,0.7188622056702888,0.41135940014515776,0.4396884877946441,0.620749126094709,0.7942870962147669,0.019070774320801172,0.599922271418389,-0.27289597599168774,-0.034506791850825266,0.6666818133676228,-0.10736191479718538,-0.4907110504911428,-0.5393692201551181,0.6830113440887334,-0.6748536134583988,0.27690616988507566,0.11415743554437023,0.8539377529464617,0.07163039510024184
002230.SZ,0.2913360492073918,0.36062375261305885,0.5234455736771424,0.5429126220851982,0.5975373296138285,-0.36897198263917336,0.10375230179812656,-0.5428358193609885,0.6392317241477581,0.7426004487638315,0.600598093600353,0.42599785503143456,-0.15204017729760036,0.28522952705182486,-0.36682542706581267,0.07925338185139656,1.0,0.7430843275066229,0.1485025368376694,0.6979773081389946,0.1662337790093107,0.6848492015052224,0.5372781454604902,-0.5012809409102065,0.7624945643781912,0.86972186301695,0.6393071101515653,-0.4927306303112789,0.2038433351952672,0.3724389016620852,-0.6956444877489966,0.3011956009651207,-0.6900132868864829,-0.07720896128199665,0.15548282316933726,-0.33882454826041924,0.5998500441202629,0.44854583328564246,0.388195298778774,0.5696650892503385,0.8437836960912352,-0.5186011919593607,-0.6745762364762881,0.6880198126044889,-0.09436751602708815,0.2700243785907617,0.10491045804031617,0.05064102292903342,0.20041480488689056,-0.14727904237429776,-0.12639799790569617,0.9184834675874377,0.29734075001919796,0.7596167580193507,-0.5769098397693954,-0.3480760204548799,-0.07096615758320657,0.7574269508953838,-0.0065950835007844944,0.047878612366030866,0.41934482110016263,-0.6649817433677142,0.36897628299326996,-0.11526258313372818,-0.1673539634282073,-0.3398094548122504,0.025559346172180097,-0.5064752852828706,0.6285025564996475,0.6607552291007596,-0.42086539121115946,0.2823503929462332,-0.04704111638757726,0.13384136045325093,0.20883062430766633,0.41825784601190624,0.11487677588697069,-0.22783147154088476,0.5600025338945162,0.23226591675298583,0.0170095367175479,0.4091354171019485,0.5133883544971561,0.4942609637329072,0.5856011599503649,0.7854623206422889,0.5788026364639406,0.3292099567250312,-0.10213193104631534,0.6673050347304109,0.0271295171964136,0.7817754089554794,0.7000278394075504,0.6407579741434587,-0.49554389946723704,0.19926503184463676,0.1830201648426831,-0.020390252197776987,0.37801007536964454,0.13724111296001665,0.24097073638999547,0.020411242699407462
002241.SZ,0.3390738605722712,0.23487634432178162,0.38677186697007127,0.47154932655991405,0.49207812339108453,-0.42808001458493233,0.12176483444451258,-0.4471014014145867,0.7683898636183782,0.4750442633679935,0.5797839128017811,0.38541046838339077,-0.33756085693989485,0.5012367621984496,-0.40399698534411427,0.15618872450097934,0.7430843275066229,1.0,0.1605053416029303,0.6971294826056398,0.4856133508830283,0.6965918263545671,0.4603994225446406,-0.577553468983584,0.6555822843933596,0.788279042707916,0.673719720693461,-0.5215276963195523,-0.05676407460650007,0.36342805970885866,-0.7129015209222055,0.11615549743119342,-0.7121306815838531,-0.34057143983499877,-0.02331801768017659,-0.5155062799961573,0.48811133785560484,0.3426103711093505,0.2803135963691385,0.3025721754047916,0.7293905734491256,-0.46624028690860214,-0.44577533413812503,0.6609153810092532,-0.3632817407473375,0.19531103456316287,0.20469442841887683,-0.04022970761792056,0.23490290011264184,-0.34448411468230367,-0.12601487166819939,0.8218111244092282,0.17900009684187737,0.46708610271870526,-0.6528644463326746,-0.22180036834766126,-0.12958715022101344,0.6780309704937832,-0.17673351863996353,0.11265340702491229,0.3650164507201709,-0.5009075708250994,0.2938423618188523,-0.20722774193019985,-0.13184650386328226,-0.4596075976313005,0.08645477577827076,-0.6415799157618111,0.5537171002811062,0.4901057206562089,-0.40002868291090193,0.2447516273302476,-0.24273499202082904,0.14713451952847736,-0.003074999032125944,0.3358721377792027,-0.07396932006081287,-0.14412019676620028,0.5253701616459283,0.22245240642040817,0.14071822614586763,0.34645213799030744,0.4872529795006104,0.49682967551173984,0.4579767353177058,0.741656702467194,0.47174577661232897,0.3559181554699542,-0.20063661405903177,0.6527051150330331,-0.18956849265154727,0.649743997590456,0.5671716428004271,0.6373621001740166,-0.5114960122044355,0.09967773357967735,0.2300276018402481,-0.13085952949346658,0.23307157713724058,-0.10881513108221985,0.38034230567590227,-0.18523983945210623
002304.SZ,0.8069980385635304,0.270840914481604,0.5162972893922656,-0.0022109362562765336,-0.19206939368764533,-0.5452457262619296,0.8568025198903073,-0.6757050808612427,0.16123148267934598,-0.23893842526332987,0.7165164888400771,0.7700069110196602,0.28747221313791155,0.5581186198373065,-0.326065558203621,0.8801495693313429,0.1485025368376694,0.1605053416029303,1.0,0.5636685696537996,0.33714947751241336,0.3783679140050691,0.5528803682072089,-0.3795351400565467,0.3698607901380173,0.26329013449389155,0.6794275145020343,-0.30110772430821614,0.38943801716655196,0.18916250026084616,-0.4131972144937226,-0.17453559905917523,0.060585148670345444,-0.3487374903421263,-0.21361033642990246,-0.35478649327022826,0.7682592772981275,0.670793170738485,0.5790143297048101,0.32162174354760303,0.14466792262948394,-0.3721738460574891,-0.04148970023258897,0.631510566754123,0.150274808120187,0.6797249142650349,0.5474441356821066,0.34192674570092535,0.7811958451799619,0.1643792758792729,0.7418021098141615,0.31218280294536727,0.7178678739245536,-0.07882409605768119,-0.16197237475755455,0.037534004208833155,-0.7034038645338053,0.5101654834807032,-0.44174632601898917,0.7923351234469752,0.662558908169881,0.0775888081262341,0.6242181649067515,0.20288040342181737,-0.5892591663102226,-0.39650242949782505,0.7865389510505332,-0.0375831966057892,0.6267361630281788,0.13537353222429613,-0.6986448874637663,0.6865888332011395,-0.3044410978431193,0.6758632171849319,-0.3129611735965807,0.71580605334782,-0.48337843073722814,0.6062778596066744,0.7130080295265621,0.731674405901262,0.6456283335971301,0.7196566659413995,0.7128110886048303,0.7209471915984791,0.5741523828668089,0.4624556332739058,0.6775695655361379,0.7915153696902696,0.13758049375622292,0.5738920526003713,-0.09167809582257071,0.028289000458945168,0.708143875669811,-0.060397234776950616,-0.4434391887294718,-0.4677331146647035,0.645759333119119,-0.6244622673155956,0.3575382522121438,0.2871007760204653,0.8142789243680708,0.2179526689868454
