,000001.SZ,000002.SZ,000069.SZ,000157.SZ,000166.SZ,000338.SZ,000568.SZ,000625.SZ,000725.SZ,000768.SZ,000776.SZ,000858.SZ,000876.SZ,000963.SZ,002007.SZ,002027.SZ,002230.SZ,002241.SZ,002304.SZ,002460.SZ,002475.SZ,002555.SZ,002594.SZ,002714.SZ,002736.SZ,300033.SZ,300059.SZ,300122.SZ,600000.SH,600011.SH,600015.SH,600016.SH,600018.SH,600019.SH,600028.SH,600029.SH,600031.SH,600036.SH,600048.SH,600050.SH,600061.SH,600085.SH,600104.SH,600111.SH,600115.SH,600196.SH,600276.SH,600362.SH,600406.SH,600436.SH,600519.SH,600570.SH,600585.SH,600588.SH,600660.SH,600741.SH,600795.SH,600837.SH,600886.SH,600887.SH,600926.SH,601006.SH,601009.SH,601021.SH,601088.SH,601155.SH,601166.SH,601169.SH,601186.SH,601211.SH,601225.SH,601229.SH,601288.SH,601318.SH,601328.SH,601336.SH,601398.SH,601601.SH,601618.SH,601628.SH,601633.SH,601668.SH,601669.SH,601688.SH,601766.SH,601788.SH,601800.SH,601818.SH,601857.SH,601877.SH,601878.SH,601881.SH,601888.SH,601901.SH,601919.SH,601939.SH,601985.SH,601988.SH,601989.SH,601998.SH,603833.SH,603993.SH
000001.SZ,1.0,0.764553498195998,0.4767173659527119,0.7164830281918668,0.6767924803561495,0.6687819438710468,0.6662118203663755,0.6202375530736658,0.36828834621360534,0.4177279495513841,0.6696559692716515,0.5900266908485957,0.53901174774822,0.7028443284210907,0.6057983710470937,0.354415297461224,0.4869279309384655,0.3364513527556663,0.6556206746553309,0.4929817525607101,0.6226028395465791,0.6769401628773245,0.6459034039995593,0.4752616053969267,0.6179000907051803,0.45422149523296845,0.3736506528496036,0.762676152621601,0.9009234229996325,0.5880279162834262,0.9378099775960589,0.9527855670142255,0.8735518246462117,0.7280630684005587,0.7675751469264052,0.43158402228629805,0.8145817011870277,0.7104318909048013,0.517619515477505,0.8618378346970957,0.7126892156969021,0.4943157693807107,0.6831991436356271,0.35107078695657074,0.3810346011677561,0.5915632456612495,0.7965599836623585,0.7996321485875164,0.5848558323548512,0.6598348631894341,0.651077276513088,0.10225440008066967,0.4100152708791262,0.419961537250104,0.35785830755704456,0.7282746601575677,0.7344774044386919,-0.2685868936373175,0.6893506271508865,0.56103078340695,0.6597036279919658,0.8991367034530139,0.7990914791828585,0.4001321048461026,0.6130906084196885,0.5659445179916548,0.8837487813956684,0.9027798616551838,0.5487160584272012,-0.2370061771316702,0.5010080390960884,0.8152543491275791,0.524663282025869,0.784315132601802,0.6311961584900058,0.5258663400160687,0.6072354648918271,0.7211219420473597,0.6966996982796224,0.7777668361447847,0.6855691366407682,0.6664541388306848,0.7923910938573279,0.6116400515759012,0.5980239035005611,0.7307676431488273,0.26306466519507726,0.8673570158783184,0.8656093586031043,0.46723467692102466,0.7376787383585152,0.6828712640064606,0.6692822726227795,0.6858351378032704,0.736544188293176,0.522893317611968,0.7541349006209451,0.6995619965245067,0.7500751378066566,0.9080433820602932,-0.029772282912532182,0.6509238132158631
000002.SZ,0.764553498195998,1.0,0.777712922727825,0.570926271097919,0.5649218210669261,0.5187528963075244,0.6464959175136744,0.5954359920892326,0.48952510333054894,0.45199671382319334,0.6398436677945207,0.6135830490821277,0.608964150115031,0.641145985838926,0.58962115982054,0.48365090268639593,0.5323769365119431,0.3742992119370341,0.5458295643556857,0.5353331022181833,0.5227257298083124,0.6787572990093463,0.5465353387201528,0.49641292593785985,0.5635537873241256,0.49925186200870614,0.44728427757093275,0.563024251950087,0.6473757606934015,0.5227570245200456,0.6552339271987645,0.7276815906387423,0.6786667412834128,0.6671656151830662,0.4372739827736623,0.5117323498134729,0.6837040870119458,0.5873397699141909,0.7580349725937294,0.6369548695417924,0.6756208070177206,0.5141906433469218,0.548212241172256,0.4767943369414271,0.46203367494515896,0.6109996150883497,0.5381806006878748,0.6351736908281143,0.5386155856598114,0.558629715048085,0.5247583370027847,0.1686273268447963,0.6356321772452139,0.5119712150847796,0.31465543746092955,0.5159682206147371,0.4608113815932682,-0.1732926795360019,0.4427336171571603,0.5410574065296823,0.5074373103162034,0.6730008928673809,0.5795292148278998,0.3992702297625583,0.3122943415299679,0.8373418817395915,0.6742870841818694,0.6311890256620922,0.40947509745053995,-0.14737328477302433,0.30301370041067427,0.6863210439096425,0.2891946632998736,0.6826753942407953,0.37131698163552923,0.4190846110624138,0.3208644918146779,0.6421045522627649,0.6147948504475913,0.6629242692096028,0.4703164095167199,0.535980416133973,0.6460836311722764,0.5974131935664742,0.5471346214168092,0.6121034563726039,0.24964711620663352,0.5859812234312386,0.5790316934327954,0.5187324132733774,0.598670660544077,0.6026110111523729,0.5940770394063151,0.6560996110472425,0.5937115963770093,0.3210795107677827,0.4547456269094223,0.4032470521979505,0.5805356723686869,0.6579397302823542,0.30415541252289185,0.3991965351043289
000069.SZ,0.4767173659527119,0.777712922727825,1.0,0.6138576155048341,0.6271452112629844,0.5775614223361889,0.7316370880117873,0.6570302425048472,0.7220453737270264,0.3247624723183331,0.6489375412394703,0.7076810035159582,0.779831814276191,0.6227662402744324,0.7408521030841283,0.4407211120898055,0.5209311609845296,0.3526084289747094,0.5737659293475099,0.6822769578618354,0.2812062153974908,0.6669440217762483,0.4774730724761438,0.590678147755185,0.5694474729991852,0.5162259099595349,0.430733551149795,0.46060805304048286,0.32225430276370437,0.6406505302023485,0.41502004345259796,0.5110286192830248,0.5619150047165935,0.5787960648384322,0.284076989714118,0.682130230653862,0.6262308101308508,0.2686140753181426,0.4684461303692686,0.5174316917796699,0.7416399795153739,0.6758117574970993,0.6464519527272745,0.6850567603341259,0.6843728390191179,0.7777135277706511,0.4205118223518374,0.570973308900764,0.6519959001887599,0.6617100753197268,0.5829364351728362,0.08371042039177556,0.6540733890593405,0.6668467688556707,0.1925911030615781,0.5035226244038064,0.30814075546516345,-0.3692485571625858,0.3726211108870732,0.650866490847272,0.11283863640221918,0.37304601802757165,0.5080931616280177,0.6177330529653234,0.16117759996830755,0.6529544390445299,0.31400966816878556,0.28107362722084683,0.14324376836436234,-0.35528800500873753,0.34669622213503243,0.36627813498559986,-0.152457946959518,0.48975129230849296,-0.005960495177323111,0.27805741217516267,-0.06292678537421904,0.497119147806577,0.5107701499045217,0.5540344237709295,0.4975269701330803,0.15671361153283972,0.4953599388247956,0.6459917474934385,0.5167127154428703,0.6625927916238248,0.06582732709532683,0.40960511603436317,0.47422610338353044,0.7256437922768554,0.6081098587291954,0.6355686800832491,0.6970105181123564,0.7604757406133967,0.6488208837855095,-0.09698612634738248,0.3530863801575257,0.020256351102492454,0.5666213064253536,0.4170490456466924,0.4424792246665148,0.30566179532272303
000157.SZ,0.7164830281918668,0.570926271097919,0.6138576155048341,1.0,0.7637930414817133,0.9307904456427712,0.8285857972547107,0.854394338310181,0.5984106732823405,0.08470197779207049,0.6593531319432105,0.8350260184193021,0.8040115790409036,0.7320353482171971,0.8429529909908825,0.1789385767290359,0.30420987873049227,0.2435662645459604,0.9262830519836824,0.6711648609826529,0.3495418258071161,0.7291604065778458,0.5622096766961459,0.7400113150292206,0.5422967051818278,0.31959790758709955,0.17481430771124531,0.6423073515282112,0.5402761245491133,0.8160064212849112,0.713281392690567,0.7813566965810499,0.8345055359008567,0.6715472132903662,0.8131009354341873,0.8117660085796784,0.8699996486002654,0.2401678284692065,0.2780771450224204,0.7613763243181432,0.8194575570837124,0.7394918388381914,0.93168900984784,0.4848129526932506,0.822706383905905,0.7700936737004359,0.7284760528600355,0.8772690985686357,0.7467960666229548,0.8412667012716811,0.9498107807862723,-0.2791610870478975,0.39666039401335546,0.4197436754281297,0.17377336783679811,0.8506057439674825,0.7492269087076767,-0.675026586213324,0.7741810791706203,0.9260983733587541,0.18031341293237133,0.6872809214825625,0.7834434470931341,0.7777029900761332,0.6838086426209681,0.34753828373311973,0.4497064627707688,0.5329099571530381,0.13090925280521473,-0.6507321470587315,0.8243161454368454,0.3694314713182704,0.08523949575981139,0.4517291757216572,0.3159606487319881,0.1862640159550668,0.25477219137572865,0.5217871677098946,0.48043054511625344,0.5362313463827115,0.8067278153464161,0.2258814717936162,0.5721131194350236,0.5890698641823057,0.43548551218711856,0.8359236614538276,-0.09105409290798051,0.8056097086542963,0.8728025266090079,0.7218454322643946,0.8119465698450122,0.6840984044801041,0.8593379719732682,0.8238805994391968,0.9177015851389266,0.03191193343142292,0.8402755260965303,0.3620109193884096,0.8099433997318544,0.742476130795477,0.08289699189747861,0.8217645301132525
000166.SZ,0.6767924803561495,0.5649218210669261,0.6271452112629844,0.7637930414817133,1.0,0.7336567707038549,0.8159134606656336,0.7507837384573515,0.656733856038751,0.3408380322655477,0.9302834783518191,0.743985501465957,0.73419387754323,0.7553547675507885,0.8311958843877391,0.32671780628769054,0.646336177137557,0.3797524342569368,0.7351258081660635,0.7955316993106188,0.43840639133958975,0.7850569839115676,0.6879865206059836,0.5684426262600323,0.8863816363372811,0.7468371764406658,0.6281374169544219,0.8270573077679898,0.4586471607291312,0.7437488402918824,0.6159132324249939,0.6818200342781825,0.7543708148322077,0.5397694241556192,0.5630860247399386,0.6004085536645407,0.728159314853167,0.3204075520622049,0.18531669625269856,0.7376609404583424,0.945463281066699,0.7203778580771574,0.7815184463787949,0.6091216862445054,0.6036285599075227,0.8154053638780644,0.7090829667391407,0.7337840015151862,0.756282910225039,0.8479880949042956,0.7370478615158121,0.19350991766932416,0.32278708968935726,0.6441749326669011,0.22912614908974394,0.6803636152818541,0.5406476377047321,-0.5090913449769193,0.5634116504072572,0.7026336133419742,0.1275970478903514,0.5476206178002156,0.6022896182011571,0.6628764897872471,0.3039075122634903,0.309160942059742,0.404329508605132,0.40882830253084484,0.24002214166652003,-0.49784612188994065,0.4318000204963539,0.42471538391998115,-0.12921810898067027,0.5728394993021685,0.024038585545793967,0.4997885008300724,0.035394933812324746,0.5855919811539922,0.5816905944938071,0.7496369512381994,0.7461948401250887,0.20883780500691873,0.6484828855424967,0.896615633933694,0.5410454563821144,0.9627886959669928,0.036149571739408734,0.5626095412990176,0.7278137900701362,0.7700192904239386,0.9485506393685329,0.916498900417615,0.8379257638344471,0.943229658076309,0.831114930508808,-0.06833939602499994,0.5658250297253492,0.11823093823632676,0.7284980044253953,0.5713000505047704,0.05255426399910449,0.4781936387036975
000338.SZ,0.6687819438710468,0.5187528963075244,0.5775614223361889,0.9307904456427712,0.7336567707038549,1.0,0.8552469495220266,0.79240631547377,0.4963868368702369,-0.03464081202035948,0.6024628690665229,0.8066244615444266,0.7757001507358052,0.6673478495445728,0.7990768468818944,0.07491484953719516,0.20886031432308869,0.09973055539556185,0.9099542779196486,0.6322646629083511,0.21031579336489545,0.6669775369480134,0.5035564166452365,0.620881465705977,0.5516466183204122,0.24067703539242638,0.08615728270434665,0.6453884088493361,0.5246968168732696,0.8101260512719373,0.6973206914229032,0.7270353190381337,0.782663914363681,0.6281565909090071,0.8489543676663115,0.7146277447810528,0.854543531679642,0.14257819648354264,0.132820570437758,0.7736468814814024,0.7776629463204316,0.634802186103275,0.9434996558597768,0.41054774799921256,0.7799892932524388,0.7248966426163008,0.7636466605098676,0.823465678402674,0.7523801981873922,0.829071597336632,0.9589345766193542,-0.3587991773752744,0.26327125243536287,0.37278359493050967,0.03416194910663378,0.9178309992517893,0.7538547482827574,-0.7867457260579798,0.8407421446052344,0.8634390998669624,0.052154898141009765,0.6173122081611423,0.7440496366225909,0.8006221278663523,0.6975988806428893,0.26258728059880526,0.41070024885335926,0.4587267974657186,0.06310821276377315,-0.7493432220460104,0.8020466564892875,0.2377663403863295,0.0502431926883522,0.39910659461752296,0.28260229074642246,0.16537024455518165,0.2660624998859839,0.37777334324744155,0.39597247469552893,0.4339972457743167,0.8801677863825758,0.1016188032765295,0.4939647620356881,0.5085119511279526,0.3323523022671724,0.8338719388081367,-0.17778348107644096,0.7753053682867966,0.8669146556922366,0.6806539696532236,0.7801265316480913,0.6498377311073019,0.901608971289454,0.810204896812292,0.8652231552614477,-0.005690158313589562,0.8543842310140923,0.3548368802195414,0.8614172736778881,0.6810843525892092,-0.04747465582655266,0.7860624895511142
000568.SZ,0.6662118203663755,0.6464959175136744,0.7316370880117873,0.8285857972547107,0.8159134606656336,0.8552469495220266,1.0,0.8559728135998105,0.6718236370342199,0.3187920661342499,0.8078437052331102,0.9386208124637827,0.8924951596711993,0.8644489956490914,0.8983587407061148,0.43427932615137416,0.5339493691328137,0.4331730381994796,0.8465819532700499,0.8437365473256259,0.44423292491171656,0.8197567287865258,0.7575499750200847,0.7356817168498463,0.7562871117738954,0.5418066306167182,0.42850372987015356,0.7601492641394906,0.5152482686854792,0.9005783893614318,0.5915062365341387,0.7284128279969097,0.8138916591652193,0.7325236566905108,0.6474345409190156,0.7226407626806414,0.7672599733341606,0.35296378697856284,0.28542296386453686,0.8035753194432568,0.8651182065853326,0.7834156775972181,0.9013285729146858,0.6927091609054878,0.7571858129756585,0.8724332787621819,0.7101650364792378,0.8503326035695081,0.8820406970333877,0.9150236907838374,0.8770069546948717,-0.027169031751961836,0.4645712204750718,0.7003274170829753,0.33037017883048375,0.7561884416370118,0.6365371634590488,-0.5786952078169078,0.7086516127890509,0.8499769397088349,0.14066326273277863,0.5627782359366665,0.5572510575087045,0.8111408590127337,0.4819471947393214,0.44590815234806863,0.4121902217873863,0.4044609747339519,0.2926643572418078,-0.5371599957289471,0.5556210315286105,0.3709586226051261,-0.08672239130930083,0.6374927199579271,0.0987736893363421,0.4691216701225849,0.1101337749355094,0.6114633852196937,0.6236375590041101,0.6384444800376001,0.8318470798213635,0.2092901454525203,0.6927870116931527,0.751272663284326,0.6004371028191241,0.8717345845202341,0.10698144954271634,0.6053154435027284,0.7803642733254298,0.8067278206031804,0.8146978605282702,0.810006910820202,0.9472390420582313,0.9007711787473592,0.8635781165024746,-0.017473155576925564,0.6985190357919762,0.1852884927437817,0.8428439196749559,0.6061400187508726,0.23217408474155063,0.584843397840617
000625.SZ,0.6202375530736658,0.5954359920892326,0.6570302425048472,0.854394338310181,0.7507837384573515,0.79240631547377,0.8559728135998105,1.0,0.689937486051241,0.3141655565880209,0.7548223709923881,0.8825798679611833,0.8608118994211399,0.8444287945177574,0.917830835689662,0.4885938022328884,0.5082989768502614,0.5023989254721474,0.9058554520888618,0.8244979719617326,0.4927027981836168,0.8909015475567358,0.6746937658531383,0.8320065643683954,0.6000538226620974,0.48189738324605447,0.3693253607892301,0.6813915047493563,0.3987192691550212,0.889953752511515,0.5090731863628,0.6817994797480513,0.7740539481739203,0.588102030557523,0.6230490738366393,0.8640329541162285,0.6572219730536112,0.2989852670617605,0.35369640433554445,0.685053827144727,0.8055541511291623,0.8963470211085189,0.8778637587330679,0.6502565700862827,0.833144506302415,0.843037255174781,0.6364127991180504,0.8719059133582538,0.8239511465398867,0.8914789489865482,0.8632461463033915,-0.09495920566490218,0.4289873931898733,0.6015249352829216,0.4206506767891751,0.6934678539759846,0.682234882280761,-0.5570822392654056,0.6038835404901594,0.8449410275627041,0.16175971937404102,0.6241608558318573,0.5921633779068568,0.8075470820080325,0.4663337072917784,0.34595138670138165,0.3230432634783844,0.3841346346614913,0.15699263284242426,-0.5741227571847783,0.6669037647762298,0.3926240042345384,-0.09212103797121406,0.49646870506229474,0.12031650578851781,0.27051185418053214,0.008962801385898186,0.6698348919943626,0.4663151110775426,0.6187809374890514,0.7395692154132648,0.2263375787452542,0.5809582852838637,0.6861395423065169,0.49551031136178353,0.8058948581791214,0.010637368504741174,0.5689423700399284,0.7351210793270163,0.7559071489164362,0.800255052863681,0.6975416488883613,0.8607118668042686,0.830584511918393,0.9051787830809683,-0.10220726758760092,0.6954647960224097,0.1198625491747015,0.6628560973196967,0.6348347841944485,0.3391419832852114,0.6963634337022971
000725.SZ,0.36828834621360534,0.48952510333054894,0.7220453737270264,0.5984106732823405,0.656733856038751,0.4963868368702369,0.6718236370342199,0.689937486051241,1.0,0.4597174979577782,0.737081262110693,0.728281193360864,0.8186902340784243,0.7372354039847534,0.779487337969468,0.5589102993316256,0.6437086138484315,0.6440451246143004,0.5399920493879468,0.8374320821243582,0.44177957314437943,0.7147682958661171,0.7035215981749657,0.7428304499877719,0.6218582010890122,0.6121206385108534,0.5495896102160692,0.5126857165002803,0.2442355358735111,0.6931891189556157,0.29670165695103645,0.4267939355687281,0.5650012466834043,0.4521064521909208,0.2047237324977416,0.7149494352130001,0.5404118373135809,0.28748779301113647,0.30904658188958706,0.49610077577336886,0.7491007458451149,0.8313029516130296,0.608295703471687,0.8690061841692405,0.6680012920462602,0.8877201593052355,0.39252911793312184,0.5643854267250864,0.7236285461113069,0.7197415724598876,0.5428080609932734,0.13952696682439672,0.643380475408034,0.7921381175899552,0.4119874960380379,0.39430522512967886,0.26813248794825234,-0.31383231686019597,0.28728060091353574,0.6911236439664563,0.043936860094638874,0.3137589540331614,0.28145097888184606,0.6097742213192784,0.0655513631749066,0.422441677415951,0.15796944082015027,0.17812613121690388,0.18357217363740683,-0.3157375971380088,0.22792605929264123,0.3292047020080117,-0.2819100852939789,0.4995427200907594,-0.16496313465891413,0.39362655079251097,-0.16880234543568703,0.5563025232357552,0.5758279228072423,0.5515143481395736,0.5030910204374375,0.07214778253665373,0.5507192476274471,0.7406116401421468,0.652450207802882,0.6302715998218184,0.17531376806423857,0.28081782343736533,0.3999841256560728,0.8999962770429132,0.6095824053954509,0.6146795856010001,0.6300133349992989,0.7342709574989246,0.6740429675846449,-0.13566195234041725,0.2971244035010572,-0.1285747324445671,0.536033692363314,0.2807014925705353,0.49127831523873167,0.2536172198912873
000768.SZ,0.4177279495513841,0.45199671382319334,0.3247624723183331,0.08470197779207049,0.3408380322655477,-0.03464081202035948,0.3187920661342499,0.3141655565880209,0.4597174979577782,1.0,0.5903545447988238,0.30674951787855603,0.3331337618570788,0.5508678373522042,0.36653281024409545,0.7962766210646589,0.840361247100715,0.8318753168914325,0.06572945960387802,0.5138979318320985,0.8183315978872532,0.5320393820804419,0.7157726511838084,0.3790077029272265,0.5477881415819158,0.7123877962561687,0.7858117864544458,0.5083691444430262,0.39906567313678387,0.2914299620340762,0.2579016324262768,0.3895319103133385,0.4058959634285684,0.35681704766595895,-0.026229614571374033,0.16880575691832791,0.1886579322991138,0.768872307238719,0.5376544316161573,0.41629346243070736,0.38420826770378835,0.4599292257055125,0.13999005720872373,0.6234995496848029,0.044698263125861566,0.45485957708299746,0.26034127688309666,0.33903028825886367,0.36939705756160796,0.3795808483177507,0.027508927299478642,0.7251541942854552,0.5324843086726726,0.7208917621415507,0.780066802938756,-0.011450264571297072,0.09165953194838265,0.3822484083739533,0.0019502002983498579,0.10485105611158159,0.6052917771980281,0.37167474947194745,0.057889339979403424,0.0662847310368554,-0.1057664706597402,0.5422912091843833,0.4277105909548842,0.3905667681746512,0.7162469844798323,0.39495677671495044,-0.2249920345685028,0.6887954820104394,0.15809177194428234,0.7482599390762364,0.0601855160403695,0.7802926787818455,0.11108566256785789,0.7583277404797172,0.6830713549101306,0.7413730675694284,0.1411772138785613,0.6053915897445438,0.6709669785915602,0.6423546800495862,0.7324206468273884,0.2961999173568525,0.7141783211928511,0.07783046078368124,0.19493116447289519,0.39179257426432007,0.3332267808151473,0.45320638976628835,0.23233309140061445,0.3558462894029842,0.2736086336681014,0.39060846279308264,0.011262845693655174,0.10950223465213049,0.21253874071290144,0.27032585350445093,0.5061213023024962,0.010291427833462818
000776.SZ,0.6696559692716515,0.6398436677945207,0.6489375412394703,0.6593531319432105,0.9302834783518191,0.6024628690665229,0.8078437052331102,0.7548223709923881,0.737081262110693,0.5903545447988238,1.0,0.7531395385217824,0.7437560705174159,0.8309941366221274,0.8368826415601625,0.5538944161442833,0.8355993020905373,0.6202188743464582,0.6498060511247007,0.8657040602811256,0.6417932645600354,0.8582585768034301,0.838292988775256,0.6455690791349183,0.9418978072003362,0.8695450179795303,0.7928869926587718,0.8706539156808093,0.47726617966268114,0.7327814059384591,0.5522370837673599,0.6643267265061945,0.7309797517481273,0.5306883999715732,0.44457990905725125,0.5887857079985764,0.644925455304849,0.49127702219505737,0.3328582845671602,0.7218461751924948,0.929289454423022,0.787849917863916,0.6860044712985011,0.7436948780283271,0.5396439158991945,0.8576104813131501,0.6725177885826991,0.7137527637664111,0.774264971042117,0.8472740272517392,0.6394303769710828,0.3841036233132507,0.4536023604415917,0.7835625689248031,0.467384571051536,0.5453375493974488,0.46935579394542254,-0.333864114613555,0.47960050560972217,0.6444751428661886,0.254454509557675,0.5633106853834542,0.45502137478718213,0.6017233899952166,0.19094274196862593,0.44663660223207097,0.43111284889309265,0.4154537555044608,0.3975302051032541,-0.32057368163030214,0.268310067452124,0.5441236460526598,-0.09747796114080405,0.7035444633952963,-0.006262178453234883,0.6735769430474384,0.030801947648780748,0.716437729033045,0.6866017964288554,0.82005039005937,0.65698537296705,0.32275326370297946,0.7312340069325751,0.9727993643338381,0.6848519739433502,0.9017702806107928,0.23231978479217055,0.4566932896346932,0.6452509774564983,0.800024185618311,0.8941407506889013,0.9121899165348187,0.8028255550596582,0.9187171085004803,0.778961276089213,0.04401272583792066,0.45659877913769104,0.0828190071722373,0.6625393723708154,0.5338676169767147,0.236230665127359,0.3838536550877953
000858.SZ,0.5900266908485957,0.6135830490821277,0.7076810035159582,0.8350260184193021,0.743985501465957,0.8066244615444266,0.9386208124637827,0.8825798679611833,0.728281193360864,0.30674951787855603,0.7531395385217824,1.0,0.9536457398938617,0.8869563423451501,0.9145384729467958,0.507128235028739,0.49256450874010743,0.4874857201094814,0.8559581727953282,0.8643241456671609,0.4448163255970186,0.8157636023337399,0.7473476849193078,0.8302045382644874,0.6460335347782371,0.4679601331587338,0.3716844382411275,0.6325898254791084,0.4368457766252105,0.8982356496013466,0.4886622277614601,0.6783433478374917,0.7863917754463431,0.7620701940128439,0.5595712629284363,0.8165808360430068,0.7134110376939847,0.32380351999748114,0.391595591981227,0.7047787027083995,0.8127461972321144,0.8490723347603287,0.8864041139758996,0.756198867259958,0.868050791069118,0.8931034239678123,0.586637629706027,0.8428632772933801,0.8946586967810813,0.8872562265270041,0.8825260880421251,-0.12790214565125466,0.6047767396207492,0.6797115398909805,0.38768697737161845,0.6641438399509965,0.5739879576795803,-0.5378944409415229,0.6292761687877143,0.9063141050154061,0.1323915524556469,0.5027244963924605,0.5080530303544927,0.8345865993330409,0.4819846094405628,0.46960234710370985,0.3329777092605615,0.3499124551499791,0.24590760630971742,-0.5008353743350501,0.6007375490022812,0.3537753301571834,-0.09864116873922218,0.586505785155898,0.08924725740202881,0.36598176946120936,0.06688498946139791,0.6475389626274013,0.5918159053208671,0.5705010212755343,0.7454114207390616,0.1782603171214631,0.6456306084826521,0.698202438643786,0.605871801033286,0.7951183269811374,0.12979215358647556,0.539712343666443,0.7087779776766335,0.8146585795334439,0.7290116306298997,0.727556573913092,0.8738951107404841,0.8476725198287757,0.8546682376278998,-0.038892853706113284,0.6516934468932142,0.14775146301261072,0.7530053957645806,0.5529913424889198,0.426592701626926,0.558885132543589
000876.SZ,0.53901174774822,0.608964150115031,0.779831814276191,0.8040115790409036,0.73419387754323,0.7757001507358052,0.8924951596711993,0.8608118994211399,0.8186902340784243,0.3331337618570788,0.7437560705174159,0.9536457398938617,1.0,0.8608765796994703,0.9200440483755994,0.5377783782348757,0.5266338366808517,0.504333868451907,0.7965701725136324,0.8723704997687124,0.40433771418414555,0.7993974583131318,0.7185085310001188,0.8449939251491196,0.6351311686787274,0.48507898371159724,0.3899135177745549,0.5878359652649044,0.39865010106377596,0.8828130779884198,0.4651718118004276,0.6290390846106423,0.7462873238921502,0.7102649445551029,0.47989974035881916,0.844657643756355,0.7146563243941374,0.2975384418479,0.3885895633744256,0.6884344332801802,0.809442617800697,0.8649062152540962,0.864647787873159,0.8087672360226961,0.8960608126746972,0.9360854586696816,0.5417287643345082,0.7688268388690084,0.8995391371825053,0.8723603437440702,0.8276475952954239,-0.09249785382024772,0.668864060404776,0.7258868962855286,0.36797765910094,0.6349598872066181,0.5059789400710595,-0.5182715354311752,0.5738554955669576,0.875677144511562,0.09471354966124192,0.45232922649779295,0.5120551076203607,0.8277436964060668,0.39745463655252805,0.49199417529152517,0.3049746543381121,0.32600348988315087,0.19357047241806136,-0.49283155954180785,0.5540387110443937,0.35738490172086257,-0.1306558988964275,0.5612923892575111,0.05554338201206797,0.34959526614803565,0.022635761759608092,0.6120728220568266,0.5980221019721772,0.5619112169822694,0.7138923853166795,0.13701401131962407,0.62747463434571,0.7048052875072456,0.6421797251214874,0.7721666387462998,0.09703976194665054,0.5023954992760853,0.6452983134641338,0.864214143172953,0.7071078555427173,0.6928062905090534,0.837517315193463,0.852795607872034,0.8391518124338077,-0.07400259703457394,0.5852904700635901,0.10055587630570707,0.7365859535873605,0.5010226342227756,0.4926421400685996,0.49132659730013123
000963.SZ,0.7028443284210907,0.641145985838926,0.6227662402744324,0.7320353482171971,0.7553547675507885,0.6673478495445728,0.8644489956490914,0.8444287945177574,0.7372354039847534,0.5508678373522042,0.8309941366221274,0.8869563423451501,0.8608765796994703,1.0,0.8831566951324658,0.6909627000450168,0.668608570600752,0.6536168945436143,0.7432421835068257,0.8955210949349369,0.6499909125669739,0.8625080901415753,0.8885334843567007,0.769531342414782,0.758657250824911,0.6135328069134094,0.557648095603156,0.7787314723509428,0.5849655440800959,0.8730497157421856,0.5672144083278177,0.7598953642538301,0.8492337426815243,0.7370431605764426,0.5350472909739641,0.6634764916341216,0.6741827215702453,0.5774479438756586,0.46657212317951063,0.7844261094935167,0.8057850030164784,0.8225417565263862,0.7890978617757103,0.8187210229405159,0.6720283829487469,0.8892836695586612,0.6692925671561399,0.8495566171515746,0.8456028980668541,0.8621901669647736,0.7368639294784706,0.11925503637327357,0.5846203402110501,0.7648802074862923,0.5872383157781335,0.6155630437452473,0.6328064897896665,-0.37561975867195807,0.5631330535877498,0.7476141323263179,0.3264268766041029,0.6067076915983686,0.45864114837988407,0.6552900190155664,0.39305918034009646,0.5014437096856508,0.48976640900388907,0.4996730948625328,0.4684719055022943,-0.34899238216666145,0.4131019429265994,0.5631743579923073,0.029385288324790686,0.7696878696965587,0.14828301910501188,0.5742854281981311,0.15000029624547342,0.7985301875582779,0.7352321383729814,0.7509591817322135,0.7413544519078541,0.3790258473158652,0.8015601662324568,0.7762914218954706,0.7486334079562386,0.7777426612697141,0.3178022518029038,0.5234925880570164,0.7027063983722005,0.8078359578491399,0.748120704153315,0.7521944846263023,0.80740163274564,0.8264727875451111,0.8402072154202687,0.14490013886040412,0.5981199942163082,0.21453946730955412,0.7230884003435621,0.6036833685015145,0.42051515776125353,0.4979162726441058
002007.SZ,0.6057983710470937,0.58962115982054,0.7408521030841283,0.8429529909908825,0.8311958843877391,0.7990768468818944,0.8983587407061148,0.917830835689662,0.779487337969468,0.36653281024409545,0.8368826415601625,0.9145384729467958,0.9200440483755994,0.8831566951324658,1.0,0.5013664812764164,0.6001407864996319,0.4953210801991153,0.8566597000030908,0.9148479388420551,0.45219727796650294,0.8892298889029814,0.7393859117188263,0.7851612359321224,0.7195264891851778,0.5674926479360959,0.45421781180627097,0.7400839240528994,0.3953835783565069,0.9012081061920917,0.5156490812347201,0.6686829772398576,0.7778459847721746,0.6140428246681344,0.5586882375238641,0.8416081298157757,0.7051387394102329,0.296909122770665,0.2729080198040646,0.7272449811765432,0.8876469272346802,0.891033970466641,0.8844089359367322,0.7780090273769781,0.8529152950021642,0.9433391823539573,0.6754792328476541,0.8323060199127171,0.8736600637414577,0.9314437464180746,0.8453517676600596,-0.02874883282057868,0.4958589876118092,0.7212862856324884,0.34850022240977196,0.6951427974079404,0.5851252783494264,-0.5865542467017962,0.5898758959089921,0.8367693644861407,0.09762821739770548,0.5350523523504032,0.5683358733918146,0.8396848087253111,0.38186399060307386,0.3544673030574706,0.3232317422707676,0.34682805440809866,0.164205306459531,-0.5833870060298322,0.5773295227154077,0.3828791264322024,-0.1694794492666171,0.5504240598203868,0.02323295340920506,0.34998109189982435,-0.021123874190701792,0.633731576642091,0.5476454732756261,0.6445853614172588,0.7674962585793413,0.1382577050261462,0.6175841254418389,0.7752807593332687,0.5875738032190997,0.8715649624840224,0.015357014306505677,0.5317306645971116,0.7103930100732199,0.8514301977633015,0.833803247661852,0.7753328833559463,0.9022051696135763,0.9219694847613885,0.8932682527182593,-0.12139684042223786,0.6164376608650398,0.06284544470373955,0.725070821543545,0.5696523523311751,0.35447111225198275,0.564269971516833
002027.SZ,0.354415297461224,0.48365090268639593,0.4407211120898055,0.1789385767290359,0.32671780628769054,0.07491484953719516,0.43427932615137416,0.4885938022328884,0.5589102993316256,0.7962766210646589,0.5538944161442833,0.507128235028739,0.5377783782348757,0.6909627000450168,0.5013664812764164,1.0,0.7081200135089466,0.8220442202025878,0.21778688282062575,0.6366389070215638,0.6585989395174592,0.5823174703586643,0.6867246594513507,0.5101541553841056,0.4635469533506921,0.5829039132468479,0.6479857603757803,0.397381453986744,0.31399799904246084,0.4639725641171209,0.15140128277765316,0.36802360818395297,0.41743969792746033,0.44269442818583843,-0.05792596616936252,0.35880136854884187,0.1599416307302904,0.6567480221770238,0.5976205588037167,0.3281789697895366,0.37932184987847767,0.5841358534400647,0.25728178073050767,0.745152237702115,0.29515036383882265,0.5600987250028948,0.155380491887232,0.3837055004208114,0.4942319079279114,0.4165038198302009,0.1686917457444174,0.4288173532400487,0.6589834485603877,0.7229785376944501,0.793860043349658,-0.0056650173972642714,0.15629409017625495,0.20006563779653916,0.03379573763931918,0.2758671085020623,0.42720788168304297,0.28745754083676917,0.03456441004817043,0.2206734190447516,-0.08483104075771315,0.5383773145476014,0.3061147496376538,0.27667011009469317,0.5106235860465348,0.1903102347461484,-0.09212725589612693,0.5822877873811817,0.032860583280596746,0.6893707105887508,0.014079783647604316,0.5937088995476608,-0.021168530770797944,0.7498508040113144,0.595987962180638,0.621794290404264,0.1999377072835764,0.42235398515477435,0.6017441581082843,0.577416035076369,0.700751659977069,0.27938318456641054,0.5648539511341663,0.05474471799120029,0.16869091467205247,0.48173972028407,0.27678934437430996,0.38008830064882154,0.2940541639528662,0.38609566923915456,0.3537547515049897,0.20248952707276013,0.054242030135863255,0.0094884306403204,0.1768950563175439,0.2294524724138806,0.7411051637661541,-0.006628676306581279
002230.SZ,0.4869279309384655,0.5323769365119431,0.5209311609845296,0.30420987873049227,0.646336177137557,0.20886031432308869,0.5339493691328137,0.5082989768502614,0.6437086138484315,0.840361247100715,0.8355993020905373,0.49256450874010743,0.5266338366808517,0.668608570600752,0.6001407864996319,0.7081200135089466,1.0,0.7896153349729085,0.3010850175246222,0.7121877795099048,0.7555663671892665,0.736885336210343,0.7861307464588538,0.49435647538685124,0.7861682384456378,0.8957261066429073,0.8955060379227763,0.7232258495312937,0.34936167132115775,0.45112829515983965,0.3360337122670476,0.45773616122060584,0.49525943270918527,0.3560113350803653,0.10809504403349908,0.3678611470354662,0.3510924354762895,0.6024102286276155,0.3816067564082443,0.5106915975354361,0.6732648351124699,0.643566412047258,0.3484248129539668,0.7338642617386086,0.26144752216270367,0.6755625471976597,0.4185057469841189,0.46495311125537886,0.5714705119576788,0.603764733769825,0.2612248983930556,0.6764307066612001,0.490890697382009,0.8367749094395353,0.641006759976323,0.19911049486894047,0.1869484014452498,0.10711723566713226,0.16349312589625728,0.30605816691285564,0.35726092237973756,0.4050169993424993,0.17037273414868448,0.275807546755331,-0.08205598768520254,0.4723514763522429,0.369209304688821,0.33049867853267045,0.47937272043933987,0.0678392788820006,-0.0833329633527005,0.6081525233447366,-0.058527675320072546,0.7051967652600988,-0.08099421700926707,0.7634363893189152,-0.02970645340781286,0.7180969125807334,0.6546523380615558,0.7928494411164161,0.32862140449494964,0.3804727969429474,0.6482672530182642,0.869547251593047,0.7232879721215418,0.5890154995681756,0.40712933194893264,0.1746246272302062,0.3362936378985695,0.5983045719809424,0.6238331977558722,0.6693383975026492,0.4921825831986497,0.6526888163740907,0.47809578096334754,0.14417099131763858,0.12844666648193842,-0.015497664259770894,0.3771066512931798,0.3099284124930737,0.4056926893696973,0.10075160070017963
002241.SZ,0.3364513527556663,0.3742992119370341,0.3526084289747094,0.2435662645459604,0.3797524342569368,0.09973055539556185,0.4331730381994796,0.5023989254721474,0.6440451246143004,0.8318753168914325,0.6202188743464582,0.4874857201094814,0.504333868451907,0.6536168945436143,0.4953210801991153,0.8220442202025878,0.7896153349729085,1.0,0.2329399225728043,0.6415325724905302,0.8521489631765006,0.626643550343264,0.7737639535641239,0.628942939537532,0.5254354744587766,0.6511243012922914,0.7050357080634703,0.49780653509874706,0.28878507704201384,0.438024099064396,0.16922037347675764,0.36236977245973523,0.4371688467715185,0.3447957625768207,0.036710397383835434,0.37431634808153214,0.20832089690563768,0.6211601222285315,0.4968907191439141,0.3810974742160518,0.42887219452772385,0.6971926340805151,0.27316086521991245,0.7501954802627568,0.24356518462965804,0.5924552945769762,0.28910217967691987,0.43579167114093326,0.5179186876217238,0.513247695741392,0.20392236783837048,0.5030779363357771,0.5638814108701933,0.7520743622725462,0.845239020927509,0.024722047187405744,0.20193849498537939,0.1899972092930223,0.10518496954329577,0.3262317223581756,0.4017817930157869,0.36084505930835625,0.0004031330420310823,0.21821410190496235,-0.03679222137685547,0.4757857083610794,0.22746994372117735,0.2666812698926058,0.560923969852258,0.16837631730884264,-0.07495940680612705,0.520637561673351,-0.03227825219618254,0.6586438998304248,-0.05466900979502328,0.6837501544456552,-0.04294988420800194,0.7609763070696567,0.6401604450576573,0.6587403238208434,0.2314255078250942,0.46241625340644266,0.6361912084849844,0.6645523091236817,0.7554583816312105,0.3402037379331331,0.5924715553222734,0.07749797890311715,0.2352965475628929,0.528229882424293,0.38532218964818643,0.44088975436063027,0.3384651565189163,0.41359307288724606,0.43016910435178685,0.17860472204404587,0.14118183955867925,-0.022843023979765398,0.2543038462879083,0.22682896645314257,0.5808386417631607,0.15732875419875833
002304.SZ,0.6556206746553309,0.5458295643556857,0.5737659293475099,0.9262830519836824,0.7351258081660635,0.9099542779196486,0.8465819532700499,0.9058554520888618,0.5399920493879468,0.06572945960387802,0.6498060511247007,0.8559581727953282,0.7965701725136324,0.7432421835068257,0.8566597000030908,0.21778688282062575,0.3010850175246222,0.2329399225728043,1.0,0.6969097339713857,0.33129658350987623,0.800647032592603,0.5666186203620803,0.7293167725881021,0.5257971663583488,0.3211113208025324,0.1727185959256956,0.6342207881060485,0.44242263974158136,0.8341121548256839,0.6082405694365584,0.7230862800019633,0.7972782197705217,0.607850996774096,0.7661177510895422,0.8115525734446609,0.7458035772728911,0.18466426874422104,0.24074689746878764,0.6992556545966893,0.7897262558922193,0.7656439267235909,0.9309153308473181,0.4709617434245954,0.8377542628604916,0.7488109275133176,0.686827462939859,0.8836859202988993,0.7816782443206626,0.8562366338216969,0.9446102850633045,-0.2928774402528562,0.29548612031933635,0.4423353406563963,0.18044210981989192,0.8370666903981233,0.7341209245567866,-0.707739427519297,0.741593164432238,0.86890825789864,0.0910568616222918,0.6398922847831231,0.703669817036276,0.8392350781932519,0.6334483818288538,0.26146615118449446,0.39026135861163036,0.4153338248630201,0.04967107229143514,-0.7014303563235403,0.8169938958732116,0.3053152149601464,-0.02285521777154272,0.3867640694491276,0.23030142527593353,0.12476222487296491,0.11809714227883968,0.5132907631751378,0.3564581431985019,0.48963796835638845,0.7757775025918141,0.1542738931926813,0.48063343553567117,0.5653012649350403,0.3444601562484692,0.8232113610358672,-0.15727423484664066,0.6864058358707533,0.8177516838865855,0.659444444738254,0.7977120012630338,0.6609696713840338,0.8758056819988013,0.8103799615173708,0.8924494011008209,-0.09572164810714817,0.8055463539365731,0.2394457779624771,0.7599452389686375,0.6934020740255543,0.11979752584931637,0.7924254701422422
