,000001.SZ,000002.SZ,000069.SZ,000157.SZ,000166.SZ,000338.SZ,000568.SZ,000625.SZ,000725.SZ,000768.SZ,000776.SZ,000858.SZ,000876.SZ,000963.SZ,002007.SZ,002027.SZ,002230.SZ,002241.SZ,002304.SZ,002460.SZ,002475.SZ,002555.SZ,002594.SZ,002714.SZ,002736.SZ,300033.SZ,300059.SZ,300122.SZ,600000.SH,600011.SH,600015.SH,600016.SH,600018.SH,600019.SH,600028.SH,600029.SH,600031.SH,600036.SH,600048.SH,600050.SH,600061.SH,600085.SH,600104.SH,600111.SH,600115.SH,600196.SH,600276.SH,600362.SH,600406.SH,600436.SH,600519.SH,600570.SH,600585.SH,600588.SH,600660.SH,600741.SH,600795.SH,600837.SH,600886.SH,600887.SH,600926.SH,601006.SH,601009.SH,601021.SH,601088.SH,601155.SH,601166.SH,601169.SH,601186.SH,601211.SH,601225.SH,601229.SH,601288.SH,601318.SH,601328.SH,601336.SH,601398.SH,601601.SH,601618.SH,601628.SH,601633.SH,601668.SH,601669.SH,601688.SH,601766.SH,601788.SH,601800.SH,601818.SH,601857.SH,601877.SH,601878.SH,601881.SH,601888.SH,601901.SH,601919.SH,601939.SH,601985.SH,601988.SH,601989.SH,601998.SH,603833.SH,603993.SH
000001.SZ,1.0,0.6385168018348898,0.42823544999864777,0.6358295441623611,0.6261820355056396,0.7225450074606612,0.8258297930021707,0.6721683083106136,0.682104878940932,0.5438577530608538,0.6565201342987909,0.8300023236640787,0.6754315854852329,0.5686973628607278,0.6402755491937376,0.7716653301737405,0.6596822660223176,0.2966144505381227,0.7323867406946101,0.23068751968383694,0.1288934313307517,0.5561613565777666,0.46478426805758083,0.6215067092622609,0.6395774463179383,0.6397271808611155,0.7635120242708253,0.5874652350843108,0.7310503913981944,0.41112155353145746,0.7807809706772679,0.6872683958164251,-0.033014885733424794,0.6756462304520127,0.6895254756431175,0.528127068368233,0.6202123693850942,0.8394234537360384,0.5245011474505485,0.7368945870850042,0.4208940174543477,-0.10826060399568377,0.6617572543730844,0.5518606984267609,0.35934152491361004,0.6064804355591046,0.5682943844904892,0.857915553675824,0.620128916208848,0.277614025851921,0.601027903431371,0.44673109704415986,0.6009851448429078,0.35151847900305894,0.5496403905400834,0.6658162395643522,0.6242557249832313,0.3530710242597053,0.44062963462940247,0.6542573482694483,0.7578208591697791,0.4550396731428851,0.6848169044473158,0.6778196731487177,0.6092161451582297,0.27464121873128017,0.8333216419436952,0.6087828975891801,0.4792522159653912,0.6277341210467602,0.7227394574435092,0.7392373838375551,0.6658733695847359,0.7883873840370782,0.6556023627247853,0.8955002756725294,0.623315531732097,0.6546960647920829,0.5274547225103778,0.6313601992986418,0.6088869287105233,0.7538184245638878,0.4859645487342947,0.6904901655768954,0.6610556109385363,0.8022423700275693,0.2820931003918041,0.6953838506009573,0.7211601123243483,0.42047802760941244,0.6386748181464857,0.6052610613873545,0.5918712206867426,0.43156997308754375,0.8571537237878437,0.5497361364475718,0.5941529601265508,0.5832501566068017,0.6413563221082619,0.6487313299826917,0.7151954707001494,0.7389251694384907
000002.SZ,0.6385168018348898,1.0,0.8759188250127302,0.4114649627767282,0.6390344212851948,0.49905591194569704,0.6763576088015779,0.6693298646180477,0.5767056762237402,0.8205415564018405,0.8312026027623761,0.7024848059988743,0.6809909790906499,0.5898032661725717,0.6726047498247527,0.5874121948444391,0.4582226581885205,0.6135609688010497,0.6780929183547652,0.5500484723145248,0.2928984591119144,0.7258885865102038,0.5457815778002035,0.4813142661246573,0.8241840246607101,0.7015750203256381,0.6647077571692995,0.4628192966857781,0.541015817163598,0.5334876918585838,0.5137801270528598,0.5764760958354886,0.06531789330772496,0.48090501399696506,0.4628358476419963,0.8514099198052474,0.6755961382659853,0.7089000471151924,0.8756341031769542,0.6793982551532554,0.7993021187648628,0.35799744645796877,0.5265022892793483,0.6488320387977918,0.8217174141817781,0.6436775015459162,0.561172093629592,0.6602761380577807,0.46730239110307664,0.5689577996249127,0.5067290831358143,0.6578794721121702,0.4450972275181853,0.5997956870422746,0.2504786919848742,0.7134222393210085,0.3084095300522211,0.6623350273736229,0.16712934395938295,0.41557748796063443,0.5819274870783049,0.27214162923506496,0.3726365417710029,0.649361249626925,0.21020451120137248,0.756183149505444,0.5317976723862892,0.2835384780371115,0.6565779806773403,0.8507104019544264,0.41798734230740936,0.5311565847868515,0.3426210642240543,0.6611156666707606,0.387437456995442,0.792540683370301,0.2630082062008896,0.6425316843786891,0.8146415406744993,0.5288562076488903,0.6181797013190321,0.7180593644022902,0.779443315271226,0.8314182371732276,0.4532151856399494,0.5923193590368055,0.5060760650408064,0.47359927320090384,0.5728040483922444,0.6790949908120973,0.7732638494567977,0.8550481620514204,0.8353878658983237,0.6595238637846165,0.7311284685913205,0.26532178592949435,0.4524914336452018,0.31094453653235393,0.7088398582880474,0.34907620212022455,0.8309881623323833,0.5475655043283532
000069.SZ,0.42823544999864777,0.8759188250127302,1.0,0.29972301181352856,0.5906437501437777,0.3528360081407875,0.5764515655973275,0.5659838846943779,0.4493287526122809,0.8570726555362344,0.7690243796385028,0.551066778734561,0.6562862576264059,0.5677858787694848,0.6197251534550059,0.43921508256774083,0.38902040532198195,0.6134892387694744,0.6115350344413513,0.6317210025817738,0.1585282940849452,0.7224856355190911,0.5791433378578784,0.4365972521172281,0.8167429844277531,0.6547718717307708,0.5297879770515072,0.39018430061883086,0.42537982310190475,0.5005181237551669,0.3968180267997337,0.47582644157715664,0.07946505932362796,0.4190053923798611,0.3751087316162233,0.864098964674723,0.5024568067199946,0.5970254647432117,0.8166444895200561,0.6213932811443298,0.9024510084025823,0.5547340972497282,0.4509040840642271,0.6019042997523779,0.8686534071029746,0.6023592642237903,0.541758749321668,0.4739024459980046,0.3976961122113482,0.6780719266845306,0.39552442805139654,0.7241615389883616,0.33504432967482156,0.7427623373358277,0.1518502717665167,0.701851843688485,0.2541088945694159,0.7790761122776605,0.10305845483747982,0.2736719468074211,0.5282037659466968,0.11869289857410943,0.28455939877434844,0.5379898676884254,0.02209025085238105,0.8638068673860024,0.3879399618355552,0.2166159478632379,0.7572494078167339,0.8431097740511797,0.28753504912176014,0.426060471140854,0.21047119995420335,0.5077238626735239,0.26756756998215064,0.6978036614541168,0.12330609373843904,0.569709059131034,0.8875870684864062,0.4086768509357308,0.5298950267801359,0.6709392047819601,0.8578855743520011,0.7889869510066684,0.37921829074405156,0.47225062511566884,0.6403667659962441,0.37775537981425583,0.5212792526032003,0.7754139595304338,0.74809086968062,0.8092943705107413,0.7922341845399665,0.6476234130733193,0.5704142653860128,0.0770127671125663,0.3078087085457648,0.17749296200895182,0.7043095823341717,0.28464441941314894,0.8082800698635858,0.36961421312298176
000157.SZ,0.6358295441623611,0.4114649627767282,0.29972301181352856,1.0,0.7083728571078938,0.8463554080112283,0.68895165747087,0.35825201576477333,0.9079534543289028,0.4982569168570215,0.5006188009016906,0.8192509232148689,0.7317789938218069,0.6968466152283627,0.7858863710518352,0.8437236247601566,0.6597537938409169,0.1124122904072521,0.8209275694369477,-0.018538085897578976,0.1755505421220709,0.4856872605271289,0.44709090418695485,0.899738641485088,0.5550587885381568,0.5449808381300104,0.6646960327269159,0.8765294046913272,0.8926960018591289,0.406806057777517,0.7191910786264134,0.7975660541587204,-0.011583403598913633,0.8504768045221746,0.8180205470780644,0.349194382138687,0.8145441559247972,0.7693951412601755,0.4762815824733495,0.6675155604762556,0.2403306206212558,-0.20030392565858204,0.9043842796287853,0.6721867244890277,0.22825407562795155,0.7818822837892428,0.7952154632338471,0.6971540521387202,0.9062659920512628,0.27825871185945256,0.8587609558125923,0.24037614483534966,0.8893885609502871,0.19687470238405055,0.8179277226623588,0.7392390970847232,0.7732966828086152,0.29595515838426534,0.8094881298952292,0.9390012033144085,0.6994917133423337,0.7122417716918631,0.7428842582784387,0.8186958255032232,0.809139282371668,0.05139969355363853,0.8377772651632127,0.7069791659854889,0.32858319980144196,0.5279895831506977,0.7886305823185223,0.7860798253717167,0.9066152370507589,0.832535035461719,0.8724905483407617,0.596721280292884,0.8367982907123137,0.753737139250194,0.35986464801289203,0.8390676883698646,0.5586378523268362,0.6329438382571402,0.30231256970080084,0.5702619858124521,0.7653658143022506,0.6309456933137706,0.1425173624509968,0.8216125479546267,0.6462939512529152,0.40733813779014255,0.42423101748171604,0.31005698242161756,0.5323499367450256,0.0727829564418538,0.7223828867841164,0.7423070501064631,0.7952536232772859,0.842109117113719,0.5924089842432799,0.7257930474919982,0.6686611116746755,0.809625564166267
000166.SZ,0.6261820355056396,0.6390344212851948,0.5906437501437777,0.7083728571078938,1.0,0.7276023820003209,0.7825940452068378,0.6264170149999474,0.8086372510347091,0.7426181970840818,0.7598234732516569,0.7982198998512798,0.7989386312819962,0.7047574261833329,0.8485844772438541,0.714568365161112,0.6100498791107821,0.442914898522029,0.7960704118455615,0.3258572010103491,0.33821387977125333,0.6350961009914414,0.5804456584626914,0.7624043980052662,0.8271890419381602,0.7153941110887468,0.7788884858428989,0.7558820050199021,0.6984328679814631,0.27067097439859017,0.6504220816798887,0.6418697712633333,0.03658657021312445,0.7145142717885039,0.5630914727856792,0.5593583215432304,0.7727898168715299,0.7301127833758266,0.564992892323086,0.6434752934087072,0.6043548607672017,0.08150803972467548,0.7965048835240164,0.8404808949589752,0.5621887228638675,0.8630644985884782,0.7895831452887286,0.725983054401199,0.7750851478006405,0.4997635912619476,0.7621814419371823,0.5078863786506632,0.6662964145216762,0.47348143843168805,0.6256252656521979,0.7853120062235864,0.5355762846352131,0.5653434930013098,0.44965459920435347,0.7163123256828542,0.5765747395236536,0.3531962208143265,0.5804040905232424,0.7205113346328295,0.4725274441508638,0.3864557238423357,0.6918903498006674,0.5108713210805681,0.5049843196162797,0.7820652942149916,0.6048310851645265,0.6713672646503147,0.6589477674667359,0.7487875066499899,0.6038109121002285,0.7003414755730547,0.5714346801471432,0.6909472368994264,0.6429164014488501,0.6794955151139925,0.7135348878092892,0.6946873604177507,0.5559750580175561,0.7860003032055097,0.7191523650248786,0.6928009363502806,0.27402352569356037,0.6158657895823872,0.5684784282870236,0.6357437627052018,0.6845522089649075,0.6416275773058214,0.6939900322043103,0.44561820436920935,0.7010719566494515,0.45581620485421975,0.5141107357417779,0.5459298136442449,0.7416093810033185,0.5488587840112201,0.7431645000499817,0.6725453967493776
000338.SZ,0.7225450074606612,0.49905591194569704,0.3528360081407875,0.8463554080112283,0.7276023820003209,1.0,0.7452950318688604,0.5982651177455424,0.8758410109070166,0.5929586960365081,0.6322623619329182,0.8094312502003914,0.7927535737003423,0.7039769353919026,0.8236062645935279,0.7974349581724961,0.7767504129083819,0.3346866615846427,0.7497485005872647,0.21126302685557483,0.21014766450375785,0.5908149127657012,0.5748329566666222,0.8194438878159281,0.6788381817719547,0.6817462477345257,0.7932018718641993,0.8075396615634594,0.7983305931731359,0.38936485175837304,0.7205573586156292,0.73377286425058,-0.07644501198148416,0.8220239506214863,0.7015418169539988,0.3583036300424049,0.7859531841423207,0.7396565816903484,0.4615051735396846,0.6756836915821026,0.3448131689218819,-0.12896759111747985,0.8730720005599707,0.6926025525631099,0.27060654471570794,0.8032084836117912,0.735751993387077,0.7788368669168905,0.7830120127549377,0.31193178378525344,0.7380475028400739,0.4079453180179056,0.7889082716333914,0.3458220223208662,0.7834988010355045,0.7862778905652877,0.7064962775490233,0.3425282207624692,0.6618711160928127,0.8349755763182487,0.6732320549013758,0.5869555151709881,0.6820419740711349,0.7661499089275616,0.7488769397591039,0.1859147309094741,0.8462371257898024,0.6364431291752481,0.31756454776318754,0.6155676194399126,0.8438154115038436,0.7231464080024788,0.8075397246419428,0.7856464622572875,0.7693806436925881,0.6697679195627074,0.7330325740105238,0.6789650689405932,0.3942723502813657,0.715329124830509,0.7234468453668107,0.6340084807605844,0.3472214128625959,0.6586830988355667,0.8422374269139672,0.7334503038603173,0.104748822705351,0.7084147628788177,0.641167278666327,0.5141019971081527,0.6115304364794325,0.4737071839266576,0.5593049825163093,0.38489325943395647,0.7361183305334683,0.610008392976248,0.7609353540642485,0.7124315750149491,0.7264027384693916,0.6438262630778601,0.7334811966486269,0.8131756735710738
000568.SZ,0.8258297930021707,0.6763576088015779,0.5764515655973275,0.68895165747087,0.7825940452068378,0.7452950318688604,1.0,0.7692269226786242,0.7741079163340033,0.7319334511379784,0.742092842763293,0.9198349743805337,0.788998795059337,0.7450444601014167,0.8243435970071701,0.8180070589819737,0.6793928401726671,0.4664228340788806,0.8494098171806811,0.41412094232714036,0.27623929143845755,0.6778055492745323,0.6823285750947391,0.7338757503633118,0.8225393211078545,0.7437580751343656,0.813229739315128,0.7317895218701147,0.7325821352587676,0.33447718419412475,0.7780003463618796,0.6465978964835994,-0.10277997291039172,0.7241105062356906,0.6322262319009111,0.6525763075018443,0.6979279570334264,0.8345595780202891,0.5294256822539679,0.6697106260199459,0.5439112917940888,0.11271909414088362,0.7653761679911667,0.7192921944754906,0.5220399722914336,0.7938989147960581,0.7652585782571735,0.8358047298584944,0.7681596728150623,0.5339496505424394,0.7312872951829478,0.6054298786236487,0.5791825357277931,0.5770532768707622,0.6027736647455753,0.846974815050701,0.5875311243090523,0.5589490185984661,0.4083758039401797,0.6627416074252293,0.6632743106569851,0.3181824291942945,0.6200910125489539,0.7669399824667059,0.45938165333310627,0.4665876426009666,0.7955710962195092,0.5210865970077151,0.45891613402733517,0.7494446593027955,0.6765771399799951,0.708253235647396,0.6719727587099816,0.8242980706347254,0.6239240250519554,0.8620959636917425,0.5562983726252405,0.6374023676650705,0.622695732952079,0.6268940862989744,0.7944940150555215,0.758222140372796,0.5249179199243522,0.8019555326523258,0.7580831605346554,0.7851061987466457,0.21776533175225424,0.6392494926438691,0.628381467208542,0.6960222489789171,0.7139511187472144,0.6616622059591544,0.724083165985102,0.5324411203142184,0.8303970194133404,0.4236879694720866,0.5371350892632837,0.5189406322757225,0.7412301151935826,0.5848611042397102,0.8537519028650723,0.7032233570788463
000625.SZ,0.6721683083106136,0.6693298646180477,0.5659838846943779,0.35825201576477333,0.6264170149999474,0.5982651177455424,0.7692269226786242,1.0,0.5317824511280719,0.7592513588301029,0.792402709350628,0.6309915832927999,0.6981450098890422,0.5950388852613275,0.7084070372146228,0.6274696728132145,0.6630470661447628,0.79425483168994,0.5529351577807289,0.6674479232037017,0.47504051049390766,0.7420702738947799,0.7658251520618194,0.43750578123940725,0.79181821647441,0.8259540373921769,0.7931278325428094,0.5098085956705193,0.3597745470408107,0.26145646111948845,0.5607897428761363,0.2965954235206819,-0.19712425727173158,0.3908641427529353,0.24064304159178032,0.6282756455240248,0.5922244940696918,0.5164109235067136,0.40376284545211033,0.4437250846799022,0.601955042046891,0.30937956343523915,0.4715411231555089,0.6869484127254416,0.5727246850527382,0.7030113415884972,0.5827819121172672,0.7445629913596433,0.440644798137139,0.5799471945739804,0.4175942541128284,0.7689106721475495,0.23126764645788592,0.7032591728312615,0.22387866113078034,0.6889247282608483,0.2385664187222314,0.6055335350387362,-0.0024644637371544855,0.3300441135190325,0.3949406398052207,0.08411177486145477,0.22998135424811025,0.5356905502252242,0.21265201431656577,0.549020754452489,0.4523729410073097,0.15264692072852923,0.31934232706124893,0.7065626360554682,0.45816573842929215,0.38652742564684367,0.28357397304503956,0.5370159628310689,0.2429679743154175,0.6880181387899315,0.18485968798111907,0.3782207739596865,0.5323383721510183,0.2913911791908673,0.8957843150952259,0.5091836304926827,0.4342253355147864,0.7381048609469686,0.5110596188534179,0.6777830205935121,0.0629028946403264,0.24101025498168202,0.347484289579658,0.7409123482286075,0.8495746448522273,0.7279866974795056,0.6316436493457602,0.8312459636313481,0.6424133894337849,0.07673158565675528,0.2714703195489598,0.1323085717439061,0.6661353833474012,0.16531711203744417,0.6746838341670974,0.5435916531486826
000725.SZ,0.682104878940932,0.5767056762237402,0.4493287526122809,0.9079534543289028,0.8086372510347091,0.8758410109070166,0.7741079163340033,0.5317824511280719,1.0,0.6709772744914487,0.7051918082448684,0.8974833657817997,0.859161985274703,0.834074578337905,0.91416822948983,0.9004465021289957,0.7767945013306649,0.3420004810908983,0.8726968511564436,0.20272180005779208,0.33921585375058133,0.6413968614027975,0.5936877421584795,0.9002246116061235,0.7336371068438328,0.7252036280944809,0.8206389330094784,0.9343642202931467,0.870657044993437,0.4360275503742324,0.6828626304891454,0.7657482266828074,-0.04921407227453959,0.8227091272641335,0.7162829363622495,0.5046350899828758,0.9094170933335293,0.8109508078230553,0.5329164981495432,0.6449121694042954,0.4026326685536226,-0.018954001177228407,0.9282847979848164,0.8402161019311561,0.4269529322910491,0.9157106759342746,0.8856563701333995,0.7801571326734718,0.9053448283018869,0.47222855759339794,0.9031807928612258,0.4348105212309288,0.8549433369718605,0.39315077777672186,0.7838286063682282,0.8447513281830273,0.7141231593577686,0.4872694920132455,0.7061340369325625,0.8960569977778697,0.6385431518557038,0.6400591657006531,0.6443766357470732,0.8373628547413318,0.7541824015110327,0.22612488022097596,0.840451759867061,0.5841210961005411,0.32022747962075165,0.6842945350148191,0.7859525351975906,0.7707186689594846,0.8149054063764224,0.8753386903894049,0.789966516728604,0.6928167431743736,0.7209827125543892,0.7587602549687779,0.44236490952881075,0.799564236543762,0.7116814884166426,0.6148893842945334,0.34943120083019896,0.7268817762621093,0.7391040290044769,0.6738823203843761,0.1023216727049175,0.7278903929105071,0.5939837936225517,0.596444587757389,0.6002583343583329,0.46514566634448656,0.6888691735399685,0.29310679051654503,0.7398806681226806,0.629624466631633,0.7222093610748496,0.7381681836865167,0.6963471183223433,0.6031363093693564,0.786011325381433,0.8163485681845377
000768.SZ,0.5438577530608538,0.8205415564018405,0.8570726555362344,0.4982569168570215,0.7426181970840818,0.5929586960365081,0.7319334511379784,0.7592513588301029,0.6709772744914487,1.0,0.8928371140799642,0.7010859763062922,0.7955038762223965,0.7313029061602577,0.8396641699562096,0.6344045024180563,0.6159493511991269,0.7552004188576218,0.7286141680989372,0.6763010331790299,0.37498903480975915,0.8181299384323374,0.7220948475103816,0.5953938116200347,0.921692971810773,0.8472757891426386,0.7522560937529312,0.6356997381478678,0.5327610478979087,0.46013666515450113,0.5010614249586106,0.48808288805744726,-0.0410623320633219,0.5578621798154978,0.42734969034474474,0.796203362995246,0.726777343642099,0.6694180050786401,0.7036313952067688,0.629551305944722,0.8026416497131524,0.47476449449345304,0.6456827705190221,0.8087913876568246,0.8049617349958034,0.8351201682093231,0.7589976455748745,0.6551611447261664,0.6078031001640992,0.7655158089436278,0.5811288473714633,0.786368338723683,0.45063730292765897,0.7764543127145952,0.33874333586385225,0.8073034528498021,0.34528299466942564,0.8365128958532534,0.19488297987994727,0.4586729504934059,0.46013433005336085,0.210427427426392,0.3044131985952026,0.6482423308970038,0.2641577367324409,0.7290672171880326,0.5013120035288056,0.23183452660689954,0.5776344905705129,0.922932756963303,0.4851051134487989,0.4929767711126827,0.3701199036951314,0.6632168677989905,0.3883351955762336,0.7327498305727843,0.25820343570322807,0.6433963063988466,0.7808850034035838,0.5366377504850891,0.7792857366809459,0.6358194253716497,0.6692855034295783,0.8945465262255815,0.5586569533283888,0.6613542407445611,0.33939172407816137,0.4034213393191551,0.46842270559620686,0.8766072116164237,0.8795442939101403,0.7994452338229322,0.8652902890117377,0.7347468698567381,0.691393640668892,0.1758605975193174,0.41810454438054195,0.28604720502050135,0.8186229974381937,0.28210495617902004,0.8534147441247083,0.555796486128138
000776.SZ,0.6565201342987909,0.8312026027623761,0.7690243796385028,0.5006188009016906,0.7598234732516569,0.6322623619329182,0.742092842763293,0.792402709350628,0.7051918082448684,0.8928371140799642,1.0,0.7557168115715108,0.7921184473699409,0.7576281722997397,0.8301139792224879,0.6721746272533472,0.6139035440712823,0.7558747617551966,0.7160956593009115,0.6850461838146223,0.4723079513645369,0.7866602940514652,0.7089581819233958,0.5797650666497336,0.9138333523080201,0.9004683596871476,0.8680794219337092,0.6317515789505687,0.5066095787371941,0.399190990634261,0.48935381660409255,0.47513944170058814,-0.08609263435451754,0.4693823769703383,0.37002194071966393,0.7898443857811724,0.7336076396800907,0.6723408040913051,0.6380199118307469,0.5640127274617973,0.7797476681506875,0.397698923926697,0.6030610333773802,0.8238091586233155,0.7763508599680038,0.8166616644889192,0.7490526081786343,0.6941429058301701,0.5672594325459789,0.682888589432468,0.6008600713909585,0.7897196936663241,0.4678444623765441,0.7004712265250937,0.32048357757930035,0.7624278353669186,0.2839330511789075,0.7652806483089781,0.16378574555387157,0.5001387222829952,0.5009686899503413,0.27832086147723545,0.2832687202771426,0.6201527893851461,0.29424720003578314,0.6512484224559209,0.5402545692373611,0.20975452925737703,0.4915362688650811,0.9301184409379656,0.4782315077576354,0.5182153847071093,0.3484273682310337,0.6726095574550345,0.3576915756436123,0.778152768057224,0.25073229975544803,0.5907680519093689,0.6788705570458613,0.4922757451426822,0.7888703701400662,0.5692661987964737,0.5925021703862056,0.9397897432743997,0.4585776168559336,0.721225125739677,0.25068270399264986,0.36906117553056444,0.42418371258499893,0.8270152390728729,0.9266826203067077,0.8635058820225937,0.8228230225538796,0.7648954524896564,0.6667870693705513,0.17009571665882772,0.3860564249758425,0.2538332084899553,0.7601992495589167,0.2501390448673141,0.8222424933652405,0.5450465565991481
000858.SZ,0.8300023236640787,0.7024848059988743,0.551066778734561,0.8192509232148689,0.7982198998512798,0.8094312502003914,0.9198349743805337,0.6309915832927999,0.8974833657817997,0.7010859763062922,0.7557168115715108,1.0,0.8046777643854091,0.7923903570887602,0.8549954391185587,0.88298206882129,0.7128500545970614,0.3747257682918858,0.93320728217157,0.26039123036367434,0.32089138683953883,0.672029628241757,0.6394826479413703,0.8427387255953906,0.7816315206180823,0.7446246421102551,0.8546270038882232,0.8291311233762588,0.8500187490926768,0.402751375917022,0.7329946419287557,0.747566724250901,-0.09486234674985002,0.7893405819272735,0.7493404379392334,0.6159438773987463,0.830019294321088,0.9244402303006392,0.6233755630313441,0.7248840777512321,0.4925858442922118,-0.006493866691561136,0.8572554016601862,0.7682795711654536,0.4981466771263395,0.8346802620419472,0.8295522979211221,0.8224849990527563,0.8461935095361071,0.4675196235393571,0.8797793854449152,0.5058648751633362,0.7755970367912646,0.4318981959970933,0.7240052462289136,0.8396227450891853,0.6547537540066435,0.506685235916515,0.578295582490938,0.8372634055581529,0.7242587465283462,0.508406974985533,0.6805321641694975,0.8451656188509276,0.6123296272669475,0.3524857024724253,0.8749277773924393,0.5829093209954488,0.4558363997936618,0.7538168550510562,0.7275505975620269,0.771622428435975,0.7720570291795962,0.9351455712523967,0.7453379355683981,0.8587106058373607,0.6704165969730584,0.7920679549325519,0.5742665588351498,0.8030409251784133,0.7376918360795478,0.7558866200251716,0.4877727852948954,0.8121810718710232,0.7517121475675584,0.7721931846485819,0.2143733809789741,0.736833809404144,0.6678505448015443,0.6145021773860163,0.6640015975838347,0.61217923030867,0.7837977252531972,0.37791621801848524,0.8296050920717267,0.5588687008769928,0.6721673140203084,0.6635870526746904,0.7209500503621977,0.656519400679681,0.8601016190946261,0.7839309801091376
000876.SZ,0.6754315854852329,0.6809909790906499,0.6562862576264059,0.7317789938218069,0.7989386312819962,0.7927535737003423,0.788998795059337,0.6981450098890422,0.859161985274703,0.7955038762223965,0.7921184473699409,0.8046777643854091,1.0,0.7945160272199098,0.8999120832226178,0.7983045890072343,0.7949799331182644,0.5298109614811081,0.7641157296047925,0.45613684220136036,0.2558833012026553,0.7599992825312398,0.6710166324206517,0.8025331878956968,0.8678336429045849,0.8292995828631412,0.8182184597402246,0.7822801795811163,0.7422280978668616,0.4881934241192369,0.7210660061335123,0.7125679525200287,0.023693367471240512,0.7548008930091746,0.5688578289900429,0.6787642452036691,0.7998651103567492,0.7370488341624402,0.5602238622723413,0.6234718674658164,0.5934570776574847,0.1952306821756958,0.8264280133932536,0.8103026238324387,0.5732328885557931,0.8926643746420172,0.7937750360382222,0.8173927218880731,0.754250283270549,0.5903958835371598,0.7087778889945721,0.6559978244764116,0.680165753631322,0.6802709831313206,0.5851087205047816,0.9014895281176153,0.6498890061799697,0.6282633609480835,0.5227363813842275,0.7067570078315191,0.6556092621843915,0.4772637718999794,0.5909845215889361,0.8172958325675924,0.5491362390671172,0.5029559201250628,0.746188119287681,0.5404505361076007,0.4486327431301609,0.7926241754154565,0.7258409658181634,0.7179977988955079,0.6559920448726441,0.7322443315892712,0.6475667808519127,0.7371095667795847,0.5597381741891047,0.6225003573424455,0.593000049774111,0.5908745086133637,0.7612165393870494,0.6430582322340835,0.5160761988103418,0.8121338194649419,0.6840987259007608,0.6551933238414961,0.25110228148510944,0.6502764375308981,0.5703231064926052,0.7505756351075652,0.7775712378902065,0.6573509074204931,0.6866667947582515,0.5583610451283568,0.7293143598302779,0.45472376993793023,0.6353720351613843,0.5593328273673236,0.7629289624973979,0.52789812513798,0.8633634432955963,0.7633490168919147
000963.SZ,0.5686973628607278,0.5898032661725717,0.5677858787694848,0.6968466152283627,0.7047574261833329,0.7039769353919026,0.7450444601014167,0.5950388852613275,0.834074578337905,0.7313029061602577,0.7576281722997397,0.7923903570887602,0.7945160272199098,1.0,0.916337789982458,0.8227306411703181,0.7266591154767604,0.5716415115191548,0.8297885683477483,0.47546795420855553,0.48138545262317073,0.7922491681498607,0.7874535802097468,0.7925499479628834,0.8052211798018843,0.8010159927664385,0.8153976040096912,0.8774526464088374,0.6581715382939111,0.35767792890143085,0.48593527555933064,0.5582606553012601,-0.11980871121526913,0.6273602820202171,0.5087307534139914,0.6569797925074562,0.7377147105361189,0.6645803647387086,0.49755155850792177,0.5365843799434774,0.5902090658978062,0.320895899629682,0.7382244497745574,0.8101913676246247,0.6091699798821878,0.8710030394334964,0.8959166186747797,0.6426483622494045,0.7329528040226568,0.6819618192989146,0.7400199288919401,0.6529631037143662,0.5837129629839216,0.6235468030541361,0.511375725442386,0.8119545960661078,0.4707145486666877,0.668129395929527,0.3908258801794113,0.6509612266339827,0.5134563721432633,0.41256596847164917,0.4102589666536629,0.7774740984130949,0.4174341680162601,0.45822470019925515,0.6124174516713147,0.31570391428132694,0.28905966680480244,0.7288823850283471,0.5946419610171135,0.5737190959156674,0.5546048262731217,0.7091711390882507,0.5531355002450172,0.6515626598491114,0.4266811586888975,0.5623130239396302,0.50905029797786,0.5613822323580143,0.7256533268530204,0.500982845202118,0.3763985907561125,0.7921094939762198,0.5607613557578637,0.701330235619253,0.02396871883421969,0.49052505158750087,0.43773337012549657,0.8090824800487488,0.7027582554949444,0.5922210832515884,0.7365846133849326,0.48274586342214615,0.6364771983600105,0.3247362907201397,0.5053808598545483,0.4492291289610184,0.6757156276604036,0.36037505460669533,0.798230869116974,0.6392437074680791
002007.SZ,0.6402755491937376,0.6726047498247527,0.6197251534550059,0.7858863710518352,0.8485844772438541,0.8236062645935279,0.8243435970071701,0.7084070372146228,0.91416822948983,0.8396641699562096,0.8301139792224879,0.8549954391185587,0.8999120832226178,0.916337789982458,1.0,0.8581866836678511,0.7660510466846473,0.6226787775146085,0.8702807713668445,0.49203273064469993,0.4746622849082922,0.7982506582440493,0.7768929011569017,0.8504174991030697,0.8882949973718736,0.8551656493982914,0.8728075684915629,0.9182174880524889,0.7522543706270515,0.44513722020685154,0.6507098074319203,0.6609836273280612,-0.07841980832722169,0.7446112036131621,0.5765872364079231,0.6669085411809225,0.8671165711517984,0.7506324182808073,0.5708900985905926,0.6156725388349877,0.6166713421989015,0.2545801244092331,0.8603698596400292,0.8952223247747361,0.642606490787183,0.9662463641165439,0.944341082857139,0.7591073357017769,0.8270192729873019,0.6958590138999728,0.8236475924443364,0.674600968152684,0.7039125676033828,0.6539116744505028,0.6389758627491245,0.8990588509611559,0.5652768946160736,0.7022395894970819,0.48114560127395484,0.7578360964499548,0.5777530753269553,0.4695851432515649,0.5091680998326055,0.8150747865230401,0.5512721580138686,0.4818737197916203,0.7203933069260603,0.4347761023272887,0.3733008912316409,0.8210341309878834,0.6906847325146622,0.6858720245529533,0.6646407492365514,0.8050587741580353,0.6433078389461949,0.7150646849001969,0.548839414931145,0.6807406332157387,0.5853431751529231,0.6777622556330379,0.8370402827226223,0.6236552749242976,0.4565996777792482,0.8414730100531519,0.705769686132865,0.7586152152523106,0.10721547881901833,0.594056041618199,0.5371182531443528,0.8338680433599581,0.7737183242775814,0.6300252706610903,0.7759234337458195,0.5446681764066498,0.7490163128676249,0.43211039583810246,0.6028310602323091,0.5564471499779202,0.7815744032790147,0.46296403749943327,0.851596372277622,0.7444708098441412
002027.SZ,0.7716653301737405,0.5874121948444391,0.43921508256774083,0.8437236247601566,0.714568365161112,0.7974349581724961,0.8180070589819737,0.6274696728132145,0.9004465021289957,0.6344045024180563,0.6721746272533472,0.88298206882129,0.7983045890072343,0.8227306411703181,0.8581866836678511,1.0,0.7570717079389616,0.36344180746332316,0.8654510024836318,0.18947650582890227,0.3194497363026249,0.688310676312676,0.6169060516112207,0.8498082034973348,0.7139127961345862,0.7020834988074628,0.8115507062418547,0.8845588947542357,0.8517752995331115,0.4001224102953065,0.7559043516850535,0.7268093468872938,-0.08592833709739439,0.7912430236947952,0.7345462785919471,0.5822149436504108,0.8347333352190641,0.8127785921474374,0.5011553172314536,0.6696400597058151,0.43580918625582193,-0.04843015031238099,0.8435339817420777,0.7583105807694878,0.43148662600973814,0.8380939262451831,0.83525189390308,0.838181196923688,0.8585233013944239,0.43980533475246114,0.8052135765494716,0.43526274069499277,0.7501611990908539,0.416919355344568,0.6917945236986672,0.8157544720870878,0.6740080355619492,0.4515594749589506,0.5995937645921042,0.8141253435570984,0.6833283707618624,0.5768121321503314,0.6338481363167815,0.8464400895871135,0.6673023889217098,0.2645473293112018,0.8276230880947333,0.5512063972593456,0.3065745471178261,0.630453524039208,0.7717101103862896,0.763207804765038,0.7819454395522053,0.8728032023378643,0.7658188671959133,0.7401202044104015,0.6917754612613409,0.7034293759469389,0.4370334208492885,0.7406043918761802,0.7286715062792486,0.6560698183744061,0.33846311057070416,0.7056636743208741,0.6969761300650137,0.7600750242620706,0.07134767611938693,0.7005725908141739,0.6422053731866006,0.5852860292252443,0.6233395984670885,0.4987983253806905,0.6430861062331733,0.33661315160733435,0.836518013191753,0.5890426453636314,0.6677150747931772,0.6980617514903775,0.6292237470148508,0.5809716595260331,0.7760412127557713,0.8775965149591395
002230.SZ,0.6596822660223176,0.4582226581885205,0.38902040532198195,0.6597537938409169,0.6100498791107821,0.7767504129083819,0.6793928401726671,0.6630470661447628,0.7767945013306649,0.6159493511991269,0.6139035440712823,0.7128500545970614,0.7949799331182644,0.7266591154767604,0.7660510466846473,0.7570717079389616,1.0,0.4527846524322454,0.6464771821142768,0.3384544801689509,0.32066690593042707,0.733879877286943,0.6989515979699812,0.7284438364704836,0.6406721259402759,0.7988607965272791,0.7915062980471118,0.7468422242500252,0.6145683233709486,0.38455607937303316,0.5696585925345659,0.5089199627632345,-0.2335938551170672,0.6714063576452466,0.5495218806590674,0.4132414304766536,0.6870516418841667,0.6050078191754861,0.3782306122723762,0.5822196948729816,0.35348936321936364,0.04176403719353264,0.729673599302589,0.6753001469514849,0.284667355756719,0.7696424542466934,0.6794785769132542,0.766650869834438,0.6812686251673532,0.4595837483737301,0.590901426747281,0.5716448657178722,0.5558026437973785,0.5223394670382815,0.6074467250762546,0.7819300617085018,0.6281571693716309,0.45721333769682254,0.4975770247503037,0.6197710366542991,0.48408915095200894,0.34934556651959875,0.47552948978896303,0.7146743841860653,0.5895056752536447,0.21976750265143893,0.6321110543778455,0.402905741968415,0.29273188811803,0.544218205612549,0.7246525428763952,0.5066005713067936,0.5855041520590608,0.6201636824563712,0.5568890718377465,0.6237044159922608,0.4724171224572911,0.523741438480649,0.3844184677999838,0.5373178737870017,0.7501138919043293,0.4950925198700798,0.29099477856048694,0.6310306007170754,0.6997383276127495,0.6424018171112098,0.04640270832901269,0.472867168439499,0.5119128075690865,0.5942460636487773,0.6673638669217293,0.444996616100751,0.6024939116845058,0.5044269401969563,0.6028848078095908,0.3496236136359292,0.5539709626483093,0.4765177323776286,0.7420727992093248,0.4102125848668226,0.6707486414217003,0.7524467368291643
002241.SZ,0.2966144505381227,0.6135609688010497,0.6134892387694744,0.1124122904072521,0.442914898522029,0.3346866615846427,0.4664228340788806,0.79425483168994,0.3420004810908983,0.7552004188576218,0.7558747617551966,0.3747257682918858,0.5298109614811081,0.5716415115191548,0.6226787775146085,0.36344180746332316,0.4527846524322454,1.0,0.3955318516584822,0.8740269355321844,0.6675550577250445,0.7409464251871771,0.7673284679811635,0.25910726985117705,0.7122599966162952,0.781228659680958,0.6288136117050005,0.3887596964027218,0.0975158596503498,0.263067785880059,0.17779410811510352,0.042932509487408364,-0.15847363101579412,0.10624744612498194,-0.05844409301607947,0.6558166144370424,0.4530778433126328,0.24619315068607125,0.3628001774327127,0.18736256653422734,0.6586714643958776,0.6376234044216199,0.24272114067726358,0.5985397226173075,0.7516457915288121,0.5890561201472778,0.5379303489136752,0.3887366153143181,0.19212447208687786,0.7341278142493669,0.2532269846760529,0.8831977386931031,0.04475733869245013,0.8128301844527351,-0.040244761104195816,0.540013991896389,-0.0629376836887825,0.7351312337099695,-0.2366726286953502,0.10374302403015097,0.12903001549317986,-0.03949363573376822,-0.11250587290415452,0.3282787103840305,-0.06544469369038743,0.6916896735452159,0.10835386982747264,-0.1632749371840994,0.19534536776999992,0.6779005926252614,0.15405319164374395,0.12381420811884138,-0.04025276978843733,0.269195351732595,-0.028618792674649476,0.41575420607992436,-0.1388884153566352,0.1838319187778157,0.48311334841983705,0.0758634992080605,0.7668514082149759,0.21965023241330775,0.36179736798637235,0.6618209926892368,0.21069512513989544,0.4668859519317936,-0.038649716199456674,-0.057151103065431474,0.057738079012507715,0.8281222560114371,0.7738958667356233,0.6514553837785834,0.6166499008875534,0.8666359471224122,0.33825912334072955,-0.1865502869110319,0.07433725422476946,-0.13554123843792026,0.5459950176315821,-0.1538122783901419,0.5285817822381609,0.2393239594069837
002304.SZ,0.7323867406946101,0.6780929183547652,0.6115350344413513,0.8209275694369477,0.7960704118455615,0.7497485005872647,0.8494098171806811,0.5529351577807289,0.8726968511564436,0.7286141680989372,0.7160956593009115,0.93320728217157,0.7641157296047925,0.8297885683477483,0.8702807713668445,0.8654510024836318,0.6464771821142768,0.3955318516584822,1.0,0.2699208311638813,0.3651498766739638,0.7107746281848367,0.6833397294023463,0.8983196895730711,0.7534970547668332,0.6973594657935923,0.7981527731058259,0.8666727872253698,0.8595915401815284,0.41207689705805356,0.6564980273605991,0.7289000323003276,-0.10912869151398864,0.8062347590534252,0.7645803872749607,0.6290326311102253,0.8183571677487574,0.9079515251907412,0.6688733492437547,0.751507490582743,0.57294186191878,0.09445699381213223,0.8807919500197645,0.7761892054376925,0.5662044685048669,0.845268716949611,0.9008075383778501,0.6953921596777372,0.8627517895664699,0.5610307520894834,0.8965229628061261,0.5151706063194966,0.7942074034776853,0.4506122579940248,0.7280759121207679,0.8218938363518471,0.6379766721731331,0.5921550831661767,0.5635763934267038,0.8211865888767068,0.7264421501690815,0.4915955205382661,0.6545138232940948,0.8260235175458673,0.5734922051058494,0.36848200117730134,0.8265162447715754,0.5560054097096515,0.49006367285279445,0.7589279074014795,0.6753858636638602,0.7552093630827986,0.7528272348900176,0.9355578133676595,0.7407644310723623,0.8038275757860553,0.6488084658221802,0.852685973220405,0.629696406247226,0.8526623828748195,0.7074259720570168,0.7758950150037283,0.527404540269718,0.7998210778625059,0.7452051363873394,0.7530479958110184,0.23792170045371405,0.7358974525036753,0.6898334418552968,0.6581472458999335,0.6201341956958325,0.5470926555853056,0.8187674693583662,0.31788873285939384,0.805369254268611,0.523553108326139,0.6172786739709785,0.6626097750816736,0.7058747389739972,0.6312870909725815,0.8618389857020202,0.7393378351166721
002460.SZ,0.23068751968383694,0.5500484723145248,0.6317210025817738,-0.018538085897578976,0.3258572010103491,0.21126302685557483,0.41412094232714036,0.6674479232037017,0.20272180005779208,0.6763010331790299,0.6850461838146223,0.26039123036367434,0.45613684220136036,0.47546795420855553,0.49203273064469993,0.18947650582890227,0.3384544801689509,0.8740269355321844,0.2699208311638813,1.0,0.4502703365348806,0.6748966417796768,0.6422432616493361,0.12552757085033758,0.6586561943645081,0.707160865928096,0.5074467586982712,0.2217763113823783,0.006211780695217582,0.32622619549800963,0.14792800248701607,0.026757811727210593,-0.0427416812279657,0.037788527638532333,-0.14161041661458962,0.6282475454348354,0.22250321332380582,0.16566498804049648,0.32528751464707767,0.1355808859125127,0.6734886166731241,0.7665106150941488,0.11656023034587776,0.4234054969538248,0.7184039341469495,0.4350859211975516,0.41025642828724157,0.2600673911798707,0.07185484342427116,0.74004021550528,0.06523249492145054,0.8937302697788626,-0.08917726086837148,0.8193992487912419,-0.11432383033841946,0.4563416210367574,-0.07803941292281356,0.7514668868279534,-0.2863819072485495,-0.07012093569238433,0.11793719597460196,-0.14044784373566663,-0.1006418640249531,0.1981662692183496,-0.2017348672110927,0.7567277904968407,0.03499328077403497,-0.15742336032071405,0.2865923958031455,0.6531931955365634,0.08535312062845161,0.10006995386997379,-0.1400782674563121,0.1124374268994383,-0.10710263837117033,0.39007551229589654,-0.21925207585338188,0.04727749052611596,0.5314578139670675,-0.07911231155626987,0.5853761693232687,0.20703681478126393,0.4336165966482568,0.5990005656642966,0.10940938613551042,0.34787258072427224,0.10318031116678865,-0.09522414107002102,0.04033178588048994,0.7883870192811354,0.7354053272659761,0.6325717600230784,0.5347861250658653,0.8874142159792578,0.22729382297478398,-0.2593890201878322,-0.011030404542969859,-0.2196550791209515,0.5672801199448921,-0.16846323054324966,0.5018952864621713,0.06360373445820591
