,000001.SZ,000002.SZ,000069.SZ,000157.SZ,000166.SZ,000338.SZ,000568.SZ,000625.SZ,000725.SZ,000768.SZ,000776.SZ,000858.SZ,000876.SZ,000963.SZ,002007.SZ,002027.SZ,002230.SZ,002241.SZ,002304.SZ,002460.SZ,002475.SZ,002555.SZ,002594.SZ,002714.SZ,002736.SZ,300033.SZ,300059.SZ,300122.SZ,600000.SH,600011.SH,600015.SH,600016.SH,600018.SH,600019.SH,600028.SH,600029.SH,600031.SH,600036.SH,600048.SH,600050.SH,600061.SH,600085.SH,600104.SH,600111.SH,600115.SH,600196.SH,600276.SH,600362.SH,600406.SH,600436.SH,600519.SH,600570.SH,600585.SH,600588.SH,600660.SH,600741.SH,600795.SH,600837.SH,600886.SH,600887.SH,600926.SH,601006.SH,601009.SH,601021.SH,601088.SH,601155.SH,601166.SH,601169.SH,601186.SH,601211.SH,601225.SH,601229.SH,601288.SH,601318.SH,601328.SH,601336.SH,601398.SH,601601.SH,601618.SH,601628.SH,601633.SH,601668.SH,601669.SH,601688.SH,601766.SH,601788.SH,601800.SH,601818.SH,601857.SH,601877.SH,601878.SH,601881.SH,601888.SH,601901.SH,601919.SH,601939.SH,601985.SH,601988.SH,601989.SH,601998.SH,603833.SH,603993.SH
000001.SZ,1.0,0.5676044805690337,0.7502552390475662,0.6980824336062675,0.8156766957181509,0.8026544768136877,-0.24814000297936237,-0.34907442001405536,0.036638603889878205,0.21522783547606306,0.41610290273315415,0.3469638122889957,-0.2764543781235406,-0.4726333597285935,-0.34351324907697106,-0.18502514971151962,0.4000525946910994,-0.5555980930882524,-0.2675594370028649,-0.5706207374140322,-0.46370629245510814,-0.04722811487280198,-0.42828019634795017,-0.3803213435809165,0.4924539182612783,-0.3524284802940078,0.12229342890570329,-0.42612410148460717,0.8559564957654527,0.6643410788561902,0.894719330091816,0.9087265506900019,0.837246053699864,0.5178272881607562,0.7726719342607992,0.6337896195632625,0.5098542853536175,0.7430206158869154,0.8509082581022583,0.8339392178061539,0.8148510634621049,-0.18696454742043844,0.8744773923181338,-0.0868474539149456,0.8061497993664662,-0.1893926517819099,-0.380020648921066,0.40729077216630555,-0.04945477608553344,-0.0374113785294138,0.0043413238348542675,-0.30188261322032667,0.7794281196561709,-0.4573284539975752,-0.029538680816409774,0.5093844499758806,0.5086584902808645,0.5143979576541086,0.5692949057215567,0.7419519602377699,0.770074348655769,0.6775202080774294,0.797265049940134,0.4920540681274697,0.7317315185504097,0.41509045647592585,0.795151405276289,0.8116183784058273,0.8958090851121567,0.7558458289405231,0.674752994208121,0.8460455322200761,0.8388776941398074,0.7955012450984156,0.7787462390466273,0.6409789811175806,0.8251227521219379,0.7094308156388415,0.9238724668227682,0.843571424467342,-0.4694497101067685,0.9379665541457078,0.8080315436916674,0.8250886561021725,0.9031055159895963,0.7993311509919402,0.8608733369138645,0.9348362994014621,0.8691746847175347,-0.42348636321741084,0.22647313466868377,0.7054405990073377,0.484875687279847,-0.017385688197672704,0.5740608059128224,0.8549011097811395,0.8410471203418043,0.8117693648481509,0.8653012340156296,0.8931721113090928,0.2045137475341737,0.698426861168944
000002.SZ,0.5676044805690337,1.0,0.8064508237069287,-0.012468515051976983,0.8024478117750572,0.2649970736146511,0.45021846086594697,0.2585401910843244,0.6322292678570998,0.7227114397548847,0.849623293118166,0.7268420759697302,0.3238466863186303,0.132307819000378,0.4230639291785591,0.5274366881113611,0.4608924584854353,0.07679728301412937,0.4999907203916745,-0.08743181216736329,0.23936865657261863,0.3255941435385031,0.03422161838130418,0.278484713479692,0.855919368201084,0.3636128922865847,0.6502609938226045,0.32765665214761625,0.5251387699634301,0.49625837980639265,0.5773607716359345,0.4925262919430771,0.27542459338251474,0.8632471653581187,0.7754186867136728,0.1349962407519789,0.8725608095426285,0.021364696835766066,0.8189103456725771,0.7213236154655437,0.8156188993327441,0.3124061803452179,0.5193712698239853,0.6038608912084115,0.5717033087716851,0.540737105829451,0.1648833468665369,0.7654589599336733,0.5756078333369314,0.3393849655564353,0.5044754659783625,0.3189429063770094,0.6876738136465305,0.2917291566117287,-0.012532580090867126,-0.028778498483992707,0.7529926504836709,0.6628446868580121,0.6829182356164165,0.13522701631976589,-0.010437217893301773,0.6705633815647895,0.10032765376406172,-0.11500728906495668,0.30619038496087775,0.9180253476481983,0.12815081268075842,0.09229492787911649,0.6113944682972638,0.7728854556538799,0.03798238832550203,0.15887846957371451,0.5518920408900295,0.3751751657159883,0.7157932888884314,0.8313357119395021,0.390646666801516,0.8076595167397914,0.6863084278037742,0.6652328968901027,0.09313508791272646,0.6651710557706709,0.8423369244756068,0.5690827691541459,0.47076715066275127,0.6215066746423463,0.6693241047656396,0.376796889622699,0.6982723678181816,0.12735489481640785,0.7209596695738004,0.9073721137432825,0.08873332858606864,0.6475279261867893,0.6759726155623347,0.7016204522573316,0.6318535865823696,0.6572791280949261,0.6525694085964467,0.33805352227445384,0.7040514506369706,0.7164024809159676
000069.SZ,0.7502552390475662,0.8064508237069287,1.0,0.2677975203502922,0.7925505225566686,0.5603117032420458,0.1832055608751126,-0.01111230758093285,0.3851420548432474,0.48295350282483,0.698229150191699,0.5804353122535698,0.22040075783855165,-0.0782824499568637,0.028891447454004526,0.15908286877079944,0.4625763111994134,-0.24051714752282083,0.13433958814751287,-0.24857496693941042,-0.15032791828494865,0.06680158730565162,-0.12159475403604174,-0.09752012156382915,0.7760041619272293,0.018961914791826406,0.37546784290942076,-0.1366523244815706,0.5655417420947398,0.6978704185086285,0.73056893437797,0.6491026492034492,0.6466344136374651,0.6643351242751293,0.7693615265271344,0.5228418163937707,0.7595148761525472,0.2908577815908138,0.8633737848707655,0.7712995162700295,0.8928111785822638,0.04195114558435362,0.7623873530317988,0.3500920706863071,0.810131485820841,0.2091750625138268,-0.04196754023652919,0.7771849240171539,0.21235073430115714,0.09335102825435804,0.2391047529018869,0.08162219457897742,0.8217748924129088,-0.1087185035605042,0.13002197134159857,0.3647528376229289,0.7041255052835282,0.5720915895575381,0.7137087095896222,0.5048556665568983,0.3443667571219449,0.7793837951452022,0.3799410085064919,0.23990798124057924,0.5678488121427016,0.7338968854152332,0.379248103537652,0.42155295630818235,0.7892023195587899,0.7643186829130824,0.37548442581002117,0.4720225355642471,0.6747519632541318,0.4930069653567935,0.6769341454830148,0.7129011109015968,0.5306062875892869,0.6893901823867358,0.8390209082495578,0.7581696492645386,-0.10109268018602689,0.8283904191013262,0.8671310474233854,0.679969128305987,0.7055219489869673,0.6903403997987173,0.789950131516111,0.6353925015769369,0.8011328162597304,-0.08996434141999966,0.48134248679657415,0.8346937823862192,0.42486815037484543,0.36591680999553433,0.5780174154235957,0.7228277688986471,0.8341430569513298,0.692656393707655,0.8533283834901179,0.6047368466865272,0.6001846682145405,0.8013884189413245
000157.SZ,0.6980824336062675,-0.012468515051976983,0.2677975203502922,1.0,0.40225412334402927,0.7072544425094879,-0.5664781710145733,-0.5713851871566366,-0.44211594464876275,-0.13687284067649372,-0.0852777974488283,-0.006832647436292204,-0.607543761079227,-0.7518961137545173,-0.6145956295390623,-0.5989325239297656,0.2632155268499902,-0.7991766312688596,-0.578604294211868,-0.7502795907608184,-0.6332855213381516,-0.09662956336759145,-0.5482785165850116,-0.6276266200456152,-0.0323726140272577,-0.6602202643196254,-0.20595181255709272,-0.6416056151994739,0.6962330718021578,0.31558778721063196,0.5252969620538911,0.7015691447176162,0.7294713143287934,0.03874180026050054,0.4047734060641994,0.5990831889774513,0.023781213633176174,0.8900841302988414,0.43834990720558004,0.5270188495647166,0.4071514807188494,-0.3957733645498079,0.6997258358907151,-0.5000588757479519,0.5432517159004823,-0.5432923974744183,-0.5426448271970777,-0.17124402442605324,-0.3300543412242473,-0.17479704667452847,-0.26363028876352257,-0.5513509912524087,0.34888356628823985,-0.676118627585088,-0.12871493622437544,0.49238035242871797,0.05122894547546728,0.2585600871185061,0.13004735538103807,0.7009012771805051,0.7999653896491513,0.221814133791876,0.9092457877590706,0.6375019700620078,0.6372193076460052,-0.1373099492861055,0.8643808534764519,0.8794476596857362,0.6144854766212807,0.3904621678995452,0.7209322237781172,0.889284800036958,0.576003441524958,0.7795976929210536,0.41382908143777697,0.2461343074417193,0.7299931205834325,0.33197503373907145,0.6029377795575565,0.5709147953997297,-0.6457871915302881,0.6088862228439244,0.3516973181586358,0.6231491021543468,0.765557310976542,0.5751402849641226,0.5318191150357457,0.7821784979170051,0.5196676108714587,-0.5609703921504235,-0.1437342686237958,0.2248039357644529,0.5637468567206891,-0.441521952980034,0.2118812039782474,0.47971494497567324,0.4851587238612889,0.5040647125148985,0.5651673935246427,0.6726310440738977,-0.28151788343870005,0.15358092050144115
000166.SZ,0.8156766957181509,0.8024478117750572,0.7925505225566686,0.40225412334402927,1.0,0.5497295467065472,0.08701488037611843,-0.14645015885345805,0.3592494700250232,0.6479194237761682,0.71701180810252,0.6545308932157113,0.04325480188389904,-0.19358441442253105,0.05476914145439802,0.20325787696375083,0.6356626220524241,-0.27941835801154496,0.1266623666030289,-0.47261938581269525,-0.1419155724048028,0.23485383630824544,-0.31930273548837207,-0.01329685735263115,0.7447695281400507,0.03075234346337066,0.5199420885844837,-0.0113340393136871,0.8344436026385763,0.5545494159829053,0.7610937136936168,0.7759399444729769,0.5588147537191052,0.7928591238801294,0.912889187252047,0.28541823224540547,0.7698699361686548,0.43727769867890437,0.9074478330018181,0.90497791128133,0.8909779831621382,0.05671446437023956,0.810484998955043,0.27147374638570204,0.6753783638005094,0.17618232402465636,-0.08709426767947248,0.5644660881243052,0.35680350196619265,0.25431207360859526,0.32870502949915,0.015731825009709193,0.7082612701578709,-0.02574402107550908,-0.18020064577856246,0.09664063127624195,0.747746118839152,0.7744153682648518,0.7635029636546822,0.4408046083680854,0.3594315167978494,0.6725741029760594,0.483891055965286,0.07055101111454681,0.5825929488778605,0.6676941693967636,0.5484754771227849,0.4915998180210364,0.856735588574173,0.8945758429795382,0.3717814876109909,0.5034294529739108,0.8230167801275744,0.7452563217351947,0.8601569251856813,0.8974281451234091,0.7370211789181772,0.9066329749741543,0.9033759072601496,0.9043345310586125,-0.24369145154850957,0.8800485473696718,0.9236411242586521,0.8740736244142906,0.7638376222840418,0.8915931456784989,0.867939716345265,0.7106857498487337,0.8369685540547618,-0.2697986228156039,0.6156026368135362,0.9231243594579498,0.23776069615273268,0.362709022464308,0.7177235001206892,0.8816783080751209,0.797404405803276,0.8455074878136718,0.8373147719272428,0.6638738083623786,0.39530276662152714,0.6858194892987021
000338.SZ,0.8026544768136877,0.2649970736146511,0.5603117032420458,0.7072544425094879,0.5497295467065472,1.0,-0.40194913808439575,-0.2866156618171409,-0.1411348077044205,-0.006385669197864069,0.25005645429187534,0.05921320353246199,-0.2900282598025699,-0.5283829456720895,-0.4164788501784448,-0.32880549375576856,0.27193726403055285,-0.5486549949354503,-0.4507196741589687,-0.5098802635698796,-0.5867192922148099,-0.17085505588672908,-0.412643849235184,-0.4927814604527454,0.35594403403281155,-0.3872896063927264,-0.01338752601240086,-0.5958268003262336,0.6280885373371997,0.603224388728035,0.7444517371725204,0.7597879744446723,0.8243845507021431,0.23019729848638626,0.4719823171273831,0.7624187107239483,0.32889755522483094,0.7032005446040325,0.5515105348549051,0.5479853621553509,0.5951016404338227,-0.32157067434238623,0.7496083787646719,-0.202378571238738,0.7701052175001069,-0.25772001826507324,-0.46058700380834866,0.2397639435736093,-0.23128733120220088,-0.24065516784188942,-0.24369121645849223,-0.3979838750298663,0.6299097358847378,-0.4827656397570405,0.03280287078659722,0.6880120311282644,0.28207208654103716,0.30270669376266385,0.338216306412505,0.6971747931555119,0.7450118831947194,0.47889672747296125,0.7035153279312,0.6978510549980471,0.6924597933445806,0.16610516781737314,0.6836955193295661,0.7244641379353326,0.6620967810595355,0.611763936171911,0.7284750959292287,0.8240511814760033,0.6689878508722152,0.6349478781582354,0.5361273828528085,0.3612559409304974,0.647068427849865,0.40752432937785077,0.6919482636896613,0.6299451751564702,-0.46740910286308496,0.7174772620837436,0.5173628243381261,0.680051728582609,0.8186966582176883,0.610342750798714,0.5742296287572161,0.7715021961769587,0.5804172713698564,-0.2681365172887904,0.11007544905054273,0.44245508507501846,0.5031314856078911,-0.12495169983519795,0.4173962029200719,0.5637392209255684,0.6619298477992538,0.5784914424142827,0.7434268303855128,0.6978349472506463,0.11202376112801128,0.5582619981184446
000568.SZ,-0.24814000297936237,0.45021846086594697,0.1832055608751126,-0.5664781710145733,0.08701488037611843,-0.40194913808439575,1.0,0.737237012368352,0.5915821403581917,0.5720581767647803,0.5877800900847844,0.5890815355198523,0.6982523439712058,0.7394928914445938,0.7393714271028168,0.6305145060493148,0.16332814765690612,0.7377366175702225,0.8879893705467506,0.4588601128073944,0.738461118087541,0.5061847731274988,0.6140193183094429,0.6508704023572852,0.4806440394040516,0.6827832736264647,0.6584415533937736,0.6870830525958387,-0.2725123391477611,-0.16597961805429318,-0.2542910720348085,-0.3515209584160702,-0.47228470021543734,0.30069615638264435,0.03375242460993422,-0.3409632697946496,0.47097888353722556,-0.6119611923591879,0.027447012776834052,-0.04750517316320838,0.08065119977366765,0.6850225472628954,-0.1996888956057212,0.7954876690908982,-0.04606680357200035,0.7950262016254297,0.7562391094230221,0.2937920343101377,0.6865265608117305,0.5288177294131267,0.6845564617799145,0.8433089432485472,0.03144805764511854,0.7319783516259432,0.14208901983167704,-0.34044094144163345,0.23863327220484976,0.30489311045236,0.1285338694767331,-0.5317307002783601,-0.6598229311459652,0.05576058985023127,-0.6177966510244747,-0.491696092209502,-0.4815980654298067,0.6086420090173177,-0.5684404771021038,-0.5913714519767074,-0.21408308873212648,0.19277641156551986,-0.6429040054928227,-0.5773361394245157,-0.23004253060985344,-0.2980837975350755,-0.015277238713299834,0.3215496250301716,-0.4122274789552091,0.14558128121679736,-0.1336072624462827,-0.03545758208265556,0.7968276282878851,-0.18669794945961135,0.11298403760675065,-0.06540205719053992,-0.3368094672346779,-0.1073114704457901,-0.13986533881393065,-0.4355397501400975,-0.16167560950899207,0.6485362627518331,0.6293306704624005,0.3061854996586686,-0.2942339555660409,0.7966944488782285,0.08107843989434727,-0.11439678728081992,-0.14307685121078137,-0.1381822683656305,-0.08491088851169944,-0.4604221955910121,0.6562390012975822,-0.020258858814071915
000625.SZ,-0.34907442001405536,0.2585401910843244,-0.01111230758093285,-0.5713851871566366,-0.14645015885345805,-0.2866156618171409,0.737237012368352,1.0,0.5662415744757398,0.42717960929831894,0.4405699986295102,0.3467552664376457,0.7100085808507813,0.7511605803890592,0.7466050292400509,0.5862507868972817,0.00824732585613259,0.7883918101927193,0.684057268681855,0.6321952541596983,0.7339214939497102,0.3989653402380169,0.6819776202234888,0.7000874466128665,0.37871924761787396,0.7453492853356879,0.5329205704839323,0.6601953118734663,-0.4234853343713572,-0.19163954278251447,-0.30849943329143686,-0.4106548461699375,-0.525084270484714,0.1281496669606694,-0.21523089058625514,-0.23636092427433522,0.32533575293165684,-0.6264641229956088,-0.21557252190638485,-0.2770427133880561,-0.08287491850545632,0.6323471431141099,-0.31330434291710635,0.7251672172004732,-0.05996947780543301,0.7750243155151947,0.7331367938201029,0.26523373466877803,0.506746600241472,0.4210394118343273,0.4794876827914834,0.7362988805428645,-0.02848020528710375,0.6903490109164124,0.20220701830919954,-0.08453249755557389,0.058010428344112075,0.14616372313780104,-0.11916149931210003,-0.5517798411518208,-0.6412933517350276,-0.040000065687237234,-0.6691356927016034,-0.31961402108138137,-0.5343321876002466,0.39377796187585545,-0.6208336928339385,-0.6552021372675483,-0.44429930949395574,0.08511778792459264,-0.57873274624432,-0.5156281941676092,-0.37825833468311004,-0.43583421592968546,-0.20758270374881918,0.07096914506360216,-0.5612165922712884,-0.08463625047366925,-0.3383874255286174,-0.25909513314961935,0.7661361883523147,-0.3905319698628136,-0.13523242206609454,-0.23226629964041334,-0.4587567566513005,-0.2822365099807039,-0.3949120143921867,-0.5480699338397279,-0.3818237409169778,0.8172934423851244,0.5238156142189062,0.10549120901263352,-0.29806489270324726,0.7125738969739513,0.021465732832331816,-0.26968796409240897,-0.3064869419011826,-0.3109390758120468,-0.21249889914501274,-0.5912558329209144,0.6204639443328742,-0.0052702286620781745
000725.SZ,0.036638603889878205,0.6322292678570998,0.3851420548432474,-0.44211594464876275,0.3592494700250232,-0.1411348077044205,0.5915821403581917,0.5662415744757398,1.0,0.6570265406899122,0.6953862431620929,0.5904332721726676,0.6860790975852268,0.4837892165533954,0.7401594869376139,0.7988076330375212,0.20500779539192357,0.5261022349793935,0.6158251299992581,0.3813323880333863,0.5125374936936516,0.36108365835803796,0.28658777581791733,0.6134253047757628,0.6975749110110452,0.7501604614289671,0.6195628445215396,0.5687841387064568,0.07526679827827602,0.2599452653281556,0.17313732647488334,0.08217941180799239,-0.22476121396286433,0.6266247485306896,0.3171650097456346,-0.2559592537777615,0.6458851316681281,-0.4082303250488138,0.2466280252272531,0.20622333225989362,0.333829155475992,0.5736111790735858,0.0869600681241341,0.7490899603811266,0.10992274648876016,0.7361823115870291,0.47814243292035,0.6953238745421858,0.7180297262292571,0.5104297503529432,0.5820554459397016,0.5407427814901796,0.3192884080425565,0.5989223345854905,0.10820047800063236,-0.1514474514507446,0.5387269447778777,0.5019338934848262,0.4360159739751628,-0.23794558199882165,-0.46569793404439075,0.4196460921076443,-0.42972000054579224,-0.41143994264902,-0.008499355098100967,0.6707075931393837,-0.2875090380375969,-0.33532925839115885,0.044075206444192015,0.4645966591301744,-0.25553873507993613,-0.2689843526218659,0.1702841654238524,-0.08507173282006296,0.3447485123635818,0.5006445304510946,-0.03532810516500604,0.3895490803318895,0.12114346114212642,0.16862386662391252,0.4355655382749674,0.10487984673697691,0.36897863823109806,0.11374605213336858,-0.09616206384868402,0.12292474690358583,0.12193785320940136,-0.11073989168220316,0.14146280013810017,0.38825135308871217,0.6772328868080875,0.525139098558633,-0.2564181691416803,0.7363490267829489,0.38123303335475933,0.304323651037356,0.17652957819103357,0.2539492172846846,0.1739626729109862,-0.14270378752791718,0.6661745461746565,0.5067328150009764
000768.SZ,0.21522783547606306,0.7227114397548847,0.48295350282483,-0.13687284067649372,0.6479194237761682,-0.006385669197864069,0.5720581767647803,0.42717960929831894,0.6570265406899122,1.0,0.7408477285998321,0.7971037536177921,0.4964236393391448,0.3447927953126455,0.5785351282097967,0.5405410895221143,0.5579689780717835,0.30025987784640557,0.5841800680002566,-0.01734543469790475,0.35738235289549763,0.4817211915352593,0.09299352886959583,0.48781264453456563,0.7209254800108281,0.5224767180211072,0.7560217394237158,0.5561087367488723,0.3319720189341004,0.1571840920022298,0.17870508605478708,0.21479162461590892,-0.0837611592116218,0.6864332668540881,0.5428964625429132,-0.14017316339180116,0.7723284405321186,-0.1545555207211396,0.5149705512106058,0.5155752247142319,0.519755734266896,0.46793628092564793,0.35138007985865166,0.6618574504333827,0.2682808989210453,0.6357598825229615,0.4418796353777059,0.5464162296547895,0.6639072738110209,0.5960368451132133,0.633715585901374,0.48339727475889416,0.3012259621215399,0.5152905391831211,-0.17145815274764845,-0.28224251034092224,0.5800814063174552,0.724043377330086,0.5235397666796634,-0.18551295947113855,-0.32786698076425297,0.3446025514911922,-0.16485116476167902,-0.3287540289156869,0.02521047822023027,0.6992986431830959,-0.0403037422499927,-0.1579562351163041,0.30443588337346356,0.6491629476555819,-0.15326882363621386,-0.12155276376601658,0.3293452388684528,0.28638125296367295,0.4586160316252991,0.7375995061016054,0.14883639323776157,0.6370616316132486,0.38537891322727647,0.4930974330828231,0.24587188226812196,0.31691740223540155,0.5523954268786844,0.4672135223079468,0.18602767261163586,0.4920669856563549,0.3652376775366297,0.05500985317258545,0.3166191777047944,0.2642070168517152,0.814218581537359,0.7228762089066448,-0.038884189763394784,0.6969022220788514,0.6046703020621448,0.4206487103530681,0.29932192013501524,0.37890107504049136,0.408952299079431,0.0004927820517371581,0.598977295811323,0.36855772473021986
000776.SZ,0.41610290273315415,0.849623293118166,0.698229150191699,-0.0852777974488283,0.71701180810252,0.25005645429187534,0.5877800900847844,0.4405699986295102,0.6953862431620929,0.7408477285998321,1.0,0.7394783874569164,0.5050799362543897,0.3359818291168822,0.5444978475229342,0.6325507136810365,0.5742278631054604,0.2897127181169502,0.5909322946136694,0.08754193094275908,0.39903899306384033,0.5043948666093163,0.2577549499691962,0.41654985869266575,0.9247909457489315,0.5250538420075912,0.8635635576388507,0.42059086770358256,0.35701684719411614,0.36961758752642765,0.4050936377371854,0.3253552783826635,0.17258506191809997,0.7533238425744012,0.581111285049113,0.08212098662239477,0.8792164885382417,-0.10535768523257631,0.590556443783262,0.5234023921423,0.7324568752346424,0.47168061743203865,0.443533772118375,0.7490779300768226,0.5197759950611016,0.6769741843994854,0.4064520310971999,0.6772115956651773,0.6206815951714795,0.4898651784898446,0.5853948077452449,0.5515640477185524,0.5551226885884332,0.4270823921386631,0.0035773474585881204,-0.008873702742111295,0.6736912668363843,0.755546092017734,0.5660913256310088,-0.007469170725329479,-0.1720095217320338,0.6095934827675954,-0.09865598723760238,-0.19525406019236882,0.17633346839617614,0.8567620580760194,-0.016842016610493882,-0.06404215067392999,0.4110983897403739,0.7869493908754778,-0.06738997674827982,0.047379219300783,0.3960092749384176,0.293824025391213,0.5524167904774994,0.765810806623386,0.20663701300368795,0.6610836845886562,0.5165574734623121,0.5452429219700395,0.34119850156111786,0.4802550327895734,0.6716155321076581,0.5947855320655754,0.3023782579621728,0.5804374667084874,0.43489679161568323,0.182363081785235,0.42770804190952333,0.3247278694292843,0.9082060635270724,0.847953536587668,0.019565596238098587,0.8393355466883131,0.55523897510394,0.5162769008195842,0.4914491664113127,0.5002132713994203,0.5433142535268696,0.11309262983354033,0.7311937290088891,0.5852243322972233
000858.SZ,0.3469638122889957,0.7268420759697302,0.5804353122535698,-0.006832647436292204,0.6545308932157113,0.05921320353246199,0.5890815355198523,0.3467552664376457,0.5904332721726676,0.7971037536177921,0.7394783874569164,1.0,0.4787924986678382,0.2943821388273175,0.4936346753986924,0.4336564564696676,0.5325418499527111,0.18192830386304013,0.5531847969452636,-0.03138697744931966,0.3189300373448451,0.5899125983546561,0.15739981557193672,0.39369639672784523,0.7547579102893073,0.3817956287717368,0.7298308031001364,0.39036598479626455,0.429841105965081,0.20539319979445234,0.22053509613980735,0.2886101729655756,0.06839999485912038,0.611538479003812,0.5815757521453548,0.03046135957094624,0.8261072553603688,0.023802365320158624,0.5656875587278903,0.5440759233037419,0.5631875628928186,0.4367179569903123,0.5146175455392704,0.6646038769781929,0.4304416610749087,0.5419147261079509,0.48568790919719135,0.46404800883559477,0.6290082643003703,0.5818352975267458,0.7812139269137911,0.4741288974163315,0.3417328808852201,0.32598232314488024,-0.14020779455385377,-0.11187688258163364,0.5108531916552606,0.7158447571727876,0.4194741356981741,0.07610098877586688,-0.17150169175647934,0.3354694147555734,0.0010436345240636968,-0.20861509103164586,0.12113621030140714,0.6991004102026458,0.1164851845779498,-0.03275849549097238,0.3646404224513555,0.6627339605533202,-0.0790532678088022,0.016911408530257466,0.409550297467927,0.43944001882664857,0.4968813386090953,0.7119136190616432,0.3081197411095486,0.6072637957837,0.4747316466848242,0.5555732202510825,0.26247821234506985,0.4085039611619939,0.5972693132928083,0.562112346874829,0.2708266891835079,0.5120510335647647,0.41243659863000753,0.1808040982570005,0.37514166977620883,0.19049744610955752,0.7456857752185949,0.7119169518407192,0.17824172014016818,0.621400940936021,0.5284401245101922,0.46689816078687274,0.34048507948921164,0.43670765095260383,0.4777218674367991,0.10828574091060912,0.6002588358398828,0.3655790183792232
000876.SZ,-0.2764543781235406,0.3238466863186303,0.22040075783855165,-0.607543761079227,0.04325480188389904,-0.2900282598025699,0.6982523439712058,0.7100085808507813,0.6860790975852268,0.4964236393391448,0.5050799362543897,0.4787924986678382,1.0,0.7600871494067304,0.7280931025255432,0.5975254023194075,0.06999029453815114,0.6543933201074655,0.6466187099534223,0.5772879176206704,0.6102331426954494,0.28587604068378303,0.5149906060468635,0.7153876839432346,0.5059297461640149,0.6810693536845531,0.47657350493447437,0.5520942823242766,-0.33005309677763023,-0.0007153720562827481,-0.1733714857889278,-0.28286003212238536,-0.3594111523145251,0.2672603889554915,-0.042398553187804465,-0.24572593109946228,0.45474261346327777,-0.6173105123960022,-0.0926155283027067,-0.147995226995253,0.06031101796613076,0.5076895837446879,-0.10458240879969338,0.7655207361905587,-0.012717210241178533,0.7241929241419808,0.6849356893124062,0.4834094972924435,0.5545079785001469,0.3510241711958315,0.49886438027069135,0.6403785593274786,0.09830444540130806,0.6440948305293469,0.3700901088366941,-0.07821290803287088,0.32742148945983635,0.19210295014860945,0.19054858479135497,-0.3638991289096463,-0.5967628080730735,0.13137078100741242,-0.6103453245320692,-0.3734401624024859,-0.29740393968472273,0.4500334864041589,-0.5510744174841872,-0.5444192825702076,-0.26532366055812234,0.15949469393028778,-0.4692386050815187,-0.48809261279614896,-0.1592140896146753,-0.3946640474974919,-0.04240405489728538,0.1600669884732312,-0.3814429359905734,-0.02044580311859171,-0.1920927308594856,-0.15961733459006797,0.7248420995338386,-0.23232615152843453,0.04256528845898733,-0.14380074894996733,-0.3503442296681681,-0.20589095961078308,-0.1926992200330694,-0.4117570317825554,-0.21286876878346098,0.5991643498842198,0.5303086809581504,0.22553387483689205,-0.28369606177896495,0.7066309190127381,0.05362556385426579,-0.10806581712021841,-0.10219941537174959,-0.11922684728169985,-0.048054357180485695,-0.4260628570868501,0.7061031976096133,0.17324034111246447
000963.SZ,-0.4726333597285935,0.132307819000378,-0.0782824499568637,-0.7518961137545173,-0.19358441442253105,-0.5283829456720895,0.7394928914445938,0.7511605803890592,0.4837892165533954,0.3447927953126455,0.3359818291168822,0.2943821388273175,0.7600871494067304,1.0,0.6700128144351881,0.593567448572917,0.008551505561419589,0.8541347656704423,0.7136491725670712,0.6912720710297041,0.7106058521854245,0.4026170016192756,0.7192157332293156,0.7033530247295791,0.25879436505466386,0.6028395084190348,0.4388321618948246,0.6740878086629066,-0.5516988511147035,-0.2972908257751057,-0.4104653984544866,-0.5415078691174716,-0.6017316991663443,0.0012011640447728265,-0.2751406488494106,-0.400823142034512,0.17859415692471167,-0.7202794125406716,-0.32025444429046734,-0.3688225210168898,-0.18219610015058352,0.6279707615024767,-0.43905323369637533,0.661166289940526,-0.23361995299091923,0.6344655072977264,0.8700946691833177,0.15010240729111016,0.4454970504133631,0.3957899461935825,0.40376531503668706,0.7758790235693397,-0.1805334738493377,0.6608285601265652,0.1856700687401791,-0.23722348911962965,0.015185346060573224,0.037477098326274376,-0.10859011612825425,-0.6282425436472346,-0.6442281705425631,-0.0746158914912279,-0.7576760062767209,-0.5147193857483225,-0.6300531670869487,0.3023693573599017,-0.6742993836518747,-0.7190318040807067,-0.502073641684539,-0.09159748021168118,-0.6763075848023394,-0.676262827426743,-0.45990832617984384,-0.5499600451531726,-0.32729001962000775,-0.02603933625959509,-0.6438890174708599,-0.21538157295486884,-0.434618052078086,-0.3785088532916357,0.8331955295034622,-0.4781038182011481,-0.21993062358409124,-0.30816063959117945,-0.6183033323656784,-0.36899499480919046,-0.4353753915077798,-0.6248635013516884,-0.4580327201264529,0.6856664716813222,0.41362692554374264,0.0011121123943156619,-0.4487981655338576,0.655797121028439,-0.12822898049786832,-0.3552476111617974,-0.3614295192603128,-0.4175087980785781,-0.3342007399352582,-0.5894836494781555,0.5288145339683273,-0.10353873809109272
002007.SZ,-0.34351324907697106,0.4230639291785591,0.028891447454004526,-0.6145956295390623,0.05476914145439802,-0.4164788501784448,0.7393714271028168,0.7466050292400509,0.7401594869376139,0.5785351282097967,0.5444978475229342,0.4936346753986924,0.7280931025255432,0.6700128144351881,1.0,0.8077339596750751,0.08029029956191956,0.7278121424657638,0.828865501774649,0.5293543377559989,0.8338441806510551,0.46861268183206684,0.5692724205548069,0.7327077630309988,0.5354112577897678,0.8318269635003418,0.6532664236053262,0.7601894541675566,-0.19494181830651391,-0.08371576850080475,-0.1907893542142025,-0.25597840393291565,-0.5384333326962859,0.4608197260162325,0.029833577007071056,-0.48785188443553135,0.48895882861091006,-0.6169014338886291,-0.0721809512118572,-0.1594568511174327,-0.006831783866427588,0.6240402291109947,-0.225147032464339,0.8846171048822905,-0.18044003381900328,0.9371349886279189,0.7090863464523643,0.37328258968093886,0.830048637693626,0.5200537185481878,0.7121128033763898,0.6808340143129766,-0.015761476892205434,0.8221108866389969,0.08364505866212586,-0.3287343151114765,0.33357951513710954,0.3074597820449866,0.14178391392921474,-0.51626432192408,-0.7319904256034552,0.02866915720907241,-0.6452204201839941,-0.5386047086060515,-0.36079895437362186,0.5000895260277819,-0.5573175618898233,-0.6276103818607485,-0.33576195901010797,0.1861433230746484,-0.5961803775089792,-0.5464482920562275,-0.13981886989715261,-0.34306697720669144,0.09459676502303278,0.22408371628761323,-0.3253221136851662,0.09198634893407177,-0.24991529613585614,-0.16643300462698207,0.6673462607585563,-0.2678896210543678,0.03194598632153283,-0.18009179041789194,-0.41018233262029424,-0.19823940775067453,-0.25238226579151696,-0.47852778351714526,-0.23559325068266715,0.6662837346439642,0.6337015677320086,0.22652581410550662,-0.43369487718523975,0.7722403051643245,0.054610216345270794,-0.03604273449489665,-0.2179698567722673,-0.04211143722033217,-0.16694651599925084,-0.555785466219659,0.5823833054596101,0.06810719255814193
002027.SZ,-0.18502514971151962,0.5274366881113611,0.15908286877079944,-0.5989325239297656,0.20325787696375083,-0.32880549375576856,0.6305145060493148,0.5862507868972817,0.7988076330375212,0.5405410895221143,0.6325507136810365,0.4336564564696676,0.5975254023194075,0.593567448572917,0.8077339596750751,1.0,0.1668756143589096,0.6384710502673961,0.7834085226845979,0.46346311683177105,0.7293674434595258,0.4332538873784273,0.4442861797841884,0.6034550988429594,0.5454163478236516,0.853024679159649,0.7016591973471794,0.6524795545316647,-0.0745908849689581,-0.018657862512955807,-0.04349775927288326,-0.15639836411151162,-0.40793628008442456,0.49997402773917204,0.13365858625116964,-0.38195900654917825,0.5106282738082837,-0.5839546555438817,0.09108588174162997,-0.014219436054564438,0.17135278207070534,0.566668616836928,-0.17677754222812622,0.7637144332620683,-0.08099935478352227,0.8128347535541004,0.5662408726321485,0.47403732810978855,0.7051828370414555,0.44161972447588305,0.5927508081350016,0.6135571172282158,0.10298626744569132,0.7792490324926268,0.014507416515215319,-0.3624576929683556,0.37431655107879686,0.3515708086923773,0.23700841774781112,-0.4557321394649982,-0.5872050041492812,0.18733207046167213,-0.5781607506668578,-0.5030017677756908,-0.2729830982699978,0.6073379213710218,-0.474045522743815,-0.5546375381176205,-0.14262025971043293,0.21695817053887526,-0.5302985891424954,-0.4717306107424834,-0.08522706611746407,-0.25784728669286233,0.13984283713009324,0.3385632990305007,-0.26145309964685876,0.21841055156646808,-0.08007695607712276,-0.06015386307514522,0.5608958689606199,-0.08714786544942159,0.18219949022722146,-0.043420354273187134,-0.3097427385607961,0.006692088092422767,-0.06335730419967146,-0.33511638535435617,-0.04787138405871841,0.5166780959832183,0.6747484801168534,0.3626574276211187,-0.43714044886280917,0.7742645025610034,0.09604597662581567,0.08778377422317231,-0.07599863390370597,0.026891428496011047,-0.08305307563002483,-0.35013198512965044,0.5580512462670844,0.26986925933194766
002230.SZ,0.4000525946910994,0.4608924584854353,0.4625763111994134,0.2632155268499902,0.6356626220524241,0.27193726403055285,0.16332814765690612,0.00824732585613259,0.20500779539192357,0.5579689780717835,0.5742278631054604,0.5325418499527111,0.06999029453815114,0.008551505561419589,0.08029029956191956,0.1668756143589096,1.0,-0.08887461958362726,0.193758622062104,-0.254894299743887,0.03815020986319458,0.5613909302245939,-0.006676278453313839,0.06064881069387059,0.5368017708373511,0.15354931449243764,0.6322711420729686,0.14103214595812416,0.436161663484571,0.24355896731936724,0.25365578619245777,0.3096670792756867,0.2507163331019227,0.4465430455171278,0.48817137607455785,0.1101241768427202,0.5469841231707799,0.18046203771803723,0.4985521339576588,0.5111549289893889,0.5984477858585492,0.25333868250009256,0.472532331288201,0.2838736032570795,0.4310909508409888,0.1721060854686147,0.13859778613066523,0.22783995227701256,0.22165785501772364,0.48760099782802113,0.3124452136196397,0.2888507020852012,0.1951444106172093,0.09738829135663422,-0.4383567417435472,-0.0992106106893507,0.43305836207059195,0.7192174366943802,0.4017018900752334,0.0857740595969233,0.049701960422390855,0.36137658720089516,0.1540047089076197,-0.1051436808680966,0.2499609648477592,0.4393323122051795,0.2374574677525723,0.12608153838926348,0.449470797222093,0.59739226643639,0.12335452085124558,0.17884579231977762,0.37067875415812074,0.5207483858994152,0.3434442315269239,0.5922593989526975,0.33310804467571037,0.528113394468254,0.5265045932701148,0.559788564477969,-0.038226508668437464,0.4309793624410681,0.4966713970791508,0.7060842546774436,0.35308373385454234,0.6797581142464133,0.43465694737005817,0.26394751167240915,0.36249034647938755,-0.07002672327009561,0.5886841532603047,0.6024452433772917,0.1518439235148272,0.4024068187380439,0.4467242055319472,0.40328031709361384,0.37886434504761085,0.3832994656208457,0.5115528531370918,0.21471810631980345,0.22058396165000238,0.24265279390074124
002241.SZ,-0.5555980930882524,0.07679728301412937,-0.24051714752282083,-0.7991766312688596,-0.27941835801154496,-0.5486549949354503,0.7377366175702225,0.7883918101927193,0.5261022349793935,0.30025987784640557,0.2897127181169502,0.18192830386304013,0.6543933201074655,0.8541347656704423,0.7278121424657638,0.6384710502673961,-0.08887461958362726,1.0,0.6767685497745964,0.7334324263640332,0.7599350289527814,0.3822512711492694,0.6457036440363514,0.6824641437486182,0.20341247695407308,0.6962265178707195,0.4530585939969372,0.6868156917991962,-0.5491083570116654,-0.33194645412065776,-0.4565404574034177,-0.5644891701789704,-0.707646064076617,0.011804362169486424,-0.36158119750985324,-0.5082273270605517,0.11091876817902974,-0.7527441709248014,-0.4162327010125675,-0.4704566031078368,-0.30603784249434784,0.5856729350817116,-0.5577919357878733,0.6308294971721959,-0.37603056829450004,0.6805635057250429,0.7934965391557505,0.11719760597520928,0.4845330164319301,0.41866139857348544,0.4130541909215499,0.7460093476215497,-0.280250709506588,0.7285916995373003,0.075730576989761,-0.3597558915566736,-0.05901643402615614,0.004223260707965183,-0.15918296113383912,-0.7257608516558213,-0.7413238607542882,-0.1530841441934985,-0.8544911350599648,-0.5831690866673889,-0.6477818040336043,0.245901618473654,-0.7237657385893108,-0.7844919886523787,-0.6195158701297862,-0.14594778366683359,-0.6559047999405109,-0.7319639487102756,-0.48963399679737335,-0.6011425536107579,-0.32820965329030927,-0.08053137660649203,-0.6752346750499624,-0.2354205519069316,-0.5473570748325217,-0.42863958931264873,0.8105672957537039,-0.5647858205627466,-0.3282373608763056,-0.3947301894729521,-0.7154263097284522,-0.44663028408639355,-0.5593694476389474,-0.7088303798192181,-0.5498522282875317,0.6686598722923419,0.4144560771256427,-0.07648843546614444,-0.5214037984831811,0.6453612152860166,-0.11908445166083757,-0.40354363048220904,-0.45954251202404794,-0.4345389510177812,-0.49374347055035744,-0.6822597486988465,0.4028815534854693,-0.12001482798249075
002304.SZ,-0.2675594370028649,0.4999907203916745,0.13433958814751287,-0.578604294211868,0.1266623666030289,-0.4507196741589687,0.8879893705467506,0.684057268681855,0.6158251299992581,0.5841800680002566,0.5909322946136694,0.5531847969452636,0.6466187099534223,0.7136491725670712,0.828865501774649,0.7834085226845979,0.193758622062104,0.6767685497745964,1.0,0.4429878988791738,0.8218345955910958,0.5692517840393821,0.6051681843134039,0.6774732052214482,0.4786375388158992,0.7270977830506062,0.7077248498215257,0.7648235716158625,-0.20522194129881707,-0.17347210055630702,-0.22524500733582478,-0.32771772820662026,-0.49674162310688885,0.4055368544863081,0.10361953962332963,-0.3904648116440739,0.48407100524507746,-0.6429325745908829,0.05785522761645495,-0.026591144297968067,0.10886731928364783,0.6916797936425366,-0.2194363409758043,0.825850129048325,-0.07022098512752466,0.8469618955317001,0.7382921497734074,0.28400767486609496,0.7827254737546324,0.5452794623309701,0.6794516867387856,0.8394614131195274,0.020417778053919273,0.8221557982781675,0.11059444350419952,-0.4069820092417986,0.3048047520291285,0.34365693795619684,0.13631708331920642,-0.5476293721583109,-0.6650173065476548,0.03119486966062458,-0.5882692477385221,-0.5104919640804754,-0.4912847774958488,0.640463618753755,-0.5695355820944183,-0.6077103715195239,-0.19598411546877267,0.1952221936861277,-0.7075908227092058,-0.5877242412612463,-0.211427419504695,-0.2813276386928112,0.031105575650636513,0.35691598081927917,-0.36520493984531494,0.19946962172252994,-0.11831616771311167,-0.059573146298640266,0.7521365054189606,-0.17281932582175505,0.14542271098086992,-0.07753275320173646,-0.32894812608937823,-0.07174595392865778,-0.11260904576093604,-0.42786297832504044,-0.11555778108545008,0.6533470586463813,0.6712715377892722,0.32973463849947077,-0.350232505483,0.8178917205101922,0.0475796688378893,-0.05607068687043424,-0.17441291576378437,-0.0916473622132129,-0.09436500009030047,-0.4724065995721842,0.6359601331698288,-0.03262390432901217
