,000001.SZ,000002.SZ,000069.SZ,000157.SZ,000166.SZ,000338.SZ,000568.SZ,000625.SZ,000725.SZ,000768.SZ,000776.SZ,000858.SZ,000876.SZ,000963.SZ,002007.SZ,002027.SZ,002230.SZ,002241.SZ,002304.SZ,002460.SZ,002475.SZ,002555.SZ,002594.SZ,002714.SZ,002736.SZ,300033.SZ,300059.SZ,300122.SZ,600000.SH,600011.SH,600015.SH,600016.SH,600018.SH,600019.SH,600028.SH,600029.SH,600031.SH,600036.SH,600048.SH,600050.SH,600061.SH,600085.SH,600104.SH,600111.SH,600115.SH,600196.SH,600276.SH,600362.SH,600406.SH,600436.SH,600519.SH,600570.SH,600585.SH,600588.SH,600660.SH,600741.SH,600795.SH,600837.SH,600886.SH,600887.SH,600926.SH,601006.SH,601009.SH,601021.SH,601088.SH,601155.SH,601166.SH,601169.SH,601186.SH,601211.SH,601225.SH,601229.SH,601288.SH,601318.SH,601328.SH,601336.SH,601398.SH,601601.SH,601618.SH,601628.SH,601633.SH,601668.SH,601669.SH,601688.SH,601766.SH,601788.SH,601800.SH,601818.SH,601857.SH,601877.SH,601878.SH,601881.SH,601888.SH,601901.SH,601919.SH,601939.SH,601985.SH,601988.SH,601989.SH,601998.SH,603833.SH,603993.SH
000001.SZ,1.0,0.031056100575690446,0.03253611825805561,-0.15987127491471306,0.6808356748388613,0.010082654805965298,0.382350094459695,-0.48714093676632153,0.20514489999628285,0.6900704685827715,0.47167751711535816,0.4109866156298467,-0.009452653692190794,0.7167856383296657,0.33381483409717627,-0.2692736313190649,-0.08073427022582132,0.09356820632612506,0.34526072397832036,-0.4379045749152654,0.2004092632985627,0.21645855340415698,0.2600351856540451,0.30052007703811506,0.78956822562747,0.13078145079297934,0.5558248453259756,-0.27223761966535004,0.6083406987239649,-0.5352189459270131,0.6019350426642919,0.6091007489993302,0.12333601773022107,0.545667799796887,0.11022647613232363,0.40667652371508517,0.1581172046823873,0.7178259164576222,0.4115434824830078,0.7592144399070592,0.6271284161923678,0.52361733175156,0.06020037730200772,-0.3837891215850308,0.5490159179423509,0.3728353815838637,0.05378210079702051,0.10702036726541957,0.22415363996497026,0.6121147716205105,0.46675127875775774,0.21781066611728173,0.3917172204187744,0.22477821219015082,0.4670621767963598,0.09580107086081391,-0.5028091524976281,0.31858133555207757,0.08584737953710171,0.6968328482520111,0.5764534549723208,-0.21303102503355212,0.33877924303790224,-0.11898377995130997,0.020062008738571554,0.27111844406037183,0.666564681314716,0.19815071891879352,0.6259869957037182,0.5514174857761059,-0.1513518399278744,0.6792889906333244,0.5145479978304448,0.6764559245413824,0.5376914042320303,0.8231016053854762,0.45244150963607704,0.7465276122414969,0.2068859998887237,0.764797528629071,0.05802793800340428,0.8357858599246349,0.7236683514778647,0.4593165340812459,0.4589648829716458,0.5839940846930926,0.477584661904572,0.806869170340024,0.15209132345984558,0.019875181854550717,0.4762004397468547,0.5402680873926601,-0.0655918466447213,0.35926019732903663,0.4912549094968553,0.4143976386786173,-0.15206205431322756,0.4873622218560305,0.24481622804005676,0.58754629362717,0.22885391149833012,0.22893677509662516
000002.SZ,0.031056100575690446,1.0,0.8853563067281174,-0.3781962851584018,-0.044403412268532005,-0.42738508357834254,0.5314624438597597,0.5141270650490447,0.09775141970450052,0.04330418223810608,0.683376753233253,0.5359376682527099,0.6524342381500429,-0.2135981414290561,0.576658757440309,-0.4295318379811112,0.7428887463147108,0.7896850670750889,0.4299097139159846,0.4897531549757585,0.558920351150285,0.7589880455130033,0.12198705381067254,0.05379564230469904,-0.20940081317489048,0.8692651905850859,0.5718917635426036,0.6235470117383043,-0.18956119755329626,-0.18614557371777,-0.6045117568323489,0.4340726988905053,-0.6794803637140242,-0.6109478408782315,-0.311115546254165,0.5442579405779594,-0.44562019575675405,-0.3577845243028533,0.7669031430181267,-0.18834999919912643,0.4952085020921391,-0.012401187875978936,0.4873018174906401,0.27639789033279083,0.3265513566355331,0.6267477793609529,0.5741503551332549,-0.544786219186955,-0.3906309370798464,0.44654142621861964,0.35878605830681404,0.864195756463277,-0.3664793248374368,0.6608635550322911,-0.20115354049218537,-0.24620454065222094,-0.007555190942604248,0.7150317316166489,-0.5939079085268745,0.16550351759253654,-0.5270862783672213,-0.19751170208435875,-0.49889143807311576,-0.409996238736976,-0.44233964635825057,0.762019530512161,-0.2869761481373994,0.13024884305488327,-0.04232525606027532,0.6155980610705439,-0.2790284193498748,-0.37621855011876154,-0.657004830904091,0.3138867687532367,-0.6472402490227643,0.22818438194270718,-0.6102459641696899,-0.20683928629596596,-0.17424904620500445,0.2092375920754006,-0.5261188685371782,-0.17099829681114587,-0.253909676586677,0.7154170416266186,-0.5035121349542017,0.5570731325602113,-0.43205991765090274,-0.3183072071498998,-0.6094103509173388,0.7665719044775133,0.542019921117086,0.5052083709643521,0.8515887849439995,0.34415487751942636,-0.42862953316739905,-0.6268483294084191,-0.5081730334438012,-0.624131407074471,-0.6275987274592905,-0.6174735132469674,0.6992177099399739,-0.574455159730161
000069.SZ,0.03253611825805561,0.8853563067281174,1.0,-0.41408126064686734,0.09503258624803124,-0.4579003304889004,0.589289703938486,0.4536171609854344,0.27266104656815887,0.06057923506416829,0.7250973112255975,0.5408561572134524,0.6438215178777414,-0.18133225636438813,0.48286994660128674,-0.4001679684101176,0.674155487624362,0.8285644550412385,0.35370554422159944,0.5346704812111086,0.6667333532941414,0.6716910878730488,0.33146769705474893,0.10958204573469826,-0.08385733058910035,0.853184603913994,0.6342927640798709,0.49724370405524726,-0.11696306985326027,-0.18683428883922204,-0.5963261985287621,0.28325376228802734,-0.6339220650220484,-0.6025848892909574,-0.4093312820260265,0.6370963608430281,-0.2777904691343896,-0.27039414169046777,0.8148817202928574,-0.29207368051565774,0.5067191179504611,0.10827359796457502,0.5035770454303374,0.36307702524786717,0.3737984248589535,0.8019844039782494,0.6397119266770406,-0.37359917824153527,-0.5767750563127403,0.46154964557211625,0.34952656300394186,0.7699058419561285,-0.3209295399527652,0.6547111166417346,-0.06449497177085445,-0.3624710918694482,0.06434701360511244,0.7660056874906055,-0.5995346254675171,0.12125554436324815,-0.41125306660676747,-0.32386187136165795,-0.45570438237519634,-0.3563936059681312,-0.47711023356994103,0.8753930287870774,-0.21250010906115624,-0.035756598934128685,-0.18321683995242166,0.6485271893942463,-0.345743173665594,-0.24098065282754,-0.6419100709461708,0.3961385871553435,-0.57165679145706,0.30446092096138616,-0.6481620752696114,-0.07240310271682644,-0.29766076343465936,0.34509402779256587,-0.340729449420656,-0.1646085975143447,-0.30989229742473373,0.7325143795179908,-0.5928641858902484,0.595888197839793,-0.49416704664779637,-0.35332981313125583,-0.5930877035009611,0.7856943491158184,0.6218810382308456,0.6196792029593923,0.7879662621170476,0.5308473031247335,-0.31576318808009507,-0.6175255040620982,-0.43802067561069985,-0.6460996181354653,-0.5120329854937271,-0.6224904103035481,0.7064669148853779,-0.4958203532425583
000157.SZ,-0.15987127491471306,-0.3781962851584018,-0.41408126064686734,1.0,-0.3456751165087583,0.7673272108232281,-0.5617767608369298,0.2905205177951357,-0.22046134313633567,-0.48335974357396755,-0.5300962928088915,-0.5598132902353887,-0.5190327973192892,-0.45077532057872705,-0.3642072916185477,0.5543866024800018,-0.050681811494059814,-0.5211699480860315,-0.5136232411995952,0.06333499479793266,-0.7083054650392198,-0.32232393385699365,0.028582740644456053,-0.4993124174519039,-0.04244834491915243,-0.4740046350690749,-0.511412742577824,0.08396039881801191,-0.08244373773681994,0.5920699299911696,0.29462731789625307,-0.029416259642921837,0.6127962100852541,0.3651771670674601,0.45036388986184933,-0.5974421865658557,0.5770395832675966,-0.043584590090621815,-0.5527093170306127,0.20642292471091037,-0.371367493554205,-0.017300295954042217,0.061449474838573694,0.07934883005897268,-0.6114120980217513,-0.5609862845964512,-0.47225531613583294,0.4671713298249481,0.4656075332065266,-0.3469413606895722,-0.5862350676743182,-0.47596560398075316,0.5021445831978617,-0.5811989925952027,0.01583268158985719,0.4465616593821819,0.47763959472780143,-0.6414493549830967,0.6263888498567255,-0.4668849731421947,-0.05799947162795338,0.5705009312741706,0.28105359423814097,0.409183183213482,0.7210455156659653,-0.5595931850488126,0.028127018139737194,0.2958141107975007,0.10948700127503314,-0.5371717865217404,0.7627722892262416,0.023561736332309124,0.21926609203998415,-0.6562820941902938,0.2039790558604224,-0.48992265345801256,0.3695221558261234,-0.27926684026986726,0.5560686225003039,-0.5356920472985939,0.3075489284967295,0.04008097373534443,0.2797768338133986,-0.48104907649768797,0.5291998211961514,-0.49005829479733704,0.39771782695187113,0.11816617422486957,0.5344051554105836,-0.06483505601013011,-0.4872196842576972,-0.5284272147476152,-0.2984229394835783,-0.5619555807102597,-0.06511242527683635,0.4193313152969779,0.6157008904973018,0.4149157621652553,0.4621025351547225,0.42056731260759084,-0.546909909434308,0.5092205733773999
000166.SZ,0.6808356748388613,-0.044403412268532005,0.09503258624803124,-0.3456751165087583,1.0,-0.13855396981804505,0.5097864153552584,-0.501419315811688,0.33228550101581833,0.7712484800776153,0.5973854817920444,0.47343901764381097,0.004023609132273284,0.7476384303673399,0.1540745180909622,-0.15395825505135632,-0.26153834223229416,0.14121387708582908,0.3079978541141762,-0.5294146557515765,0.41657488207488097,0.02465081898427915,0.5891198631428262,0.29629942606871756,0.8354534875283778,0.1611695669464798,0.7158150749513355,-0.522199242873901,0.6880610135274089,-0.5447750413105918,0.5086175379382792,0.1382228445361567,-0.002383646154059086,0.4020853579868519,0.008737008603306756,0.5194122234848553,0.28779770063860965,0.8166378094542391,0.5050513440644876,0.455433979322496,0.6925480180527538,0.7425911679970425,-0.011477202211900336,-0.4221468683583806,0.7445686744918193,0.5051927438415549,0.16194176498446247,0.1252964031042315,0.05549567734761268,0.5072400462048671,0.5431650406402855,0.2168960385012384,0.2875102342615858,0.2264135819066894,0.8269557600823435,-0.12638279423305807,-0.5111328484027926,0.3971561915262634,0.10876195269117943,0.7090093044153449,0.6767809980303249,-0.3675654358551279,0.2475307391601533,0.017573625415314858,-0.15303416655067223,0.45206645835744635,0.7563811518113521,-0.22135541653633953,0.36431892705815144,0.6553087772689059,-0.3250098877054366,0.8385335705070666,0.49536576050803743,0.7346522399655675,0.5470139130007934,0.8232446184751082,0.3148906237318809,0.849346975386933,-0.09975373698307631,0.835013410731417,0.3232753509199606,0.681908845796858,0.4962590728399787,0.5784925523947034,0.18793297182069404,0.7212841685396212,0.34244249412216915,0.5145677516946977,0.16864536819844464,-0.0900376832635218,0.6743797603913348,0.7778108129912548,-0.17002952758678358,0.7600066774695314,0.7127636981614841,0.3029270664112029,-0.20668155381954686,0.3346730655625884,0.3281180764622033,0.30258030575301614,0.23926319128997497,0.28136086673795296
000338.SZ,0.010082654805965298,-0.42738508357834254,-0.4579003304889004,0.7673272108232281,-0.13855396981804505,1.0,-0.40888204457209976,0.08334075440597373,-0.03554988136802938,-0.22346541212369622,-0.46893304802219715,-0.452242123522902,-0.4651382241612731,-0.22687079162012827,-0.27007894597511667,0.5266952199379817,-0.13398085531381115,-0.5243230042250958,-0.34552529588599484,-0.00643624351672073,-0.6547151812057466,-0.2530468688190825,0.05287530933572807,-0.27366107085032354,0.143225051501112,-0.5241654081651675,-0.41890715753461744,0.008302360701345143,0.11825836110370806,0.4105093441418142,0.4003100364392662,0.14115378906431086,0.7276251125058156,0.5397269358119688,0.6404797085223946,-0.5265126860641806,0.4054811270688545,0.10320581519004023,-0.4571637073127433,0.4007814297460775,-0.23000834097592238,0.03890630740866801,0.12098100115037719,0.08241508483672622,-0.482024699494437,-0.47932208646422353,-0.5513884881571568,0.5384186701745025,0.4811444403054556,-0.17062546207367,-0.4185636657087561,-0.44981855398123677,0.5156493489202798,-0.5130074023549511,0.1471903241088924,0.5846948220552984,0.21262535511192293,-0.5974639343828432,0.573558589291741,-0.26684924044601865,0.13462546051959687,0.4924240795802806,0.38797545454096594,0.3055392607190454,0.7916366529236941,-0.5176784164986775,0.16338168466070555,0.33061180446801913,0.34940761050959607,-0.41672667113727496,0.766878312656531,0.18326852179630282,0.4250610791392447,-0.530435937575092,0.40324118767149625,-0.22470699261335944,0.5651070972581583,-0.026955988961294725,0.6040224234833214,-0.31814655487991145,0.23129480388910437,0.27423096488375226,0.5126903935067615,-0.392132284202567,0.6566135503728344,-0.36575449348892386,0.5985782552323928,0.30184830934180645,0.6908008424640567,-0.11132308121375156,-0.3924344796045072,-0.40162573069247887,-0.4120170886568089,-0.420265654605067,0.15062756476605504,0.5273602960666758,0.5010454578878795,0.5699525840762532,0.5459867679622544,0.4697311030280223,-0.513865695243177,0.6275105576792038
000568.SZ,0.382350094459695,0.5314624438597597,0.589289703938486,-0.5617767608369298,0.5097864153552584,-0.40888204457209976,1.0,-0.07567440475031072,0.3875616831170125,0.5129245615515735,0.7717811687834909,0.947004950923573,0.4932597614293956,0.39433349389228217,0.6390136360500619,-0.5233798207434749,0.30484466182279907,0.616536251463253,0.6926861871262203,-0.0016839498634606404,0.6774728596072697,0.5879251247346314,0.2911987704894871,0.4273210884026187,0.25593028021354153,0.6543095610894435,0.8061624447416987,0.08434747039472575,0.19102015709643425,-0.5589552040090827,-0.20937502338768352,0.33149552852355546,-0.5563136061850263,-0.23387083972963107,-0.18129029306439612,0.6711862840821562,-0.24197679990174928,0.12643884339463854,0.7895480821326788,0.1844807921552453,0.757854542170772,0.18185420163833596,0.27711348774723754,-0.09072082183071327,0.6534540815854909,0.7373075640868549,0.4478010794856779,-0.3417842752108533,-0.28941462418153474,0.7357908961166387,0.8986174208395191,0.7441403923901958,-0.08539728430764033,0.7007973856577201,0.19385357303003892,-0.20744227808758195,-0.47984330000126474,0.7675909220038748,-0.47052175055700496,0.58998747007929,0.0272375052463361,-0.4110396183634879,-0.27691995061152175,-0.29644331101019755,-0.4996407355565832,0.713827973664789,0.11983071528797666,-0.19068148206659866,0.28637795356047885,0.8239869677198355,-0.4427723010193296,0.1212906186264755,-0.22282564103110017,0.7118159046061289,-0.13643305017177468,0.6541932423490803,-0.28606315558487194,0.3967833652398323,-0.17037133175890048,0.7240859605775213,-0.2652187588311274,0.29121208414367145,0.11999092817624696,0.7459201998928919,-0.27545986545047874,0.8299308359623718,-0.08679665958429299,0.04460298089671535,-0.3974220053082209,0.3962828497201453,0.7710721093385343,0.7893137815501943,0.48457959469517237,0.690940883681002,0.0696992557671882,-0.32402602060158564,-0.5379221834550917,-0.29719285882444707,-0.26129663471179787,-0.3554999917734927,0.7530637896992335,-0.23552215351337868
000625.SZ,-0.48714093676632153,0.5141270650490447,0.4536171609854344,0.2905205177951357,-0.501419315811688,0.08334075440597373,-0.07567440475031072,1.0,-0.010878296305783292,-0.5628825404297527,0.03226727082294826,-0.13468303704970247,0.4062474759425981,-0.6720894998201771,-0.02183426583663949,0.26715534549085096,0.5031178609676955,0.32387530415254834,-0.009456645267241909,0.6785905235831713,-0.07619596541378314,0.29952044074240275,-0.024818437358076872,-0.19336818616002463,-0.43755545612424873,0.3566917345070087,-0.13645879116204773,0.6206056278208368,-0.494251320573642,0.43066175268425816,-0.5000227990255353,0.12120111107586928,-0.19695514553597068,-0.49827530864664765,-0.06474163193049508,0.018250277187966697,-0.159563348319839,-0.6088562168203563,0.06484844508590377,-0.3852973201453595,-0.15817220650087258,-0.28672579501273987,0.5679589845997275,0.5452016009836446,-0.292255106327665,0.052220864675506413,0.09629927467515109,-0.14589343214284856,-0.09564304491313158,-0.21357893936209207,-0.3027168121559478,0.34157880598067863,-0.27749894804694575,0.1131284342438907,-0.38422820842571187,0.1751965569007463,0.4781131497282596,0.1287937989457528,-0.22494552986000715,-0.456057834376522,-0.7235709699851212,0.3731366209995947,-0.36156640640108456,0.028219196037227768,-0.036028893176099024,0.13459981164877802,-0.6196767125698172,0.2514768489620155,-0.30811729011179884,-0.08164683484205991,0.23596320872496643,-0.6047065214253385,-0.581399050649701,-0.3689195033978602,-0.5864660017267779,-0.3863385676748008,-0.4656833066163954,-0.6478491542729943,0.07308351386824313,-0.45100191496871433,-0.26209705769458197,-0.5394924539749575,-0.361862974104277,0.12716015225253358,-0.35244239339027095,-0.15313154542644916,-0.37180755397647597,-0.5391950833331026,-0.2614640661257423,0.4768936325222666,-0.15390270669508668,-0.18737095777308113,0.49737720119235856,-0.22198993429624445,-0.5849393410065953,-0.39935698678572185,0.0011552401550270995,-0.4490627860662692,-0.27808470428052484,-0.4522222029849629,0.13072091448634837,-0.24242735929688622
000725.SZ,0.20514489999628285,0.09775141970450052,0.27266104656815887,-0.22046134313633567,0.33228550101581833,-0.03554988136802938,0.3875616831170125,-0.010878296305783292,1.0,0.15899025631990274,0.32889178884492315,0.31782980844101133,0.2587364256200541,0.14778620008661472,0.0324938049887955,-0.06448048445746353,0.09171879588615524,0.40500653231213923,0.17735820744706532,0.13916576503298997,0.33051396196047383,0.07364839497546395,0.5251177690357917,0.31143042895037837,0.32827174025433653,0.2395300362749706,0.3483308126085983,-0.10247702166969103,0.3708050662165367,-0.2208695681915314,-0.012692292623578577,0.031120617149714553,-0.019177479085742147,-0.12705439253290204,-0.14467785723823545,0.5435245508560284,0.15226531550689873,0.22157577861956146,0.31945187566431527,0.04173596043575917,0.30019087993235083,0.1994346260098674,0.3534256171049582,0.2305414286028845,0.3461308803152554,0.4330323132063933,0.30132059491367097,0.1394801033140151,-0.37368698519585325,0.12793488779356865,0.2970592390256651,0.2323100786239535,-0.12765807410610905,0.40444403182906347,0.34774462115298116,-0.05423903110710692,-0.1556411704041687,0.30402014655661863,-0.2592489909566177,0.2125201935429362,0.0584947183078176,-0.34374965460296686,-0.07142072179782558,-0.05843499377184608,-0.18000962140480337,0.39270309911483414,0.15148128027138022,-0.22775193652948458,0.08424517579911832,0.37598843262311726,-0.24223018699592092,0.20591674091667925,-0.08713509742886265,0.3514393762717376,0.04725518156721128,0.4392334587583922,-0.15308216112404105,0.3501983670371948,-0.16225384170821644,0.39181313885527014,0.1665282393187577,0.12869872714256736,0.13835998875662336,0.36030357967696386,-0.17041435256456572,0.349326828380985,0.03872626267323375,0.10425822330564598,-0.11375966774991121,0.10238895217543492,0.3354091870228561,0.3661734593994858,0.11584048261775433,0.4749703875020077,0.2048728759964126,-0.19294567520427464,-0.168301169428849,-0.11652156942551982,-0.04925932159753114,-0.07814168580860721,0.34099105570661137,0.01263085620492773
000768.SZ,0.6900704685827715,0.04330418223810608,0.06057923506416829,-0.48335974357396755,0.7712484800776153,-0.22346541212369622,0.5129245615515735,-0.5628825404297527,0.15899025631990274,1.0,0.4757672908024266,0.5321451634586488,0.11498857890271796,0.8035110484040504,0.33106380120004514,-0.3163396910283523,-0.21838114591777247,0.12420188290533098,0.43485580122148654,-0.5970403826677518,0.5027444768180059,0.22467713088098482,0.20774334691905028,0.371973534521012,0.6364347596526349,0.1141965599547922,0.5953435923485465,-0.4640566816972629,0.6199499670766946,-0.5846668786076289,0.4148834746370309,0.17839251942408837,-0.16007182156495217,0.32170945286667213,-0.06480155866095412,0.45463319709120714,-0.02098775434832459,0.6713438205142968,0.4627524419470525,0.4388511950084644,0.59481079091709,0.49096331327595216,-0.24008549494181844,-0.5849978422482824,0.7744737156732273,0.42528856578612584,0.1468160138612681,-0.13981129545595894,0.08072312360663798,0.5773425723387328,0.6202575958152019,0.3062428027721634,0.17023985528919294,0.39724450921633764,0.5241206494794131,-0.13148117058406408,-0.578074681394971,0.3455888001505998,0.017467631455810904,0.8392027310275377,0.718921355710974,-0.38713679567723824,0.16720335294871347,-0.0657675225413419,-0.27398616948194837,0.4139235632230362,0.5786457637914617,-0.22349702440407934,0.4041369794757894,0.546568616406516,-0.4610573777785775,0.6208827574233466,0.3702437804883356,0.7121092686939066,0.4891130434589239,0.7814997478419795,0.21058194131257912,0.7985767921909431,-0.12101902318815282,0.8470632121243186,0.0870993223576837,0.661330148669383,0.44457074083781656,0.4372331242533571,0.14841919411653207,0.6271573069355141,0.24253041891612745,0.49230115057954754,-0.02047409539352284,-0.0782213882755055,0.610427320307891,0.6539941539842257,-0.14084309997563677,0.599680907120216,0.6928095099749947,0.2025382737890076,-0.3328209385105468,0.22172936374705962,0.20815285675030049,0.23513482542712646,0.21165592867875413,0.04469112874247342
000776.SZ,0.47167751711535816,0.683376753233253,0.7250973112255975,-0.5300962928088915,0.5973854817920444,-0.46893304802219715,0.7717811687834909,0.03226727082294826,0.32889178884492315,0.4757672908024266,1.0,0.7609506340812553,0.5262938948139326,0.3176434464732462,0.5491080985563439,-0.5168867409486576,0.4415546342868694,0.7348739658679855,0.5245124621327243,0.08493454059566596,0.7057833308422031,0.6043852238310935,0.49379279281749383,0.29468693304348376,0.3638430403198718,0.8165626586632199,0.9498025570742602,0.16411650792720378,0.19945042569728144,-0.5756775577933524,-0.19318315204781392,0.42785700436975943,-0.5527451185266462,-0.24215426857090636,-0.32509138259362336,0.8021025758193788,-0.11818867417186558,0.2118555475942329,0.9112408800334982,0.14382407956923338,0.8562675803582146,0.4825287790525951,0.35792449461458303,0.008258513200326029,0.7499612533343543,0.8420984130019992,0.5658801532673273,-0.30670732691202535,-0.3300160467211413,0.6541115272581818,0.6623462911487333,0.798869801299699,-0.12097556516028983,0.7347325064396365,0.32468889367596054,-0.2929269286247133,-0.3963157662665673,0.8796788414842963,-0.47985999866746587,0.5340783663383007,-0.02572502170812513,-0.4440510566248718,-0.30164590555117976,-0.3635889132803089,-0.48391708852676846,0.8545725091257865,0.27028256127416683,-0.052310116454983235,0.20140496344356448,0.964460878311218,-0.4541053258017979,0.20207609440111507,-0.23946865568683728,0.758268063280873,-0.20893094652626235,0.6985647256873181,-0.31098593519342205,0.3695214822463802,-0.16972513118126872,0.6892103748021378,-0.2233553181186347,0.291334393121004,0.10611708026834234,0.9450134865087839,-0.30386048791214526,0.9248517799427947,-0.1516606087942697,0.13876332551190396,-0.4168762866608524,0.5021085665425761,0.884972236839061,0.9068120469614542,0.5642022309947426,0.7785256777658697,0.01808521843153018,-0.3583661920034769,-0.5306338167297239,-0.32455592579244796,-0.3071321770010628,-0.29319504438454436,0.7166266608574592,-0.26279575308604425
000858.SZ,0.4109866156298467,0.5359376682527099,0.5408561572134524,-0.5598132902353887,0.47343901764381097,-0.452242123522902,0.947004950923573,-0.13468303704970247,0.31782980844101133,0.5321451634586488,0.7609506340812553,1.0,0.46375796341498376,0.4065964456190329,0.6499899319012099,-0.5730509928449756,0.3342114275174916,0.5972146450490122,0.7277946271423676,-0.081909817191251,0.6745086956547356,0.5692835063043861,0.2080596091156561,0.3788809776597406,0.206590380489171,0.6624302871250822,0.8056918899934417,0.1025127395771424,0.1631750726121148,-0.5635689015353469,-0.17154076697325363,0.37667123067777714,-0.5547324723268571,-0.20478693651204868,-0.13523009370858483,0.6543078380979251,-0.2853831940584966,0.14730272245483472,0.7515903486342014,0.2658085669067986,0.7860453035146998,0.11664093783095936,0.21702341396444214,-0.14314773657343652,0.6353089084666694,0.6777508933507672,0.48156890096660326,-0.411138539710711,-0.23802533697362535,0.6905014796723962,0.9241930789650566,0.7531999526528675,-0.12964424765174448,0.716350314092388,0.12412680690384359,-0.19381983222940513,-0.4749391761905497,0.7576110118962992,-0.4627114547151541,0.6092032942141241,0.007070534660534586,-0.367465851210065,-0.2572318581658946,-0.296680748613046,-0.49718356176116413,0.6672525967663185,0.10937221745410587,-0.16579339054782802,0.37495643189947075,0.8171312953409192,-0.4756058685154809,0.10144617422960177,-0.1841036869068111,0.7183856362635197,-0.129548405237799,0.6270805370634678,-0.23849279622366562,0.3821240343229136,-0.13355520382390615,0.6970509160172765,-0.31155374970487665,0.34046852378800213,0.17601857836759086,0.7306029184158414,-0.20516165765831254,0.8334452727098945,-0.028130645632922075,0.0939643089589638,-0.3858103116171548,0.33242401914563674,0.7511835766462612,0.7659420874673861,0.5066607783138206,0.6462424298800585,0.041590055166055,-0.2948151840339515,-0.5117649627734194,-0.25932837296457834,-0.2521977926406953,-0.32568434725103534,0.7388305339104541,-0.2906857210375151
000876.SZ,-0.009452653692190794,0.6524342381500429,0.6438215178777414,-0.5190327973192892,0.004023609132273284,-0.4651382241612731,0.4932597614293956,0.4062474759425981,0.2587364256200541,0.11498857890271796,0.5262938948139326,0.46375796341498376,1.0,-0.030792246084856367,0.29441427196598585,-0.22699484349201882,0.31337337015142536,0.5747910467469431,0.5194264259313814,0.3986847428009716,0.39722785239584363,0.5555073527191988,-0.11935976651534695,0.6460117179980772,-0.18191226201054153,0.645319628641981,0.3580933238868928,0.3367099835522384,-0.15417875742030754,-0.3559653463555321,-0.4795466580178067,0.29498866300590904,-0.5446678524518097,-0.5399597379185198,-0.37733914987296263,0.5320876937949678,-0.5520747900802242,-0.33366680407637955,0.5499092758003313,-0.2488842626982987,0.2662508639346877,-0.10132756818416133,0.5061924016781129,0.4098082880845249,0.40429896295273987,0.5312026787864289,0.32572034279634626,-0.3517654486925412,-0.46065932629485395,0.24108826774360992,0.3848376704407113,0.6385247634681052,-0.5388811914196877,0.6303444480796465,-0.2791725234468135,-0.14609603724899814,-0.22498326834777496,0.7120220375039475,-0.6397715147317672,0.25087520894310483,-0.34795352587823464,-0.22301190006442895,-0.4132463452454984,-0.4841938689825545,-0.5498843157049724,0.5604889999762939,-0.39241209988758885,0.04790612096518585,-0.13161695766327033,0.4892407118351619,-0.44595178464085555,-0.38972326519588724,-0.5061093079657532,0.38998419001539614,-0.4590436547816086,0.2537725076225428,-0.5197421625323667,-0.1515642212676694,-0.25143602027459505,0.23280138943097306,-0.5543387682286732,-0.22177702201419083,-0.3124468619534409,0.5931360256311615,-0.6128857573405481,0.34411013564741116,-0.5112550445585734,-0.26279858407969864,-0.5894826600203921,0.3306838474582113,0.32019510606179974,0.34633384182741533,0.557863138981625,0.3161565358663751,-0.3284239321651701,-0.5286559446547839,-0.44001267516963233,-0.5505204502032726,-0.49920980119554675,-0.5925913728483426,0.5215514311635973,-0.4796593649076395
000963.SZ,0.7167856383296657,-0.2135981414290561,-0.18133225636438813,-0.45077532057872705,0.7476384303673399,-0.22687079162012827,0.39433349389228217,-0.6720894998201771,0.14778620008661472,0.8035110484040504,0.3176434464732462,0.4065964456190329,-0.030792246084856367,1.0,0.22708247926379452,-0.2175797606572872,-0.3972634419628501,-0.024389185236589724,0.38199666875833893,-0.6607791657740317,0.31724007871487075,0.004667052057931359,0.14279023612767894,0.4056044560561212,0.7005678639866479,-0.07469485257209107,0.4384375376512139,-0.5368746755060894,0.6030767199897478,-0.5664615455330705,0.5810367839164355,0.14487269623354967,0.02749949929743224,0.46189152987983045,-0.06446613079628716,0.35904007043821745,0.011382859851870772,0.7457387825108035,0.23403658302461863,0.46039598457869063,0.41838673139999,0.4272619525222226,-0.2735214469016443,-0.5602655411076489,0.6808380900952912,0.31237994708593314,0.07917369338190407,0.05824181415772584,0.20097598107470116,0.4597415368489289,0.5665325533101502,0.0892569467601721,0.19086458430073738,0.20402324897888202,0.515643987714684,-0.06266150779232384,-0.5802489266521335,0.21225500208263112,0.09157889586269796,0.7633873785579645,0.7445188955843732,-0.31917503523289315,0.3266529312197495,0.024362342473506163,-0.2268698618447379,0.16690495299303051,0.6042207794271757,-0.15803620670500218,0.3185900987920129,0.40265196320547175,-0.3929487335800204,0.6894657731641982,0.5509545053634827,0.6589955058930287,0.6222038507373394,0.7249599734049573,0.381386797134499,0.7709830536856009,-0.13264394083489356,0.7435436789384059,0.16306258508353,0.5966917499953475,0.42775986559692886,0.2611254369604887,0.2188240657993704,0.4600280545330313,0.26730275435378054,0.5935123391460752,0.10316683353147134,-0.27827054350098196,0.3952655726948467,0.4734135427615855,-0.35710419676012367,0.4842372521677851,0.6519691205980972,0.3762416110273414,-0.22505457196166748,0.4214652336002058,0.2516788670977852,0.4438897495868364,0.12600351562701423,0.24215938237109924
002007.SZ,0.33381483409717627,0.576658757440309,0.48286994660128674,-0.3642072916185477,0.1540745180909622,-0.27007894597511667,0.6390136360500619,-0.02183426583663949,0.0324938049887955,0.33106380120004514,0.5491080985563439,0.6499899319012099,0.29441427196598585,0.22708247926379452,1.0,-0.5665876533333684,0.4219259356722065,0.5319487635172945,0.49424975508652763,0.11881543883344992,0.45660037345411864,0.7091036199696109,0.016674775159802497,0.1855711796166276,-0.012234421891917147,0.5330522092405272,0.5538540354521815,0.2774747530152431,-0.06151603760788096,-0.40950355612517436,-0.18178445710212854,0.5066884762148977,-0.4783389181636856,-0.15829101843103396,-0.17542221278795908,0.3872475217887619,-0.35452777762373655,-0.07153097514478333,0.6527035237350742,0.20109310096528332,0.5539011109398125,0.06939179786886161,0.07057539902788748,-0.15307973817685086,0.3589580940295089,0.4820928930648885,0.2646178607779636,-0.44574192314349054,-0.038354321289484815,0.7214779311667326,0.6115947432858236,0.6433164118529747,0.01653312978027305,0.6225265233245391,-0.08659777907228633,-0.07731761125975058,-0.3132840853035918,0.5022083349406644,-0.37635564974158764,0.39764941802953424,-0.10111960012697906,-0.25652244615064085,-0.12221691754557523,-0.40473716310820457,-0.26229742333948464,0.4932937068403309,0.10696727321875645,0.16971656119083253,0.3099697875105119,0.6190965106486191,-0.1378343918769818,-0.05211382976420894,-0.22288942102436193,0.3635360927824393,-0.20770875249049944,0.3538336980843569,-0.18832689770717423,0.10304707175059175,-0.021451978620639387,0.4198915612749245,-0.4657601101540986,0.21549520718154727,0.08996207767408543,0.45741218901251707,-0.1371899474499726,0.5875399368123945,-0.0716100535992176,0.16634833114653458,-0.3988392562095793,0.4819499979051543,0.5818029567832858,0.515143230977493,0.47432793108032434,0.30639212953400347,-0.20304232058535532,-0.22298485103118482,-0.42378065122769476,-0.18032442522376732,-0.4010973634112907,-0.2646881236007658,0.5726208850988467,-0.2827974833140875
002027.SZ,-0.2692736313190649,-0.4295318379811112,-0.4001679684101176,0.5543866024800018,-0.15395825505135632,0.5266952199379817,-0.5233798207434749,0.26715534549085096,-0.06448048445746353,-0.3163396910283523,-0.5168867409486576,-0.5730509928449756,-0.22699484349201882,-0.2175797606572872,-0.5665876533333684,1.0,-0.40758536937377404,-0.5309484379344098,-0.3303205483522096,-0.019988114450139576,-0.5488542056908906,-0.4998363487428543,0.00862591594925321,-0.23738272962493556,0.003425213390844839,-0.5474568860199316,-0.5235957250326962,-0.22577788170799376,0.10140853340023286,0.5455176547281632,0.34438558456507523,-0.2742791544243685,0.6083848761984517,0.30584747263470685,0.3259727312761692,-0.44018717228405513,0.31441085697390614,0.08977218627043561,-0.54250847478215,-0.017776063922396463,-0.4710219394803065,0.0038538395167675896,0.11421118872558707,0.19491417207732428,-0.3853615714076352,-0.39966033039072957,-0.43226105040609797,0.4112197065929908,0.4356092371508867,-0.4687563586387628,-0.504544582442533,-0.4085106954000623,0.14228811839202282,-0.5972704584187986,0.0949171506427083,0.4328834242412602,0.35375635810675826,-0.5609123058965447,0.5960015753594927,-0.25097252334905,0.08870647783390129,0.5566301317875039,0.45524231204682714,0.5095128314255616,0.509887113536283,-0.4503980943142675,0.0011033272632471243,0.13510714937837476,-0.09309910082045679,-0.5563570669014565,0.46058385768821375,0.09856991660750576,0.33131805659250546,-0.45191899562414733,0.32313766716145675,-0.35765179805279357,0.36732842779485236,-0.1305458864254071,0.18928395954579116,-0.4191619661208436,0.4164510504554557,-0.08868600431363073,0.12164727397297742,-0.42424919804389916,0.29476994115901983,-0.5436413140455719,0.27249313475895937,-0.028795936444861264,0.5213039533798219,-0.2613054090563082,-0.5310940278589945,-0.49766761238442464,-0.45659875925234306,-0.3355721470752373,0.18294907531473117,0.4667803867670947,0.5959312108903733,0.40009245925691284,0.43705664436843517,0.30769058783728703,-0.5964267468149865,0.3929652770891902
002230.SZ,-0.08073427022582132,0.7428887463147108,0.674155487624362,-0.050681811494059814,-0.26153834223229416,-0.13398085531381115,0.30484466182279907,0.5031178609676955,0.09171879588615524,-0.21838114591777247,0.4415546342868694,0.3342114275174916,0.31337337015142536,-0.3972634419628501,0.4219259356722065,-0.40758536937377404,1.0,0.6633558105136985,0.15656345045711204,0.558994499517807,0.3148769516294419,0.6616696538677143,0.1382105938685471,-0.18543957804007416,-0.26709678297243594,0.6880530616529117,0.349011165201464,0.8617231618264047,-0.3874214949548826,0.015307284968610719,-0.6166668251338852,0.3786637661571935,-0.5167292804960465,-0.5129572277126792,-0.1778455786682257,0.2774925584275009,-0.25129194878400807,-0.48985833101085663,0.4610237201731533,-0.14998430897997614,0.32345983677403944,-0.12097187574683144,0.41982246469893997,0.3914038932410298,-0.002566196230479848,0.38399332491289906,0.5193497460887144,-0.33180516084986594,-0.3939260576898384,0.2427751391984715,0.09503223397145154,0.5934014756467384,-0.2210954022768957,0.4733685279171193,-0.3113667412743459,-0.17866291074069152,0.17271727713094356,0.4246110888200787,-0.5590540809222397,-0.20893384587917085,-0.6112594298874047,-0.09759220327199519,-0.5242766567305106,-0.30469845215793734,-0.2119550637608096,0.4542788439628904,-0.3882015693856868,0.14915934220715657,-0.01041004224385069,0.3649809807747449,-0.018412876680763007,-0.4779316846186617,-0.6705199144630657,-0.010857925587782187,-0.6549465814596273,-0.008187259753438467,-0.555161484345473,-0.3765584137948153,0.04231319781588988,-0.041885185563784344,-0.46948674605339985,-0.1812393447455459,-0.17141135102552044,0.4551677419864954,-0.2907776272699053,0.3298930503751066,-0.28396095933958015,-0.34025882935267093,-0.41011053755025134,0.7308106999226612,0.3073434577803556,0.26170864101507935,0.8027430541559727,0.09947595387853962,-0.5541249173736879,-0.6070075941902475,-0.350803823661852,-0.5623571154401852,-0.4627568175416359,-0.4556062269076682,0.5217621864550096,-0.35307842200897555
002241.SZ,0.09356820632612506,0.7896850670750889,0.8285644550412385,-0.5211699480860315,0.14121387708582908,-0.5243230042250958,0.616536251463253,0.32387530415254834,0.40500653231213923,0.12420188290533098,0.7348739658679855,0.5972146450490122,0.5747910467469431,-0.024389185236589724,0.5319487635172945,-0.5309484379344098,0.6633558105136985,1.0,0.4188200647391123,0.4307791068526922,0.7505840919074576,0.7234794017120012,0.31031378756816885,0.17829568777116248,-0.05000977612469854,0.8654830420313818,0.6752174873218008,0.4802810399993473,-0.12986907567569067,-0.3233237707699153,-0.5257257053134798,0.3143467586110338,-0.713155787772088,-0.6219989832734446,-0.489452757725019,0.7415768027898303,-0.3334383429966121,-0.16202358188090002,0.7547049851051001,-0.23176832484319101,0.53805101790322,0.09577159835340517,0.4204754541547027,0.2487384065794496,0.4637108302474888,0.7739156125004166,0.6479039839005559,-0.505619239915944,-0.572281126640938,0.4654768631449045,0.4087796030729534,0.8019964961190323,-0.42728936532670597,0.7553640103258328,-0.08267598882192054,-0.35498977365874745,-0.14279896161366865,0.7661166277448546,-0.7729196324757998,0.15129697047014593,-0.3373916744240182,-0.4257436348402634,-0.4860801888195619,-0.3849492463271402,-0.6029586608671181,0.7967674684719145,-0.21540671021241442,-0.050122956816467716,-0.09900332043908072,0.6866308445553247,-0.4324290110825652,-0.2240284327409395,-0.5886829826397384,0.4651832158745905,-0.5813302009120735,0.37618961939008133,-0.6482200331229514,0.018265187415481426,-0.3561693196085253,0.36627915955805107,-0.24910224439198922,-0.1434937145570628,-0.24372078442034162,0.735857914708768,-0.5664810812331736,0.6339969130327266,-0.44363786069311256,-0.2881037087879942,-0.6845190051455067,0.6238970130006395,0.5911718225745798,0.6164625746760367,0.7382563069143929,0.5375932938756154,-0.3192947008236864,-0.6606059769233427,-0.6276164812621106,-0.611282286009752,-0.6035254428938305,-0.5845379173709705,0.8672099657959015,-0.57508016701054
002304.SZ,0.34526072397832036,0.4299097139159846,0.35370554422159944,-0.5136232411995952,0.3079978541141762,-0.34552529588599484,0.6926861871262203,-0.009456645267241909,0.17735820744706532,0.43485580122148654,0.5245124621327243,0.7277946271423676,0.5194264259313814,0.38199666875833893,0.49424975508652763,-0.3303205483522096,0.15656345045711204,0.4188200647391123,1.0,-0.06009276725072024,0.4122303084957841,0.5696814888827411,-0.16336985544312707,0.5664786184439237,0.08675891501721257,0.4827616232534842,0.492587502800171,0.11839628661150198,0.04232256030976208,-0.4040318512521561,-0.0161958687464336,0.4694751548105031,-0.46339498660310524,-0.09106287774127542,0.08005635244848497,0.571109775911298,-0.5496964660577601,0.05599706309267324,0.49515842220146317,0.30123602067558336,0.4608065866612237,-0.08258963039679718,0.19751659031505917,-0.12799251899621525,0.48277449927836097,0.44485352414076823,0.15652036989098497,-0.449533917925774,0.0851924028857015,0.5180028263386416,0.6950746053922671,0.5959143552582652,-0.20294527039890187,0.5723995825864135,-0.11600659212610052,0.3040878953530335,-0.4942480724471427,0.5788496008706556,-0.3565294543903179,0.5229158161460612,0.014860043244011044,0.10517209202302324,-0.053998191744024975,-0.06659594908774931,-0.3108082886193492,0.3815544033516252,-0.04903098686334026,0.17372839305566198,0.31343189137392047,0.5768240203669751,-0.23147586867109546,-0.03086775159626216,-0.030820694691710906,0.5444218644758005,-0.008934863898291623,0.48361782180256746,-0.061357590137406805,0.20374593606117722,-0.1634511813696812,0.5008723134435613,-0.4123018908079176,0.19861752551760356,0.14744651970155304,0.5168960045178753,-0.1172718987070399,0.5186882482035561,-0.05214493870045864,0.08933625979170425,-0.25642491268955464,0.12253796328987863,0.3972824045572472,0.43597880442515263,0.37382968179768966,0.33897670809626174,-0.031983791425741405,-0.04161785421374329,-0.4013577610408276,-0.09257331892533156,-0.23051836418993307,-0.2145304463613633,0.5081145227732372,-0.32202786475272865
