,000001.SZ,000002.SZ,000069.SZ,000157.SZ,000166.SZ,000338.SZ,000568.SZ,000625.SZ,000725.SZ,000768.SZ,000776.SZ,000858.SZ,000876.SZ,000963.SZ,002007.SZ,002027.SZ,002230.SZ,002241.SZ,002304.SZ,002460.SZ,002475.SZ,002555.SZ,002594.SZ,002714.SZ,002736.SZ,300033.SZ,300059.SZ,300122.SZ,600000.SH,600011.SH,600015.SH,600016.SH,600018.SH,600019.SH,600028.SH,600029.SH,600031.SH,600036.SH,600048.SH,600050.SH,600061.SH,600085.SH,600104.SH,600111.SH,600115.SH,600196.SH,600276.SH,600362.SH,600406.SH,600436.SH,600519.SH,600570.SH,600585.SH,600588.SH,600660.SH,600741.SH,600795.SH,600837.SH,600886.SH,600887.SH,600926.SH,601006.SH,601009.SH,601021.SH,601088.SH,601155.SH,601166.SH,601169.SH,601186.SH,601211.SH,601225.SH,601229.SH,601288.SH,601318.SH,601328.SH,601336.SH,601398.SH,601601.SH,601618.SH,601628.SH,601633.SH,601668.SH,601669.SH,601688.SH,601766.SH,601788.SH,601800.SH,601818.SH,601857.SH,601877.SH,601878.SH,601881.SH,601888.SH,601901.SH,601919.SH,601939.SH,601985.SH,601988.SH,601989.SH,601998.SH,603833.SH,603993.SH
000001.SZ,1.0,-0.33757881332020007,-0.3758151817344615,0.75803471431505,0.6448024084159398,0.7146812910527701,-0.08599066205150514,0.1478654990318057,0.6365428773509764,0.16618629272993837,0.25575893288424323,-0.015487190039768395,-0.2821886241131161,-0.1996326838824296,0.5537732790101975,0.21468622042669894,0.11819624177735082,0.5540203250496525,-0.11070697461145258,-0.32147764599209283,0.6778178038849672,-0.15765180254954844,0.6423103923668626,-0.30724198875913294,0.35651171083528704,-0.12213352496018953,0.17171693621215053,-0.03049106154821653,0.7243974745984302,-0.3420370620192548,0.728619914849904,0.7232088997139053,0.42928325932886185,0.710233086533283,0.6767792123404973,0.17852109088630083,0.001839714538049153,0.8943763636657526,-0.276154369564195,0.7221517507508266,0.08849052989573203,0.4120365341366286,0.33729705023897777,-0.3978436237539647,0.1871972014283481,-0.26228921436835584,-0.2117213181233452,0.07238843451592046,0.5334248088142992,-0.2490800823572997,0.2930047074893008,-0.12233162267979951,-0.3377753989859276,-0.4078264101455353,0.4822679920867676,0.43173563725336445,-0.13907585093110333,0.032562412802835526,0.2111696199697882,0.7657592083656812,0.7291440745085751,-0.2744331063822429,0.6154851752674618,0.5574824354479623,0.22125780031055378,-0.2751461012450397,0.830374704931271,0.7668142529861441,0.048024728035227726,0.2773258315214962,-0.4757892886085246,0.6949845757500386,0.7035978773222648,0.3306932656334153,0.6723427748736134,0.7362159145515771,0.6608371289870797,0.16218219970984063,0.1922937288042268,0.4213927361833103,-0.18920094169114096,0.4385270893404165,0.5367792768424966,0.46957398818607593,0.5484378838506759,0.07934099058868999,0.041304139276406894,0.713310543127847,0.6477331766346675,0.5813849434363394,-0.1714729551964748,0.533052855974016,-0.18379660124569788,-0.16153477544241623,0.44587551181638285,0.6622553766904773,0.6122700680570893,0.696901882747739,0.30903727012009424,-0.008055997531175795,-0.1236920558906816,-0.28514461000022534
000002.SZ,-0.33757881332020007,1.0,0.8715992621760557,-0.12001653304631991,0.1270733573255495,-0.2948790020807793,0.8955915448056538,0.579389572031959,-0.3869342966510912,0.11437425530287042,0.6117580180153983,0.8531567331064873,0.7431824336466644,0.8325945290913245,-0.5115366295628072,0.2995672801340997,0.645239416991008,-0.3558115501368661,0.7907313372425845,0.8352722573310881,-0.34255002555858055,0.7768373713743184,-0.32915448371361994,0.8770380931294403,0.38216749924934984,0.6591705706634606,0.6713214374567552,0.8361753400860387,-0.5963621234983133,0.7326738593280093,-0.5813600604570334,-0.27694201514297984,-0.33485874208156324,-0.4321387321801138,-0.6622502515581034,0.6549992510810513,0.6343464122284547,-0.5144944653731558,0.9393834188285242,-0.46680923384308093,0.7089926360632869,-0.28983822436647494,-0.5396368468763593,0.8250453274479389,0.6302826246569814,0.8612098327621367,0.7949874067701425,0.7647443791728232,-0.20434358121859417,0.8143522530117945,0.14185256950545092,0.8430481370090367,0.833444491860584,0.7472463046141806,-0.7341447703832792,-0.6005571705068632,0.5222582538420153,0.7766248016927281,-0.5973750311973239,-0.37001634254990273,-0.596150290628591,0.6308462260849109,-0.39331339229280693,0.1992554675220526,0.05327393586714584,0.8997398680971967,-0.5368826258468068,-0.6177427125277902,0.425003404380992,0.5736849421119482,0.6741791756832226,-0.6353177785268301,-0.6720989330381277,0.6567199476356483,-0.6623330280285906,0.18070024062230924,-0.7704276961098597,0.6864045124498999,0.6932724012151302,0.49538567158532537,0.6742853391345126,0.4306620150912872,0.06788526290298136,0.4952041670901559,0.028669969038352866,0.7014568350909935,0.46244333904728796,-0.5830597303131114,-0.6932862734062528,-0.5914619432323781,0.646378470846577,0.28454900281217915,0.7597643179524215,0.7156175156561817,-0.7442398149809751,-0.7307892275240495,-0.6899782428148117,-0.7327961123821969,0.020556407031538302,0.37828748746257196,0.7394912205592804,0.8630405517707415
000069.SZ,-0.3758151817344615,0.8715992621760557,1.0,-0.21079729475905765,0.054287725010281423,-0.4417041881480435,0.808116992866955,0.6118588075755066,-0.2803860174776229,0.02391861921862747,0.44408118478550557,0.8023959349769475,0.7931896788254941,0.712332674396241,-0.38691314864636345,0.19875831339134545,0.6106461010535253,-0.24080006003649065,0.7287242653703467,0.709286363663165,-0.3141003825109167,0.7843886029966209,-0.3094758977947594,0.7846783729838385,0.2266442127911812,0.5044628816988446,0.5257072559047766,0.7613673600227656,-0.7188805342133056,0.7518585335650245,-0.5679895999885123,-0.3020205464794378,-0.2728724011059623,-0.32693415120400865,-0.7053262820046028,0.6487950501302701,0.5033597128250199,-0.4859267514623089,0.8031643578200703,-0.45695320387407473,0.6777122378253009,-0.3144407721949894,-0.5415369081525039,0.7086861051579055,0.6216573767928105,0.815551843295261,0.629383270417126,0.6784811695127182,-0.270287505522368,0.721726748611334,0.2861418525284569,0.7744270223628154,0.7773214389001887,0.6650334142537299,-0.7148492956319022,-0.502237481823635,0.5296739741135162,0.6826377764706443,-0.5831440923549788,-0.3583951398551036,-0.6913190892835764,0.5795777919139229,-0.49465946015649515,0.11875694814821398,0.1158470817525868,0.8220064741537295,-0.5989930648896047,-0.6302535398256547,0.39698671919835854,0.43218038345641646,0.6536843457362645,-0.59563575628792,-0.6716079363220494,0.5529234870498835,-0.6475133628178932,0.13648019485819088,-0.8187675720979665,0.5653749450378946,0.7070119802501097,0.3961236782224184,0.6989041593997234,0.32687838734460106,-0.01664718565658727,0.3773934894582888,-0.031748700864399425,0.6139446075023977,0.4534919165806015,-0.5176647501285071,-0.7269662669101699,-0.5414139974270422,0.5935474499813201,0.13133034725344037,0.8058741136529556,0.6354378865860673,-0.6831187318854504,-0.739128742091549,-0.7236925725654849,-0.749531656649156,0.09013808470138539,0.2615553086571459,0.7130531776609518,0.777510087282493
000157.SZ,0.75803471431505,-0.12001653304631991,-0.21079729475905765,1.0,0.6185208788833276,0.673733212640681,0.15302634292869113,0.22199707752978234,0.44900360992301686,0.31496689458403654,0.36463046341937755,0.2168031711549916,-0.08641654763748165,0.016951298858137325,0.22849596888465817,0.5352581267379275,0.18400842362454742,0.3415334321583035,0.059361114922422235,-0.09177695438628675,0.5384066980715815,-0.013899622809700854,0.44836634988457064,0.05556615679646767,0.40913707159520624,0.0403165354023577,0.3167709235612955,0.07317252398023238,0.5877779958389683,-0.2514302413736491,0.46820207056118957,0.6239995604113302,0.4523698058818149,0.49145771657130505,0.4814405383607579,0.24981873554609202,0.2572273032848154,0.6734387747464169,-0.028493404112257564,0.4333199267661893,0.23596434556149037,0.29661682782631266,0.1861971070461088,-0.1673648834175254,0.2564336272266557,-0.08326184949098744,-0.027907550675765853,0.32489510970085106,0.49008430638285333,-0.03460846686129645,0.21368526042325062,0.0151492841401721,-0.024548914849616108,-0.2696194404196497,0.3016720155011006,0.18540321979403454,0.026347275281372155,0.22340922275720695,0.01720313698357313,0.7308441096250015,0.5317798228159848,-0.2470885248705749,0.5164838907095844,0.6312398275742033,0.24923144610499579,0.04011725700205854,0.5911315680314182,0.4985226361712449,0.05878718880427464,0.43909534891032137,-0.27859593118556064,0.4530683618907174,0.458653219964614,0.443925783100566,0.41772990499158996,0.6040149873309429,0.40640076423124766,0.30330320990737397,0.22276744885556568,0.45213022117518276,-0.05427246414638511,0.4938288301108422,0.5566688480244956,0.4987704685723764,0.547997291203381,0.19355067372036186,0.12524792239923882,0.5255286551490048,0.4679455723765309,0.44933954184317765,-0.03957688055705272,0.5949339777252006,0.027465887150375044,-0.01357395260113912,0.27842693870938545,0.41199093393964503,0.4360198756688345,0.4322207958801912,0.12990023349024546,0.0638043693531068,0.2079281598240559,-0.008760912475750329
000166.SZ,0.6448024084159398,0.1270733573255495,0.054287725010281423,0.6185208788833276,1.0,0.5552521282928967,0.3676765580838532,0.38777269706412815,0.278534490773314,0.5463359399743271,0.7498115228170161,0.37418006222124794,0.11197017950827616,0.3372600294583004,0.11254996757014568,0.37958088149080843,0.3801943880290901,0.2492160907727946,0.3891226445891978,0.20954466445567985,0.45071969822685515,0.2869851172279019,0.3895100199187058,0.19593093930399139,0.7722929911056121,0.3996460396365415,0.6789853273531565,0.4104657715064786,0.4194438800611961,-0.039808180533177695,0.3593387895706237,0.5972578492825636,0.20032709662145728,0.3501661267933869,0.2334255660843104,0.34869408727751905,0.4556710698764445,0.4814719481965149,0.22718210838807792,0.27531245281259237,0.6242411194433843,0.24833783812515628,0.22174531448847587,0.12173850618868275,0.4639825295655327,0.217467765628815,0.26737988923134964,0.5359911869112363,0.48360187310272257,0.29394406476956436,0.17247511454020945,0.3777048290274685,0.1745114171059974,0.030573143882977008,0.045752593297167465,0.02155794033033,0.11043569120258952,0.5700319817301299,-0.23874977778341386,0.49228224928892844,0.41367876836826595,0.014092608200150562,0.41457891454832135,0.6279181726319949,0.1162491026909082,0.2553031372890209,0.5128339849929643,0.32128650487455623,0.31024410178471235,0.7902746044289956,-0.12667854901035444,0.2893021925579544,0.17591372238302375,0.6662195968215384,0.21345311407831988,0.7129508466569495,0.14860749833929646,0.5554605699771438,0.5444426578299703,0.7079741071358138,0.06854301529412264,0.660673146041249,0.6041565481851421,0.7982476233363167,0.6682663488775465,0.5269771108964373,0.33801563455142114,0.4012249258113448,0.23346734649667714,0.3436420265361164,0.3668057791745743,0.8518726906200652,0.17045719764998202,0.4004201903093822,0.07977127649468178,0.11989916255817663,0.1520305717526992,0.14574741679251257,0.4273260123941889,0.31930409559892187,0.35677147269634407,0.2487369260906215
000338.SZ,0.7146812910527701,-0.2948790020807793,-0.4417041881480435,0.673733212640681,0.5552521282928967,1.0,-0.07064212566815019,0.050660782556169036,0.2155496978192768,0.22437078759374918,0.28905374853877225,-0.12277500175641472,-0.38153315740016397,-0.06449423943878106,0.28099450870084636,0.27967959267190806,-0.11496546082448435,0.24243068140224097,-0.034037658030409756,-0.1465082314891879,0.385650311816956,-0.24612256632228183,0.4174781344922005,-0.23794035808932998,0.4596895905195683,0.08645280325133302,0.2136609893630178,-0.052664286861126175,0.8503741320415757,-0.35914450940823595,0.48639830577344245,0.5827033151956179,0.23857257388847594,0.630597403328612,0.6905316092936241,-0.12695390163151712,0.23028098723429832,0.6237752846082929,-0.15029822901455375,0.4635304643074846,0.08290175655193206,0.35682536502984846,0.2876379076208544,-0.19995965500795132,-0.057813310262885144,-0.2740169588359485,0.011622541834898558,0.14091503633007155,0.5569782600797545,-0.06395785253254627,-0.12921989038998036,-0.14793848275497334,-0.18101705139857227,-0.3078549789153206,0.39509343945181924,0.11931663041973994,-0.12489478405378561,-0.018005820836812625,0.032499359252793424,0.5316186095397505,0.6778663508393836,-0.22946205201318312,0.7339080936551228,0.47486279730874054,-0.050495152716480474,-0.14865537093833278,0.7539892667004219,0.5534896980120279,0.28242802630609176,0.3032532319704781,-0.5166159562666932,0.48255308120709567,0.540626187632958,0.2995175237997374,0.515903245410906,0.41214074810388207,0.5463403433144863,0.18760834253183878,0.08264001468643513,0.38019808857053167,-0.26457122307108577,0.5464047099934642,0.7433986750520957,0.39745751614561625,0.5473333764105001,0.04918736438892778,0.23512627780831127,0.5621362779781686,0.6277896212656803,0.3807555777296718,-0.11900828662155442,0.5924430569035232,-0.328102244513192,-0.0675035042737871,0.2738533474896293,0.49773974245840086,0.6276304354928722,0.5504499602372553,0.29986219040695955,0.26504086833353346,-0.0005368166750444834,-0.11360747829894141
000568.SZ,-0.08599066205150514,0.8955915448056538,0.808116992866955,0.15302634292869113,0.3676765580838532,-0.07064212566815019,1.0,0.7302078434866859,-0.21379508295386976,0.24628225380268173,0.7300770371400437,0.962602003155605,0.7621921532081345,0.8574789309076808,-0.38791848413039887,0.3989550435878097,0.7365574176437889,-0.17917995475434492,0.8803654802875495,0.8000998901316039,-0.13570903866580755,0.8102707930222972,-0.15953741911570932,0.8412314769781792,0.521473357807363,0.6651516067855536,0.8031376425054099,0.8580733797784971,-0.41814532495852313,0.6327148149714125,-0.41586363741522475,-0.025267951977789322,-0.1784402715945783,-0.2604263952466897,-0.5197912375337453,0.7356115850633572,0.7298091408796612,-0.28822961156062715,0.9272751895183994,-0.32094583304994545,0.8095965145647872,-0.16068883111504592,-0.4730686167083511,0.7494902590889403,0.734966127299958,0.8827529291959212,0.7681510925191434,0.8856609955398276,0.025832035769735234,0.848358921056468,0.26175070259245364,0.865847848866399,0.8865144288958634,0.6472628181533148,-0.6339693269414587,-0.5215384817890472,0.540461380110984,0.8271755305344421,-0.6263949451333349,-0.12714722970408043,-0.4390953134734985,0.5535194127422756,-0.25624870697486835,0.4381820338724722,0.12840562334828298,0.9086242415015476,-0.33420965847258294,-0.48978508919046787,0.41456899167274325,0.7137061178954857,0.5145686039787455,-0.4533847046160158,-0.5553879425359519,0.8368727918272202,-0.4824885938258046,0.400877850591877,-0.6570579533060198,0.7875803893179887,0.7700755577951592,0.6830962268036185,0.6607960298291452,0.6065122572869472,0.2599183728070564,0.6869273020239975,0.2535170756372189,0.7632780564017683,0.446955062866435,-0.373808001589721,-0.5538815050408766,-0.3718516081340601,0.6254007961338959,0.4735077961191277,0.8091529171744275,0.7270376749411215,-0.6087904682698447,-0.6216144223460555,-0.5578323206921331,-0.6182926873198109,0.12831025741539,0.4122501096414761,0.8442458077709912,0.8630510441450334
000625.SZ,0.1478654990318057,0.579389572031959,0.6118588075755066,0.22199707752978234,0.38777269706412815,0.050660782556169036,0.7302078434866859,1.0,0.07598646154705997,0.08954298853900239,0.4529688207057301,0.7722302786719858,0.7639515386271493,0.56456160421841,0.027301144411718433,0.2830514189876785,0.587752552100385,0.15105408835472042,0.625700449986056,0.5006551841990258,0.06461444155210677,0.6917009345021806,0.01721583607919642,0.6354661636735901,0.3798451838502504,0.3377278485338599,0.4987397681123888,0.6488063478379836,-0.27700649412421724,0.473724342109336,-0.32172876830384123,0.09379660367813929,0.1226877030530169,-0.07142282905068323,-0.3429340354480425,0.706355739816186,0.40773339931208746,-0.05344089619491987,0.5841021622185926,-0.04732293777563438,0.6609836526939435,0.06155941833289091,-0.47766905098383244,0.4302043409765197,0.6612516358620628,0.7024241841760303,0.36942302489746504,0.6474686395187325,0.03927686329907784,0.5871677194924915,0.3733614310592293,0.6531149873426033,0.5826382406752793,0.41594628337578654,-0.3662520336429944,-0.2603325901755607,0.32937905418183927,0.6782810717254725,-0.49844858878335896,0.12837077957172122,-0.34369044962028233,0.36592890095071207,-0.22325198490856524,0.40830351763542744,0.07233929195961003,0.6247382258312408,-0.1682431656778504,-0.2584441094144129,0.22795763108199749,0.5550426946215286,0.2964705194725195,-0.2739771824561179,-0.3434197460350319,0.622461066556442,-0.27032309217479217,0.47143008415001336,-0.42361466192666625,0.4677555676993151,0.6491384439333795,0.5200721897060111,0.5727746855898104,0.4394570017593246,0.3214293259257516,0.5839437344883626,0.17139076157373223,0.5495642686627515,0.29483428905026543,-0.22318534288649575,-0.343037708736799,-0.08129187317546634,0.41703431121464124,0.3628041952416394,0.7677660045574496,0.5036940212527237,-0.3917934908423491,-0.34683857216444386,-0.34688901697760977,-0.3609712223117751,0.17094784389198514,0.12059764608502706,0.6838991871133272,0.5498677345592913
000725.SZ,0.6365428773509764,-0.3869342966510912,-0.2803860174776229,0.44900360992301686,0.278534490773314,0.2155496978192768,-0.21379508295386976,0.07598646154705997,1.0,0.15155896235117425,-0.1004928741244908,-0.0735321885083917,-0.12068026873550593,-0.4121392135425084,0.5667527387088824,-0.04210444939341213,-0.00015402046723043497,0.7143012933921083,-0.17504462876849783,-0.49424663162557314,0.6992321133302007,-0.13999897832196456,0.5094091074261012,-0.3017593161094431,0.06116849934480014,-0.4576398091902884,-0.14710207365868525,-0.28710133236341695,0.3729692974944381,-0.4109400221916592,0.5623358659346079,0.5288845466533124,0.48192862209579274,0.4154036488745177,0.40041915196981964,0.1025435448579735,-0.26899555464304753,0.6725184284706288,-0.36675934272417327,0.5366678643929407,-0.11929607987440859,0.5199777110151137,0.3854494293961351,-0.48284776333014506,0.017027146383853897,-0.22474450787850916,-0.44591232825392035,-0.12906410154802117,0.42912544894618104,-0.3125357321505878,0.41598416303129077,-0.30208889503872194,-0.41730947744440194,-0.36047218253042157,0.6002746264956568,0.6470344110304584,-0.3478857245159077,-0.1989805932994165,0.23288167866693696,0.6852076415234012,0.48172060010252477,-0.4271191803522425,0.24478214260010098,0.17986115707404982,0.2147429250114755,-0.3731824530647057,0.574552551398456,0.5563952389372987,-0.29510833878538206,-0.06831134433131217,-0.34543402366806836,0.6588049773906209,0.528373302771353,-0.042387563940057195,0.5902032385103805,0.35995724074941027,0.5156637539151075,-0.16592607125670183,-0.022526923449783604,-0.019184406485855333,-0.11177184441567066,0.045855800548322945,0.08462974088747828,0.048684958922440236,0.20390738281943913,-0.2772561249023053,-0.24068485106446844,0.6072719071454405,0.3730412781417735,0.6944286066562125,-0.3126304158038221,0.0021545298041189174,-0.08230891832121408,-0.3589620948772649,0.5679212753404147,0.5355603301652117,0.36841120247223397,0.5310774914974413,0.24206112827069667,-0.3768080693268015,-0.2650059032946204,-0.39513184981660526
000768.SZ,0.16618629272993837,0.11437425530287042,0.02391861921862747,0.31496689458403654,0.5463359399743271,0.22437078759374918,0.24628225380268173,0.08954298853900239,0.15155896235117425,1.0,0.523194830631834,0.24415606730492231,0.14768363454199615,0.16822844879383844,-0.32392860643395177,0.07724959458577714,0.09007147606237938,-0.005823462612222896,0.35820441446771834,0.1423719132046004,0.15293630213275303,0.1482459428472726,-0.07820433134649124,0.16852766097737903,0.5627694573210323,0.15629896186137807,0.4374091524355966,0.1895272489507582,0.22003752321260373,-0.11254979600984323,0.16589653051388606,0.4865762426485496,0.17493962085103446,-0.08342463871885429,0.007255187019199,0.12075276516718936,0.42191502307321516,0.10142739410229369,0.19796796657906393,-0.08076366111621043,0.36723271009653424,-0.01906126531750989,0.31800043527045196,0.1309120816695256,0.258019189929465,0.1486764278177885,0.17708618867123407,0.3607188836183419,0.19617025190627166,0.18272974414085555,-0.007803784845430951,0.19562707272362204,0.19632386522999676,-0.06289397028217213,-0.0049342603860217755,-0.08774439501416396,-0.0011816913525241428,0.2897702528896778,-0.21114989100188683,0.26038197774956634,0.25493939938143284,-0.036012181807524524,0.20320820151683608,0.46182290887183614,0.19409051900163646,0.21179762713864891,0.2263961938238277,0.07537343751167276,-0.011327284875712584,0.5155512084820392,0.007171741831949979,0.12264602612200677,-0.00882442349536943,0.32912263852546736,-0.031221789404721798,0.2674667386301221,0.025403987029276594,0.4238616539277431,0.2131420139887946,0.3542973355930122,-0.10378218286910036,0.3338318145585677,0.08973667492034236,0.29395574947776076,0.33119225695238025,0.257122959147609,0.04626798096706847,0.3163391378558432,0.023134530324879166,0.38264813370622036,0.29958676328471096,0.36353665845127825,0.11388103511625162,0.28540411917213016,0.09345204911068573,-0.11533446973713925,-0.03372117625718466,0.007333560722325143,0.10477138900879013,0.24243123406440736,0.2762479647443656,0.16788836317405734
000776.SZ,0.25575893288424323,0.6117580180153983,0.44408118478550557,0.36463046341937755,0.7498115228170161,0.28905374853877225,0.7300770371400437,0.4529688207057301,-0.1004928741244908,0.523194830631834,1.0,0.6787782722604199,0.3629415599330586,0.7535289671310544,-0.3615728938903844,0.44775995859177575,0.6365951837049991,-0.1749089021753091,0.7158439934985301,0.6936577365098372,0.0724531635266726,0.6050366109556006,0.07544298524776641,0.5542931441502523,0.8506099141637932,0.779157258315122,0.9470261961809191,0.7830071043075306,0.014271814010243094,0.27944654314807404,0.010012379667098281,0.31042337806654013,-0.16721213656479642,0.005211887037428625,-0.1288883630672513,0.5321907292223956,0.7793218568059527,0.02740437555110083,0.6850850497727955,-0.06676894676874315,0.8365600800464176,-0.051663603516816335,-0.08974933623127425,0.6415408223544848,0.6376423088323516,0.5715595890848181,0.7111665596749454,0.8067461307192856,0.2714291593932721,0.6963285967691392,0.10375716274353071,0.7690051361504269,0.5925980356827828,0.4321975412626295,-0.41378531471316515,-0.3659457092633436,0.31394641710423293,0.8352240160685893,-0.4658643253508435,0.08930987151994862,0.03365102167588618,0.3235727619152236,0.1683988115605611,0.5888983642360731,0.12894871300495078,0.6927725865077944,0.10327383991378015,-0.1176322748076341,0.5516770833275721,0.9399981522917354,0.24274928628151882,-0.11936609601835724,-0.2680647439582904,0.8673095135403414,-0.21023854363628358,0.6067097888599461,-0.3427969152796117,0.8655962128742168,0.7418508848081747,0.8511462447130972,0.4171276495608371,0.7774922423314115,0.4779106612766888,0.8593554010742306,0.5399299054441408,0.8284568606357975,0.5610228574805812,-0.0072934822326936695,-0.1424811517777747,-0.1202681291837866,0.6908402733240294,0.8335268056965748,0.4259426895904486,0.7702581882349059,-0.3784119231604395,-0.3552313234937641,-0.25774677412406194,-0.309402521263285,0.2934035325933229,0.5739042167486869,0.5959280491430644,0.6451342858976891
000858.SZ,-0.015487190039768395,0.8531567331064873,0.8023959349769475,0.2168031711549916,0.37418006222124794,-0.12277500175641472,0.962602003155605,0.7722302786719858,-0.0735321885083917,0.24415606730492231,0.6787782722604199,1.0,0.8176500026245216,0.7816813649858303,-0.29190205181436707,0.37874548777274714,0.7303162505001858,-0.06750266326821903,0.8288392661291296,0.717629610679413,-0.04957866092064839,0.7970597613016767,-0.08314761519767518,0.8333837275501258,0.4572581707094147,0.5466268312699012,0.7292968675958326,0.8187432821050082,-0.4386956751084426,0.6248210204046903,-0.3747048792405412,0.005701990689061132,-0.06506611939684782,-0.23569037656798586,-0.4908287970242254,0.7919773886567665,0.6632856903119961,-0.21192873390747147,0.8594932027789608,-0.24965152289640968,0.7953331003407103,-0.13531309301878314,-0.47206023018325244,0.6714982421310979,0.7763801620640631,0.8661685705980418,0.6482156205948849,0.8553357510379346,0.008310804283976478,0.7751223986623602,0.4207435801624364,0.8228342935905318,0.8319385787114212,0.5778184355854917,-0.5627178405999896,-0.4035771807730288,0.5596491294887168,0.8315584403910269,-0.5340414674802548,-0.009015445608928177,-0.43929789989856466,0.5237781781820474,-0.2990799637996757,0.43574277350334584,0.25176028059357564,0.8563235680054334,-0.3156005961577183,-0.42412977354603004,0.30759085143371695,0.6944244044528594,0.5570530305617608,-0.41711263375694685,-0.4964990634758874,0.803706851387502,-0.4598388292756929,0.4462423704121048,-0.5981567151823272,0.7434767261706071,0.770382280098565,0.6390484802704351,0.7034684296702957,0.5408990660687385,0.19213912307577094,0.6689740584564979,0.22500948753449065,0.7166660657389774,0.38202320958727004,-0.3424671842779663,-0.5189626833864077,-0.2666647156633972,0.6180452206844173,0.4212725149405138,0.8709083919576663,0.6819871278362343,-0.5341567339079267,-0.5525547563376223,-0.5278129994154704,-0.5528754515776201,0.12205838263177275,0.2701251650039702,0.8259477470434481,0.794719451230744
000876.SZ,-0.2821886241131161,0.7431824336466644,0.7931896788254941,-0.08641654763748165,0.11197017950827616,-0.38153315740016397,0.7621921532081345,0.7639515386271493,-0.12068026873550593,0.14768363454199615,0.3629415599330586,0.8176500026245216,1.0,0.5801463058820574,-0.29390304768736325,0.07484784461343627,0.47985678980831015,-0.07267000588954568,0.6520644890728314,0.5850933389476762,-0.20761143687870834,0.725030515514343,-0.3222146861492055,0.8056606871276966,0.15106115695355143,0.2796216782953691,0.3958365946606313,0.5986223313459319,-0.573029816599689,0.5970859578420592,-0.5293634182947399,-0.11382619554505373,0.09962848920884386,-0.42609846002499646,-0.5976746925606082,0.6314711529826428,0.4394984935875117,-0.3971370758162181,0.6808739041189069,-0.39572942123241095,0.6230125562506105,-0.21148981013756987,-0.4574165546484578,0.5680966376095774,0.5956854652404328,0.7773804469700956,0.39834262996184894,0.6618514367245845,-0.30918456400407845,0.625021941172406,0.3221930345310284,0.6464984301264461,0.7070748352426449,0.49264502753650846,-0.5177276457852156,-0.408675473132166,0.5059875730794795,0.6181735468758006,-0.45792416133807373,-0.14694533148539277,-0.6282541716239136,0.5100388150585284,-0.4920593745860957,0.1962539705623104,0.25435967511609264,0.7406673138423484,-0.5019313528075412,-0.5240689775577995,0.050803540910607424,0.4274403525237935,0.6150142907853821,-0.5151124636449995,-0.5726011879062229,0.4629758477811337,-0.5456612182530619,0.12593516121361928,-0.665937595882203,0.4501219956250691,0.5521452706905176,0.2638256196836552,0.5767578019405329,0.18322652123902558,-0.06406177149443344,0.28754954766176394,-0.09807202422285861,0.45288495914942195,0.14408289417051873,-0.43414833169156825,-0.6116559253232822,-0.24032091536971426,0.5634160884733519,0.033909414673534276,0.9293023170318239,0.5589690612932671,-0.4779704049347753,-0.5923335824637058,-0.6215759192466763,-0.6306215090909807,-0.08416170310278576,0.08942473505849402,0.7343515054025641,0.6935167480016102
000963.SZ,-0.1996326838824296,0.8325945290913245,0.712332674396241,0.016951298858137325,0.3372600294583004,-0.06449423943878106,0.8574789309076808,0.56456160421841,-0.4121392135425084,0.16822844879383844,0.7535289671310544,0.7816813649858303,0.5801463058820574,1.0,-0.4478624552602322,0.42524198261075047,0.675816407357016,-0.3575414973105923,0.7999005428576117,0.9198214249342039,-0.23308175036511916,0.7813908540014114,-0.143119696735841,0.7713236618601192,0.571179422866547,0.8897058628104576,0.8274751710195596,0.8833521053759625,-0.4181084067718271,0.5452600754642863,-0.3920091247921218,-0.15691125175658466,-0.4092373332314672,-0.2593044226051733,-0.4741112564427942,0.5225757649379991,0.7606159708596834,-0.4072756180676314,0.8749133622012492,-0.3576569126539426,0.8244313936673467,-0.17385046716667765,-0.4596057170573095,0.8791191530990045,0.561329185944519,0.7890164256313493,0.9012459690296245,0.7867438090218885,0.08473252843169565,0.9028233249351002,0.039289743456009975,0.8890330787712658,0.8278451477392489,0.7684957637079473,-0.6846060192984701,-0.5874389366484875,0.44170700216996245,0.8331368030733483,-0.5524509725445726,-0.2970510363029981,-0.39584754399395816,0.47665985007487577,-0.18884413046581117,0.3180208155161668,-0.05560489773228595,0.8743573443262372,-0.3484126754698212,-0.5519783345725217,0.6212340025983446,0.7363982586731722,0.4210417271831896,-0.507900525041993,-0.6315434970988144,0.7461730523664131,-0.5323893644823902,0.25578978790221224,-0.7136915909156657,0.7571282750948111,0.7331354972706904,0.6660781616595989,0.6698949762857923,0.5743915977563457,0.3010949417638061,0.6930260184801691,0.2252775029594266,0.8266731809754776,0.6119620495416372,-0.4344661965159599,-0.493115782920362,-0.4742849898942681,0.699728076460509,0.5613786094545712,0.6071499558841366,0.8298281535113633,-0.7003488330295039,-0.6447633272377044,-0.5400754323156404,-0.6869847070642207,0.1571986116417236,0.553073308880995,0.7032585255037404,0.8192228230307927
002007.SZ,0.5537732790101975,-0.5115366295628072,-0.38691314864636345,0.22849596888465817,0.11254996757014568,0.28099450870084636,-0.38791848413039887,0.027301144411718433,0.5667527387088824,-0.32392860643395177,-0.3615728938903844,-0.29190205181436707,-0.29390304768736325,-0.4478624552602322,1.0,-0.05469177927064886,-0.10649207149144801,0.739008245418021,-0.3400738642597975,-0.519262909347128,0.5444751032844396,-0.30063628579391716,0.5198758652396042,-0.4408341811032164,-0.1934422253589312,-0.4501747485694853,-0.36649464232122614,-0.34781641286867315,0.38525217062737244,-0.2575059129030342,0.34430464956759677,0.19393828832345253,0.21993308250552143,0.5215365666079869,0.43972501460995644,-0.12070395587180338,-0.4056637649666128,0.589455052049275,-0.5016735415547925,0.6140734876936128,-0.26540579542183207,0.6438627433181668,0.09052109543997915,-0.5645071337014234,-0.2124375457700389,-0.4354021506983094,-0.49725042877032055,-0.35226123673487786,0.32375723535707296,-0.4281148710885431,0.21214214761586092,-0.4058606418587111,-0.5487546087158709,-0.2803824878961729,0.5815871867412524,0.5167282471049808,-0.2767692369473242,-0.3469647018666353,0.2676092315588812,0.42436824598813194,0.3674501562336288,-0.3631439850373679,0.20119614451961917,0.00718703508545798,-0.06689472349496549,-0.5298259469070141,0.4900594010261126,0.5055880176136696,-0.1162091283887106,-0.26139159507546306,-0.47664084189879036,0.44261827944245885,0.5592205729282813,-0.2005244644763845,0.5313456091756557,0.20450363194068202,0.5590771722867031,-0.38002637073612955,-0.09312934443205166,-0.14905184030859142,-0.227122368671305,-0.06879614042781641,0.19242862535587316,-0.032614414597484966,0.06365289009463378,-0.34241602382580516,-0.11886216808651667,0.3675268785105789,0.39563784597696955,0.3998698952495052,-0.4780924270927858,-0.036427390810352116,-0.26139021661149076,-0.474097598129327,0.4055558469040865,0.5524638468413218,0.4066672884722164,0.5500438643780677,0.19531365246935972,-0.42038669296069564,-0.41765337134977204,-0.48927644911975005
002027.SZ,0.21468622042669894,0.2995672801340997,0.19875831339134545,0.5352581267379275,0.37958088149080843,0.27967959267190806,0.3989550435878097,0.2830514189876785,-0.04210444939341213,0.07724959458577714,0.44775995859177575,0.37874548777274714,0.07484784461343627,0.42524198261075047,-0.05469177927064886,1.0,0.31793430607562734,-0.10732542631241133,0.36971740119591495,0.36076778867431614,0.06730107645910421,0.23839977301933912,0.22226946045324794,0.3955649714898,0.4442520886195424,0.4893713051120771,0.4604681411138276,0.35204622564882765,0.11784484016660852,0.10752183762486245,0.018121560481089535,0.1750811613446868,-0.019728351596623117,0.11885365099513757,0.03272050966920025,0.15601090757199543,0.3615541536350963,0.12385761085367918,0.38309363209604247,0.02218414861521938,0.39559410905458975,0.05871571386440257,-0.10363782540229832,0.2745302793854621,0.17256145272535617,0.25260418065848406,0.4091544282720448,0.4071500847565758,0.3187049128665504,0.42703579413707704,0.08247829139388406,0.37172227239608885,0.3514355448169358,0.25226532084196807,-0.18548824686889817,-0.20690686954600668,0.11288626401784085,0.4974665298498391,-0.2718850065800073,0.22822229239513947,0.12439295848615652,0.06070319102491952,0.29150704980782677,0.29872649792990624,-0.07402491507581761,0.43975387399761884,0.10686343044628978,0.02853577375010739,0.4565733686771995,0.5342334490993416,0.016852119184290085,0.00978228190641404,-0.05002334922331364,0.5145812514466539,0.04177182922878054,0.31686780921705276,-0.11360614169354459,0.4389504217998845,0.3209613525828978,0.48364059835630907,0.30432478596115403,0.4772804488943366,0.4766050241851145,0.5493766998775466,0.43607016360342965,0.3599554698787926,0.47424582598515225,0.04845162682707621,0.0020122361081554205,-0.03997148591890281,0.20436420723057727,0.5595179271102168,0.2380957122638023,0.2765656456384617,-0.15509535645866054,-0.029408141637760715,-0.05209999859781741,-0.05977999171982584,0.04688145652674607,0.3740595129430035,0.3569753682145489,0.374936493035756
002230.SZ,0.11819624177735082,0.645239416991008,0.6106461010535253,0.18400842362454742,0.3801943880290901,-0.11496546082448435,0.7365574176437889,0.587752552100385,-0.00015402046723043497,0.09007147606237938,0.6365951837049991,0.7303162505001858,0.47985678980831015,0.675816407357016,-0.10649207149144801,0.31793430607562734,1.0,0.10782814591222356,0.6427631286345864,0.5758894230163667,0.14365126994784563,0.7961325282741876,0.010967789932932912,0.5232152634465022,0.447511168610147,0.5949380056309889,0.7376796253693255,0.7990205660704085,-0.3816421261154541,0.4277029642755734,-0.21165525720209596,-0.07592282451988434,-0.3698383296189447,-0.09928210664328235,-0.4184891411553198,0.8062874450620612,0.5126475800006539,-0.09447593849419471,0.6253982253809782,-0.038523556381873894,0.6857591635457672,0.0570026233258935,-0.47455938309075,0.5822248527673266,0.7533681972601817,0.6387638871524173,0.5379558638884874,0.6423651321850857,0.10131585523225269,0.5816620944557022,0.23295578545348491,0.8193050004823591,0.5314981942197632,0.6536267168848858,-0.49024725792030927,-0.28791600632228864,0.23988533794343195,0.7276852741158071,-0.5483661238747658,-0.113215535876197,-0.34576897551024705,0.2801128223251121,-0.3442319827978655,0.4610635053257372,0.12902981840552138,0.6055821621975709,-0.20840294526702072,-0.3236453997507444,0.31528542894640815,0.5748233828747078,0.34572610063954884,-0.268082639080479,-0.4220821730457776,0.698625350836661,-0.34993535308617507,0.5998111174163138,-0.5289726301319321,0.6269348522869279,0.6931315470567262,0.6532887933504136,0.5410307067140968,0.5105918565271116,0.14667150081242433,0.6777515824854254,0.24485431169957864,0.8279826920873482,0.3172731914033769,-0.30139266581055496,-0.38852641215163736,-0.3768058352671535,0.4185536382442661,0.5067306409105485,0.5129999251028542,0.6493010592286979,-0.6027950413404982,-0.45724791900634515,-0.47062627535256535,-0.49428197731129125,0.17447079277444055,0.29940687221610895,0.5193590798336913,0.5661241729889765
002241.SZ,0.5540203250496525,-0.3558115501368661,-0.24080006003649065,0.3415334321583035,0.2492160907727946,0.24243068140224097,-0.17917995475434492,0.15105408835472042,0.7143012933921083,-0.005823462612222896,-0.1749089021753091,-0.06750266326821903,-0.07267000588954568,-0.3575414973105923,0.739008245418021,-0.10732542631241133,0.10782814591222356,1.0,-0.15869390468290787,-0.48265869305065173,0.8026155425414397,-0.09754842951955778,0.352314914427256,-0.24996647577355602,-0.08158286441974368,-0.4035946822506138,-0.17833964337629962,-0.21422975065428265,0.32983388516367734,-0.3338813329633132,0.29954156788138503,0.21717980549253801,0.27902801328318994,0.33162933479873397,0.24714094089090646,0.12084731617879568,-0.24451648695034778,0.5247975485912614,-0.3389324109581571,0.44944447961159323,-0.10322640078940337,0.6785883800134606,0.06306028045966092,-0.4806762437088608,0.022372900456033695,-0.21161996455429033,-0.4542823901664716,-0.08505160157989324,0.2913944539093303,-0.3295112947224974,0.19791951971693025,-0.24167171362314885,-0.3958194889467368,-0.1918209982341844,0.5378986402643788,0.4535302135021502,-0.35857092925842715,-0.19475305116986796,0.028878391048627872,0.4948545347822358,0.2745415904420393,-0.4286501126644809,0.07396299936657302,0.2549257565054151,0.041349873592384206,-0.34620734384791635,0.43601023365342356,0.42722047132306673,-0.3153571765085092,-0.11311629628921976,-0.3769984834184023,0.40399425094670666,0.4538749816737591,-0.07010149398965027,0.41894232657810343,0.3169269602401793,0.45906054305945165,-0.2348488950055939,-0.03539962038324011,-0.03379592477271102,-0.2306632126350431,-0.04262715035399182,0.027547391501753882,0.04777539159679911,0.01647364539828319,-0.19510663733442365,-0.2984087012281262,0.32696066649839683,0.2670295014553819,0.47367947318930376,-0.39885730797774593,0.038698880984161806,-0.04869286357801875,-0.33918599653791065,0.3047763524664032,0.4476992025301015,0.21165934584089172,0.4517804828949929,0.09035071135333467,-0.47487006650527913,-0.1982976786171806,-0.336549855642229
002304.SZ,-0.11070697461145258,0.7907313372425845,0.7287242653703467,0.059361114922422235,0.3891226445891978,-0.034037658030409756,0.8803654802875495,0.625700449986056,-0.17504462876849783,0.35820441446771834,0.7158439934985301,0.8288392661291296,0.6520644890728314,0.7999005428576117,-0.3400738642597975,0.36971740119591495,0.6427631286345864,-0.15869390468290787,1.0,0.7723237289847487,-0.12004514150958916,0.7418845648312251,-0.07660909782777926,0.736325567014918,0.5401916152706551,0.6889753251513113,0.8104876634673674,0.7965838631289518,-0.352035107412991,0.5134602049374178,-0.3474866836462896,0.031009640530731648,-0.24332035849858938,-0.18931101928290503,-0.448230795032456,0.5085856723876089,0.7546847317225361,-0.2366489351219685,0.8578031062688849,-0.3334886192017033,0.7995514648671694,-0.06563523240401063,-0.3306919249953184,0.7523213637269053,0.554508190645396,0.8073268114253801,0.7986429521116641,0.8125504095968603,0.18546221026534435,0.8658897011784354,0.2564756678297824,0.8387514790200986,0.7529119021442522,0.6672401862786863,-0.5305358060026688,-0.4783611522514633,0.3437527584835059,0.7479845744962129,-0.6569682132458788,-0.06983183088324607,-0.36964562546289464,0.42498347794486163,-0.20322994425800064,0.3258800249167059,0.02986036607526509,0.8554704904071638,-0.18970194519890973,-0.4611591755185342,0.5011397372666477,0.704437654324809,0.41457094299142766,-0.3423517281365236,-0.56489356982952,0.7702033793736662,-0.3804516241920927,0.32640670858300563,-0.635827133002499,0.7664661620314851,0.7333957688960492,0.6644094553743116,0.6500052672322587,0.6437231337612687,0.2779000389772098,0.644634197071304,0.388481837884704,0.6840837498864404,0.49493458252701744,-0.3003235796628441,-0.515602984010452,-0.29083012535556735,0.5904582021130172,0.49610287232958133,0.6739356770316892,0.6799895860204987,-0.5440625545186114,-0.61707891610316,-0.5248872032325144,-0.5922891616061469,0.30449075933775344,0.47075601187605515,0.7477106281156741,0.8400554285468979
